277 45
199 104
252 45
202 1
246 235
254 228
245 196
107 76
98 167
217 36
54 47
215 88
2 130
16 18
170 272
112 4
96 143
207 96
234 190
28 40
19 74
297 191
94 236
242 37
229 124
246 272
118 157
245 200
141 114
134 198
214 131
13 176
164 270
17 120
173 13
217 4
161 198
160 45
195 119
32 46
71 20
278 166
64 3
154 162
264 45
87 158
13 3
130 87
227 3
131 8
150 114
255 178
13 165
125 123
202 13
133 45
63 49
76 7
2 8
72 84
210 7
109 7
70 38
112 191
103 138
58 62
60 16
77 36
13 169
117 142
233 190
150 87
223 73
143 109
4 156
13 4
55 12
4 162
59 21
227 196
17 2
13 85
28 34
64 42
240 217
227 85
69 21
260 138
204 102
118 164
232 45
112 85
62 47
143 174
173 97
110 112
227 167
126 161
118 162
200 186
102 87
119 153
258 119
254 250
246 276
117 104
291 45
4 169
15 76
143 182
3 185
61 15
32 30
210 65
69 80
219 218
64 95
126 254
227 5
172 214
215 219
96 241
112 202
87 13
258 173
123 122
130 2
101 20
19 76
239 143
127 11
120 126
108 109
124 9
14 7
240 13
102 23
91 48
240 130
102 85
49 7
3 166
247 45
247 278
225 191
3 68
126 152
231 152
71 60
101 103
138 131
106 112
123 109
123 140
289 45
48 215
202 3
173 169
5 173
194 9
19 5
168 45
94 26
133 85
276 163
120 173
209 141
231 155
172 138
173 221
106 100
120 205
130 115
108 8
203 99
105 223
219 172
116 123
192 118
5 174
118 152
138 7
134 220
208 5
72 77
100 5
259 126
203 192
18 42
143 164
1 4
78 35
285 278
189 280
8 60
230 138
64 60
144 123
173 202
198 238
281 45
165 274
264 234
118 171
167 222
72 94
150 146
229 167
87 188
242 13
120 91
13 152
54 15
151 148
205 5
123 107
33 44
126 91
68 107
66 21
98 228
7 44
183 276
96 173
260 168
64 94
39 34
114 103
89 191
219 74
71 23
3 126
35 45
119 180
133 15
