178 177
1 4
125 139
16 19
21 210
207 68
206 112
17 2
138 4
108 7
17 117
260 168
215 219
188 5
118 171
130 138
13 163
159 164
124 202
70 88
132 133
61 15
285 143
214 218
5 197
116 115
227 203
120 126
280 277
2 132
219 133
94 4
116 2
104 12
106 111
32 5
285 250
112 7
87 191
205 208
245 196
229 227
72 57
150 124
19 77
124 9
227 118
121 86
204 202
10 109
77 75
138 113
138 233
88 110
251 45
118 126
51 4
212 133
76 14
117 133
43 46
138 90
116 11
49 45
178 222
87 157
195 13
96 126
101 104
214 73
31 65
50 45
42 44
278 250
51 47
170 277
209 11
214 138
92 78
213 74
124 201
233 220
109 115
277 45
219 218
258 173
35 7
151 143
276 270
192 239
150 87
3 170
227 167
3 185
71 60
205 226
2 75
21 211
102 115
103 60
200 85
96 208
13 182
131 211
7 76
185 257
93 49
199 118
150 114
104 14
214 85
47 80
227 85
121 115
138 193
169 270
254 228
99 192
199 200
120 91
216 217
28 38
236 212
225 85
205 3
1 8
1 2
170 273
60 20
118 161
60 67
20 21
193 270
91 76
17 120
119 182
142 114
262 173
167 98
159 45
41 42
235 45
57 41
60 72
96 120
168 228
4 126
206 203
104 7
63 20
4 187
146 188
142 150
76 210
170 271
196 219
181 234
69 80
28 37
1 9
208 96
199 111
260 185
103 90
233 232
146 201
227 126
4 179
185 119
179 201
211 49
125 11
279 98
173 268
130 85
200 186
225 138
129 116
144 110
205 232
196 167
42 47
43 138
85 188
209 136
273 272
60 69
219 146
122 116
28 31
92 44
72 15
115 3
71 65
137 11
227 5
203 134
208 173
136 11
133 73
205 220
179 220
172 247
206 85
237 78
279 269
173 267
119 174
266 45
282 45
219 131
63 64
11 125
254 153
33 22
19 52
77 15
192 158
84 22
67 60
131 49
188 45
149 40
151 147
96 173
182 183
208 87
112 173
43 87
186 173
149 201
221 119
110 106
151 192
109 7
13 156
71 20
134 220
28 33
53 85
21 3
143 118
73 19
87 159
98 228
51 49
5 181
186 43
226 192
134 197
94 66
165 274
110 3
43 85
66 9
119 161
239 201
99 126
150 146
131 45
103 115
207 97
246 284
65 45
256 258
112 85
180 45
294 45
166 167
52 45
163 45
3 161
21 76
238 179
128 2
114 216
92 30
16 18
94 48
139 11
85 164
177 228
5 196
11 103
99 119
103 136
84 85
220 160
7 51
16 17
118 187
27 45
114 102
72 21
138 100
117 101
164 272
121 103
92 79
232 45
43 174
22 86
219 86
4 155
140 206
137 116
149 220
138 202
143 164
116 125
200 203
151 200
133 211
8 60
212 13
17 118
49 48
217 16
31 53
173 118
227 173
17 74
259 13
169 157
22 74
30 31
70 49
190 156
3 182
169 232
171 257
173 119
3 153
229 146
231 155
61 8
137 125
138 254
138 178
245 200
64 3
83 74
143 239
173 170
20 81
284 203
203 124
66 85
275 45
143 45
205 173
139 114
207 96
119 175
3 87
103 101
279 272
236 78
102 3
74 7
60 34
143 88
240 217
13 167
81 191
20 18
204 188
14 210
257 13
4 162
170 272
227 191
88 45
202 118
32 46
226 3
118 158
262 118
112 188
78 7
35 113
192 103
94 72
75 7
143 158
16 27
9 6
173 43
249 126
89 191
38 191
71 6
143 109
62 34
126 169
13 172
179 180
277 165
119 3
118 164
248 13
13 85
55 50
234 45
173 87
76 74
151 203
139 123
260 259
142 2
143 192
277 272
236 86
84 86
204 191
172 214
140 111
70 67
212 211
211 45
43 186
285 276
173 80
208 227
117 14
106 112
32 50
99 207
62 61
3 13
60 100
234 232
37 94
138 13
237 75
15 5
43 30
85 181
126 118
15 76
20 23
106 100
24 45
287 45
227 230
207 85
68 225
170 270
15 119
137 139
252 45
7 75
172 126
21 74
59 24
240 13
100 7
225 5
126 266
187 191
43 18
205 87
134 198
144 139
196 251
59 46
242 17
80 191
30 34
123 109
112 10
63 60
16 26
25 45
221 257
6 9
248 249
219 76
196 60
20 71
169 235
17 99
180 198
13 169
119 152
88 53
6 4
74 45
1 10
135 100
120 85
149 123
71 52
107 76
196 191
16 5
72 84
158 45
192 118
3 184
75 45
133 78
210 24
68 5
223 73
221 178
87 153
14 44
19 76
138 213
143 165
230 227
96 241
259 178
101 105
188 220
254 274
178 254
114 125
15 13
108 192
200 87
173 97
30 51
197 201
112 106
124 105
143 96
8 7
205 246
7 95
197 179
202 7
268 45
135 8
51 24
55 56
227 119
118 174
10 237
88 118
130 68
239 234
57 45
188 175
241 59
120 175
256 3
67 68
267 277
278 269
32 28
102 99
18 24
78 75
55 41
88 120
193 158
72 41
122 3
73 115
110 87
146 40
257 253
207 126
85 152
285 272
49 24
1 7
119 160
233 235
5 152
229 138
208 5
60 23
143 183
134 215
3 158
35 48
126 193
119 158
54 76
283 220
64 63
178 154
5 160
13 157
123 116
8 2
133 212
92 24
20 60
118 177
160 45
146 142
233 234
136 115
143 245
186 172
246 143
216 204
63 48
257 221
60 65
94 37
72 90
72 5
138 126
189 270
37 45
126 138
186 247
13 184
96 199
141 142
2 73
74 76
260 138
176 177
43 23
126 85
202 173
16 22
233 190
138 7
13 152
119 173
87 152
103 2
5 3
229 124
262 13
281 278
225 130
13 181
199 131
203 172
124 122
202 3
2 130
205 195
9 215
135 40
4 196
119 87
252 98
86 45
126 161
64 226
189 277
120 87
119 164
100 108
33 31
91 8
149 188
277 274
92 8
240 215
218 138
91 15
13 171
60 92
115 15
112 4
32 8
237 213
206 199
202 85
32 49
73 215
64 130
115 74
194 215
202 14
262 186
3 180
285 45
131 214
248 191
159 270
28 35
199 149
173 254
134 180
172 186
143 45
58 62
208 188
64 72
107 4
173 266
104 202
209 141
115 87
104 138
88 87
88 47
130 2
68 88
170 278
3 155
167 45
66 12
194 10
188 174
173 130
197 134
54 15
173 263
5 163
204 85
64 210
203 188
193 276
211 214
195 3
67 51
14 47
112 3
57 52
1 5
242 87
154 45
241 89
246 149
183 276
9 4
70 89
91 219
13 17
125 123
193 272
72 19
251 205
25 49
66 14
246 272
72 56
126 91
21 133
222 45
135 129
225 3
249 191
149 143
70 90
84 36
210 47
207 87
13 158
169 234
196 115
64 82
9 5
60 59
4 152
90 45
72 22
31 34
173 169
106 10
151 119
150 40
115 132
34 69
4 197
189 280
202 6
228 45
214 131
215 214
238 239
203 99
208 119
120 143
29 115
99 203
46 45
212 32
207 160
2 11
186 138
68 130
247 176
107 210
150 217
210 74
62 45
138 5
251 168
66 21
122 115
107 85
163 270
118 157
285 188
60 106
41 23
246 201
14 36
64 86
143 131
288 45
115 14
280 247
114 116
3 178
53 33
13 175
242 2
126 267
192 114
126 152
53 5
131 91
150 118
283 143
231 232
64 102
91 16
207 79
58 60
116 123
31 39
106 53
96 205
5 162
109 113
143 149
41 45
110 112
114 2
214 207
171 208
10 5
71 23
21 90
202 126
143 203
150 142
259 138
178 126
240 3
66 99
70 87
35 45
208 190
205 45
173 13
124 90
12 4
83 4
208 200
118 13
262 143
120 13
125 108
205 188
91 188
32 78
91 214
120 149
121 101
98 222
13 166
285 269
19 16
227 204
255 98
225 134
229 199
255 178
238 220
69 22
36 45
258 126
194 2
133 75
184 45
91 75
119 167
284 45
117 23
192 174
192 203
204 124
28 29
146 114
4 181
22 78
102 225
59 70
116 140
73 3
99 173
133 91
180 181
217 173
35 14
16 20
4 198
295 45
152 45
173 126
59 96
64 13
68 59
13 179
13 177
64 9
178 168
296 191
87 188
79 191
245 203
254 45
270 45
57 36
69 37
227 146
186 219
131 74
53 7
178 98
151 40
108 8
217 119
215 2
54 79
219 75
61 45
71 18
60 50
293 45
3 186
243 191
91 72
102 78
8 3
3 183
126 255
58 50
133 48
51 52
85 189
117 119
44 7
87 181
140 136
149 196
250 45
154 228
49 14
63 56
54 18
138 43
227 177
219 132
93 5
60 56
103 105
67 48
11 143
158 235
206 120
227 112
204 87
205 222
72 95
172 138
196 86
53 34
54 5
126 119
208 45
68 13
242 13
123 122
131 75
64 25
149 148
120 200
87 85
112 146
116 114
5 183
16 25
54 14
112 194
37 50
13 173
103 138
221 120
206 99
7 47
90 213
119 177
119 194
199 120
127 128
2 13
67 32
241 173
17 23
24 47
17 20
153 250
94 44
192 245
122 32
256 118
48 36
47 24
197 45
2 131
88 44
183 189
7 28
109 123
13 160
208 220
77 44
276 163
196 98
285 277
136 108
42 45
122 118
78 43
173 265
64 14
238 45
138 85
118 85
13 178
57 23
143 115
285 234
285 45
225 126
4 183
239 45
13 180
30 36
154 168
6 12
214 149
54 24
118 179
110 143
239 45
144 136
120 205
164 45
208 239
19 18
196 215
59 47
39 51
108 109
77 36
64 48
126 257
118 163
188 161
132 131
60 16
185 99
249 138
60 33
238 234
110 115
7 36
225 13
108 140
205 239
5 156
285 222
219 204
168 45
199 124
225 191
193 45
163 235
118 119
274 45
240 115
51 46
134 201
100 5
206 173
218 126
33 34
13 159
246 220
18 23
246 198
96 64
161 198
208 120
153 269
275 274
35 75
188 200
83 5
117 142
3 176
137 142
111 7
193 277
253 191
65 75
202 66
103 5
261 192
71 27
8 74
63 4
205 191
201 220
70 22
107 120
5 169
256 126
109 131
86 61
131 8
143 174
128 97
219 172
171 119
86 212
164 165
259 171
5 175
171 13
285 228
4 174
173 193
208 99
83 24
56 36
84 26
217 4
131 85
173 138
110 7
32 36
68 10
173 4
128 114
241 96
140 108
242 85
85 158
72 42
260 173
192 133
280 45
143 121
143 170
196 112
155 45
185 173
209 121
122 110
297 191
119 179
240 4
94 142
210 49
120 206
179 45
3 166
216 99
205 99
172 218
11 209
131 107
199 99
229 256
31 60
59 51
126 264
13 155
217 240
3 68
173 155
22 107
156 45
140 106
275 269
178 173
76 45
110 118
204 119
140 104
199 104
128 40
118 162
128 116
119 180
269 45
36 44
139 14
144 123
93 40
184 178
143 2
11 14
189 45
122 21
64 35
95 191
99 85
10 214
32 4
126 4
48 49
178 171
94 13
205 5
100 8
171 120
204 173
51 45
7 89
205 227
111 106
123 115
240 22
224 132
238 190
149 200
58 61
282 278
13 183
216 133
272 45
115 4
186 218
96 68
119 118
94 115
131 2
204 102
138 104
58 59
102 85
157 45
217 72
192 143
126 172
116 127
102 133
254 269
51 44
111 109
107 131
146 192
62 83
3 165
118 194
196 2
173 188
96 62
199 113
96 13
246 235
48 7
247 269
17 114
119 154
16 23
101 102
41 43
173 186
201 197
192 45
7 44
109 4
64 10
67 69
26 191
94 87
154 167
258 118
124 203
41 44
14 75
200 228
62 50
206 110
126 263
246 232
60 40
35 73
227 149
91 78
68 9
199 87
188 152
91 92
241 28
88 5
119 168
225 68
126 87
138 134
143 187
138 73
59 22
35 44
91 131
72 91
225 115
178 45
183 45
126 43
126 5
33 82
138 169
63 49
134 115
147 148
219 191
87 4
13 165
3 157
3 9
135 1
246 283
196 214
281 98
64 19
226 205
226 199
60 15
124 204
170 235
202 138
103 14
13 169
9 15
208 205
21 131
245 246
63 66
132 94
102 23
225 118
10 6
202 13
46 47
168 98
167 222
208 206
238 198
271 45
247 278
63 50
134 73
87 189
132 13
229 167
133 49
227 177
173 161
60 103
32 59
17 121
139 2
5 173
102 2
64 42
194 196
208 253
215 45
119 157
214 38
199 112
286 45
139 115
105 132
117 104
230 229
56 79
246 190
42 48
192 216
229 203
202 119
88 48
227 196
225 119
3 5
182 45
88 49
169 190
104 6
210 14
85 3
152 201
35 38
193 232
258 3
103 114
39 45
150 216
132 2
128 6
152 160
209 102
130 3
10 104
118 154
240 91
120 118
99 3
192 117
32 76
278 166
196 9
202 87
9 194
94 236
210 132
85 156
138 212
210 76
100 53
102 87
137 103
263 234
115 134
13 176
78 35
153 45
135 15
102 4
118 167
198 156
5 161
53 49
49 7
216 131
43 233
181 45
122 99
173 264
194 85
198 238
205 96
39 50
193 159
227 3
39 44
133 85
289 45
112 126
64 216
64 95
246 253
202 120
107 34
126 185
17 93
4 161
134 133
16 21
113 224
8 4
249 3
131 120
240 130
219 74
168 222
14 35
279 275
182 276
204 149
162 232
220 45
13 4
122 22
205 253
5 155
151 99
214 133
59 86
88 3
239 143
133 213
204 13
123 206
126 170
192 121
17 119
17 116
233 45
92 4
94 79
156 198
10 25
218 214
206 143
285 146
124 104
99 199
13 118
246 276
206 131
196 65
91 133
218 43
114 142
66 4
130 13
192 183
148 123
83 75
162 45
112 199
143 206
10 8
99 146
60 28
216 87
196 10
55 15
260 178
143 117
91 49
123 125
161 220
204 9
205 234
68 219
63 65
268 278
134 179
291 45
118 193
110 5
209 127
157 232
136 106
170 45
198 45
13 153
13 154
126 254
166 228
54 91
222 178
246 234
267 45
3 126
126 233
216 124
63 21
104 66
150 119
13 162
196 211
130 87
3 159
67 33
173 221
148 151
15 4
155 198
114 150
150 199
203 227
87 13
136 2
13 170
113 65
173 171
110 119
200 143
18 42
208 257
194 115
90 3
94 102
173 233
114 141
19 5
129 108
32 75
200 188
54 87
4 190
87 176
172 191
221 253
30 45
219 138
3 152
118 168
185 118
55 52
258 13
20 47
262 138
196 194
171 118
9 104
17 85
106 110
283 201
99 4
185 43
59 62
15 14
94 105
199 86
110 88
76 24
70 53
27 23
51 36
106 90
284 200
218 207
39 65
117 13
165 277
113 73
214 186
6 15
131 13
63 42
171 256
292 45
85 5
231 152
111 113
149 194
53 87
195 227
74 14
44 45
106 104
160 198
109 2
208 191
138 103
245 45
200 45
173 85
102 23
151 148
48 32
205 200
69 24
199 201
3 163
180 234
121 85
59 69
157 190
60 8
54 47
126 120
104 192
279 270
42 24
72 94
19 36
266 276
226 126
86 13
28 36
85 191
188 98
7 49
224 105
98 45
192 164
97 45
200 146
185 13
124 199
206 34
70 51
140 109
181 182
169 276
246 45
192 120
128 127
120 173
104 109
134 45
32 48
284 245
194 219
17 3
94 217
205 119
150 5
54 60
19 73
42 41
221 3
147 143
99 208
12 14
58 34
283 45
49 214
1 3
142 145
124 120
247 45
163 276
122 119
227 99
215 48
192 45
180 190
150 141
19 72
125 122
85 159
128 15
226 40
138 14
87 156
257 126
31 30
11 15
101 103
259 126
203 146
242 37
71 14
201 45
211 219
124 146
213 131
266 277
143 103
177 45
193 235
119 195
204 3
208 234
43 41
231 190
220 198
177 178
170 274
112 131
7 48
14 48
215 88
109 138
246 188
70 59
118 153
9 37
131 212
78 14
182 232
137 2
73 94
106 108
189 272
163 164
43 99
112 202
115 133
90 61
28 34
68 99
22 3
206 87
171 3
202 204
271 270
134 132
212 131
43 120
207 43
153 166
151 206
249 248
4 163
108 106
3 156
99 187
67 70
44 36
165 269
48 14
70 38
258 178
67 39
284 194
7 26
141 2
188 222
230 138
203 228
105 65
60 7
67 65
190 45
117 2
231 198
154 162
246 270
195 119
230 124
220 201
136 7
22 76
150 200
44 24
116 129
233 198
210 7
96 73
117 118
133 13
5 179
116 108
112 191
105 223
130 118
180 220
12 13
43 168
91 4
97 61
207 226
200 227
175 191
6 13
59 21
136 125
59 83
254 154
126 13
55 57
233 156
273 274
230 258
257 99
276 45
5 180
143 182
158 232
3 177
204 5
6 14
91 74
205 206
9 214
196 45
4 160
130 119
217 226
85 190
192 187
176 278
33 44
92 13
177 250
4 118
279 274
60 6
5 190
179 198
82 191
167 168
119 163
167 228
84 66
99 87
205 120
3 181
