103 60
33 82
15 76
32 48
281 98
16 24
4 196
130 13
69 22
216 217
114 2
135 15
96 205
42 5
77 5
3 9
210 7
31 50
48 14
134 197
77 36
85 181
205 87
268 277
230 124
249 248
282 278
138 126
143 187
192 143
208 205
165 166
144 139
54 79
256 126
138 85
217 72
194 13
94 49
256 178
131 87
138 113
264 45
64 94
245 196
150 119
69 24
136 7
28 36
283 220
118 85
230 229
203 228
4 161
111 113
279 269
170 235
225 68
117 118
2 131
16 20
92 7
4 160
84 42
209 136
275 269
214 149
199 106
178 167
197 179
131 13
213 74
91 16
7 47
134 215
192 120
206 112
60 50
196 98
28 39
126 267
222 178
60 16
88 49
55 52
116 2
227 177
225 138
203 124
121 85
157 45
71 23
154 45
140 104
238 179
67 52
53 5
119 153
60 6
131 91
169 190
139 14
3 159
101 12
87 152
170 277
17 23
85 190
10 104
206 120
85 159
181 232
200 186
19 48
285 276
227 167
227 146
85 158
273 45
64 35
126 263
227 118
13 85
151 119
285 184
219 138
66 85
94 217
122 110
217 126
16 22
18 24
64 82
33 34
85 87
35 14
143 170
28 38
119 167
237 90
143 182
7 24
22 74
157 190
126 185
137 139
104 14
55 50
43 46
118 153
63 56
3 157
32 76
102 2
208 253
246 276
70 48
192 245
14 35
184 45
199 149
196 219
135 29
162 234
134 220
22 107
196 188
185 99
28 21
126 152
110 7
59 69
219 74
216 99
109 5
28 35
32 28
245 194
153 269
24 45
32 59
173 130
60 33
255 45
152 160
208 188
118 195
188 5
150 146
118 158
242 25
119 164
121 103
248 173
146 142
53 7
61 45
196 115
205 227
28 30
163 164
199 99
255 98
186 191
204 202
173 186
22 78
264 276
72 91
13 180
231 220
72 95
185 257
120 91
214 131
150 216
83 5
189 270
117 101
27 23
173 263
109 115
28 40
133 49
208 119
57 36
69 21
227 167
130 87
142 145
168 45
143 109
242 2
212 75
116 11
126 264
3 160
73 94
63 50
19 52
178 168
84 72
12 13
210 26
199 113
72 21
205 119
73 19
274 45
290 45
216 204
162 190
17 118
129 116
285 245
91 4
13 4
214 207
63 60
134 45
212 13
117 23
230 138
131 75
141 128
72 5
64 42
18 42
94 45
149 148
128 2
19 76
39 34
258 173
149 143
58 59
185 119
32 50
204 5
96 241
64 19
185 13
107 120
1 4
78 43
277 45
62 50
59 51
260 168
3 126
102 225
7 48
128 6
87 159
101 102
168 228
151 200
119 194
13 162
139 114
103 90
6 14
284 196
206 126
266 45
242 87
214 5
3 13
271 45
14 44
108 109
4 126
146 114
254 269
91 75
196 214
126 172
171 257
84 36
120 206
257 253
150 105
204 194
10 237
262 13
180 181
120 124
235 45
202 118
231 201
237 78
169 235
287 45
262 143
151 203
4 190
204 102
142 150
117 133
3 163
140 109
12 14
216 87
17 13
204 149
53 100
248 138
207 226
192 118
78 14
186 219
103 14
238 198
43 34
153 250
116 123
114 116
284 200
70 59
202 204
35 45
101 105
173 80
57 41
227 203
215 219
227 3
206 85
19 73
78 45
54 87
225 191
281 45
261 192
147 148
207 85
192 142
138 43
131 107
3 181
219 191
3 153
241 89
143 203
204 124
127 11
92 80
188 45
119 179
206 203
168 222
259 13
228 45
103 138
183 45
64 102
257 221
138 169
15 119
199 87
122 87
96 120
174 179
140 111
242 138
8 3
226 192
114 142
196 211
72 22
88 87
122 119
43 99
105 223
270 45
150 142
118 179
31 34
49 14
13 167
42 44
227 191
199 201
185 43
14 7
262 186
71 27
246 239
130 115
251 98
143 165
13 161
13 176
252 98
123 140
85 5
257 118
66 4
30 34
118 194
85 191
273 274
131 213
106 7
64 4
258 178
4 169
5 169
124 90
115 3
104 192
150 199
179 220
197 45
126 173
208 200
15 13
208 220
48 45
196 9
221 120
214 85
76 74
6 11
152 45
71 20
51 53
138 100
212 32
209 121
149 200
3 178
18 23
135 40
254 154
17 121
91 24
242 13
83 4
173 85
245 284
284 277
133 212
204 191
263 45
10 214
193 159
11 15
67 39
193 277
9 194
199 86
43 30
9 109
227 126
193 45
186 43
5 183
59 86
13 156
59 70
189 277
249 191
167 45
171 119
193 232
43 168
218 191
112 126
131 45
124 119
217 119
215 214
264 234
241 28
151 88
74 7
100 53
2 116
92 8
207 97
199 120
58 34
178 177
226 40
7 44
119 160
15 12
46 45
59 21
123 206
91 72
70 89
221 173
210 65
260 138
14 74
60 103
237 213
192 158
196 167
5 190
189 272
3 166
60 14
199 112
94 26
94 72
21 3
21 133
154 167
91 74
230 256
262 138
116 127
119 183
181 182
54 14
3 87
200 87
64 10
3 187
131 120
120 5
256 13
3 162
91 5
139 115
243 191
7 73
220 160
138 73
64 13
225 3
13 178
166 45
279 45
126 169
70 90
166 167
30 45
157 232
39 50
94 48
158 163
27 50
63 64
240 22
88 110
88 120
155 45
100 8
279 278
221 3
14 76
120 87
130 138
88 237
151 143
126 97
173 264
133 78
214 191
217 173
283 239
68 49
110 3
66 9
96 173
72 44
206 131
112 194
41 45
152 201
212 211
170 274
193 235
119 195
87 13
138 255
136 2
163 232
189 280
226 64
54 15
106 107
245 200
84 22
60 34
203 85
107 87
103 114
257 99
119 157
43 174
43 18
11 125
231 152
117 13
12 119
49 45
283 45
116 129
294 45
83 47
205 5
166 228
192 164
167 98
247 176
192 121
208 96
134 174
188 161
60 59
199 124
62 61
149 40
118 119
74 76
205 239
101 103
20 47
204 234
185 173
196 60
124 122
194 211
15 14
126 193
179 180
198 45
171 13
177 250
11 14
246 45
139 11
35 44
61 8
267 277
178 154
104 138
35 73
123 122
100 108
142 114
203 227
78 75
122 21
173 87
68 119
4 179
225 13
180 220
126 265
219 132
278 269
17 116
4 183
21 76
76 14
27 45
188 112
68 130
28 32
119 180
41 42
202 1
30 31
68 3
9 37
227 204
94 115
158 232
55 12
122 32
246 234
65 45
13 169
173 169
64 3
9 103
227 99
105 45
71 14
93 40
131 85
210 24
64 9
34 69
285 272
203 172
257 13
138 233
150 114
73 131
192 174
70 53
205 195
91 49
126 4
94 37
143 183
126 155
233 234
176 177
109 131
78 36
58 62
282 45
2 8
178 126
109 138
133 91
208 246
202 173
92 79
11 103
227 13
73 133
185 118
64 25
143 131
14 89
57 23
225 126
189 45
100 3
110 107
59 46
120 143
185 195
262 173
5 197
48 32
72 23
204 173
51 24
170 271
31 33
217 94
123 107
67 65
88 3
143 45
60 56
276 45
159 45
6 15
28 33
260 185
53 10
131 8
206 143
162 163
78 35
194 10
141 114
187 191
247 274
295 45
148 151
64 95
140 129
59 83
218 172
204 85
209 141
85 156
110 106
227 208
94 13
196 112
99 4
137 11
151 206
140 108
68 60
149 188
22 3
43 233
92 78
146 192
156 190
205 246
277 272
227 85
226 199
72 84
284 45
178 45
170 270
238 190
284 194
181 234
110 5
216 133
114 192
96 62
2 130
242 17
118 13
173 268
13 172
245 45
179 198
126 43
21 13
178 254
122 118
60 100
233 45
60 106
210 14
106 112
128 116
132 94
118 162
32 4
200 45
119 175
192 239
6 4
31 65
172 186
59 96
5 180
236 78
9 104
186 172
143 88
64 84
91 78
99 203
63 4
111 7
240 3
143 239
202 3
56 22
227 230
22 13
16 21
135 136
43 23
138 86
67 69
256 258
68 88
193 272
102 4
8 60
59 8
120 13
55 57
225 115
28 37
237 75
143 118
21 74
130 118
1 10
180 234
126 170
99 85
118 180
138 134
66 12
281 278
90 3
47 80
122 126
221 178
14 47
43 85
60 65
246 253
115 87
147 143
101 20
99 3
219 146
96 143
89 191
21 75
112 85
91 219
193 158
119 177
58 61
15 5
43 87
87 191
26 191
134 73
13 174
180 198
85 143
246 235
107 85
118 167
202 13
6 9
5 152
143 205
87 192
239 234
43 120
32 67
1 8
162 232
208 195
57 45
211 45
122 116
171 3
219 133
13 159
153 45
60 20
173 221
275 274
173 152
3 179
31 53
188 152
54 91
31 52
216 124
58 52
32 78
117 14
173 193
208 191
240 217
2 132
207 68
62 83
9 5
132 131
4 163
225 87
94 142
181 45
108 8
130 85
173 126
3 167
111 106
283 45
194 214
195 119
138 13
291 45
125 108
64 72
110 88
150 118
178 184
214 38
200 227
167 228
155 198
9 215
118 126
77 15
133 75
126 91
91 15
19 24
128 127
198 238
97 45
14 49
218 43
20 18
238 45
91 133
17 85
205 96
94 87
205 191
219 218
94 236
126 255
113 73
32 74
42 48
126 85
5 174
51 49
118 168
196 86
231 155
120 205
206 34
85 189
163 270
285 250
242 85
146 188
3 169
118 164
87 153
103 133
151 147
20 81
229 230
68 107
37 45
136 108
268 45
192 114
119 174
139 2
14 48
194 196
199 111
179 45
130 3
59 32
202 7
91 59
246 272
131 74
106 10
112 106
199 131
257 178
166 98
96 68
112 199
102 99
186 173
136 106
88 53
173 266
91 131
64 63
165 277
176 278
170 273
170 278
99 192
150 40
141 2
49 214
55 56
285 143
92 13
205 173
30 51
119 185
110 112
217 16
146 40
59 47
160 201
88 48
196 191
188 220
254 274
146 194
112 191
230 258
116 140
202 138
150 217
211 49
3 155
51 44
13 173
239 201
266 276
161 201
214 186
202 6
86 61
3 156
43 41
88 118
259 126
67 60
115 134
33 50
7 51
42 24
105 132
138 7
171 256
278 250
208 222
62 47
54 18
106 113
260 178
180 45
4 118
137 116
177 178
102 87
296 191
85 119
16 23
16 19
42 50
231 198
155 161
42 41
227 149
68 10
192 109
136 115
204 87
219 172
110 143
254 250
221 257
110 118
44 7
230 227
98 167
5 119
177 228
35 48
104 103
48 49
46 47
93 40
13 157
59 62
138 212
19 77
195 3
128 15
126 79
88 5
114 216
13 152
225 85
200 85
286 45
206 110
197 201
149 206
103 136
76 24
57 52
231 232
114 103
72 94
119 173
159 235
138 14
18 45
167 222
79 191
213 131
137 2
178 171
226 3
60 69
87 164
55 15
233 235
49 24
200 120
173 13
246 201
10 6
102 133
68 213
173 119
285 234
233 156
99 208
50 45
72 41
279 98
138 12
178 98
87 4
257 126
140 206
91 8
3 168
48 7
200 146
203 192
247 45
53 22
97 98
130 225
5 162
52 45
223 113
173 3
150 203
4 187
203 146
93 4
254 153
5 179
252 45
103 2
114 141
13 181
14 78
231 190
107 131
53 38
216 131
74 14
164 277
173 255
69 80
1 5
137 103
151 99
12 4
78 7
143 206
124 201
113 65
194 3
278 45
215 48
133 45
188 175
147 149
55 23
122 99
143 121
135 8
3 5
66 14
279 274
130 119
238 234
209 127
51 45
98 222
10 8
5 175
143 120
278 166
154 162
111 29
22 75
71 18
173 254
234 162
138 254
210 76
206 87
240 13
208 87
102 85
269 45
208 234
280 45
104 12
60 109
202 66
118 177
99 199
58 50
203 134
83 74
251 205
215 88
135 129
285 146
182 235
214 218
143 103
3 176
87 157
248 13
28 4
6 13
13 155
63 65
108 140
260 173
32 8
33 60
59 4
240 130
220 45
128 97
160 198
83 24
92 30
94 66
51 46
106 90
234 232
99 173
9 236
285 188
3 152
227 119
118 160
86 212
102 78
91 188
99 187
13 164
93 49
197 220
13 179
59 24
236 86
66 21
106 111
61 15
146 94
258 3
284 245
124 99
16 18
21 90
133 85
273 272
232 45
68 99
229 256
285 277
229 119
32 30
19 36
164 45
1 9
17 117
207 87
44 45
7 95
154 228
165 274
135 1
7 89
206 99
64 210
210 47
206 173
85 188
13 182
72 19
124 105
194 85
141 142
207 160
205 234
118 152
202 126
106 109
121 86
124 9
195 227
150 200
54 47
246 232
13 163
143 96
201 220
165 269
111 87
208 45
75 14
254 98
192 216
233 190
203 188
122 115
