63 60
1 10
163 276
130 119
138 90
140 109
55 12
202 119
12 15
198 238
85 189
112 173
87 156
242 85
51 49
130 118
84 36
5 175
208 232
177 228
164 270
3 157
137 142
216 85
87 181
9 4
122 116
102 85
83 75
173 188
219 131
208 246
207 97
35 44
91 32
101 104
15 12
22 3
131 8
119 179
203 172
185 3
118 179
7 73
4 163
279 98
170 278
91 16
104 202
112 13
209 11
161 201
99 208
17 99
92 79
68 32
111 87
63 20
62 47
109 2
110 88
51 48
246 190
68 49
77 36
172 191
212 32
64 25
29 123
283 143
213 74
28 4
215 88
133 78
92 4
43 23
124 120
150 40
41 43
205 195
194 10
93 5
28 40
99 173
3 164
118 193
126 268
215 2
143 121
189 45
256 126
118 164
240 217
15 115
227 191
140 206
171 256
205 119
225 68
210 74
96 143
87 176
143 120
20 18
139 2
221 120
126 257
259 171
273 165
226 40
13 166
122 124
118 177
108 8
218 126
146 201
43 168
235 45
61 15
4 179
231 45
59 22
112 234
196 219
227 167
186 247
83 74
242 2
35 45
210 132
54 5
208 195
227 204
117 114
149 206
16 22
43 30
91 74
214 4
199 120
16 21
113 224
283 201
233 234
9 236
131 13
128 127
173 138
192 118
217 16
192 143
58 34
223 73
94 102
110 106
3 68
169 276
83 24
99 199
148 151
225 5
149 196
107 34
188 98
253 191
171 120
261 192
202 3
170 277
109 7
102 23
273 45
71 60
54 76
156 198
87 192
226 3
240 91
13 156
59 88
210 47
3 176
143 117
208 205
112 7
76 74
85 159
196 251
91 188
143 187
13 155
257 221
150 120
126 120
273 274
263 234
294 45
192 216
131 91
96 126
227 126
179 45
64 4
20 60
225 126
142 114
219 138
70 22
196 191
207 173
128 114
31 60
173 267
14 49
49 214
199 149
35 75
196 98
186 138
234 45
4 160
193 159
192 174
1 7
279 270
226 132
207 160
119 3
32 78
106 10
4 13
2 73
108 140
126 173
60 50
96 208
227 3
18 54
51 24
126 155
204 3
238 234
92 36
130 138
195 205
226 199
120 85
43 46
55 41
143 183
216 124
197 179
3 156
227 85
245 284
192 147
208 190
32 5
91 133
240 22
10 25
97 61
109 138
58 52
214 73
114 141
133 49
207 68
3 168
1 8
126 267
31 53
28 30
110 7
108 192
206 87
221 178
148 140
173 87
192 45
258 3
130 115
47 80
150 200
151 148
198 45
141 128
78 14
20 47
28 21
101 103
2 75
3 170
246 220
41 42
188 152
173 265
136 125
4 197
181 45
122 125
185 13
199 87
117 119
105 132
234 232
132 94
124 85
117 133
204 149
207 43
17 116
147 143
64 3
105 65
68 9
74 7
137 116
60 65
119 154
203 146
218 214
119 167
239 201
7 75
177 250
146 114
59 83
285 272
151 192
86 13
219 172
237 75
32 59
207 99
63 21
192 45
111 113
70 38
188 174
118 180
68 119
98 45
37 94
111 104
192 110
32 48
150 40
246 149
21 210
4 198
205 226
1 6
246 201
73 131
88 87
199 106
33 31
125 11
196 215
178 167
164 272
254 98
225 115
64 10
3 158
173 155
39 65
262 13
30 51
94 72
122 99
285 277
43 34
48 32
56 79
273 272
203 227
233 156
21 90
7 28
107 76
291 45
48 7
215 219
95 191
103 101
173 130
5 181
114 116
245 196
117 85
149 148
64 35
12 13
58 22
60 56
205 3
111 106
143 246
256 178
72 90
33 34
14 89
64 9
138 104
67 33
194 196
240 3
7 36
124 203
3 180
224 132
236 212
73 215
230 227
135 136
35 113
133 91
19 77
96 205
203 192
66 4
14 76
13 174
182 276
238 179
3 174
67 60
138 233
59 96
101 14
87 189
125 122
118 126
75 14
64 95
169 232
15 4
197 134
223 113
68 64
158 163
114 142
238 239
283 220
256 3
160 201
92 80
136 11
241 96
121 14
100 53
108 7
209 121
130 64
203 200
5 190
42 45
284 245
160 198
172 126
140 104
85 176
3 167
251 205
110 112
34 69
163 270
60 34
58 46
3 169
32 75
231 220
61 8
247 45
188 200
143 205
125 139
143 174
103 5
96 68
130 85
37 45
200 203
15 87
69 22
118 182
19 24
120 200
101 105
114 125
66 85
177 98
64 86
229 167
111 29
163 232
54 87
207 79
54 47
134 133
151 206
131 48
248 138
219 132
112 87
52 45
167 168
16 23
177 178
63 48
64 72
43 99
205 45
230 256
19 36
141 114
60 7
135 40
193 276
231 190
200 186
138 12
71 6
97 45
100 8
54 79
106 107
96 241
110 123
100 108
91 5
212 211
266 276
132 13
202 66
136 106
178 173
178 98
206 112
205 96
138 193
229 119
172 218
208 3
266 45
91 49
177 45
140 136
135 29
275 274
192 117
161 198
71 14
150 146
4 181
213 3
27 45
227 99
168 98
116 11
181 232
43 233
51 4
218 138
72 23
13 169
88 110
208 119
219 74
192 158
71 18
130 68
207 226
5 160
122 22
135 100
285 45
101 20
180 45
47 24
202 173
115 3
245 194
89 191
239 45
68 225
173 152
31 65
178 222
116 125
238 45
126 170
173 221
136 7
220 198
237 213
126 152
202 126
9 5
129 108
229 203
206 131
150 124
131 211
93 49
133 13
204 234
227 5
110 118
72 57
85 190
99 126
188 45
39 51
102 115
262 143
276 270
102 133
8 3
60 23
6 12
178 126
271 272
3 183
141 142
67 48
215 45
43 138
94 142
150 114
93 4
112 4
85 164
227 196
142 150
259 178
8 74
87 152
189 270
254 250
91 8
236 86
16 18
21 133
176 177
84 86
119 180
44 7
126 118
239 143
9 194
124 9
173 233
149 200
227 167
196 10
226 64
14 35
275 45
245 203
150 5
205 190
204 13
217 119
6 11
59 51
250 45
94 236
264 45
5 198
37 50
209 136
208 200
73 115
86 212
13 171
59 4
139 13
13 180
7 74
96 73
249 138
53 85
90 3
204 194
110 5
202 13
107 120
43 186
49 14
5 119
67 32
91 131
70 90
72 19
1 4
274 45
173 186
109 4
90 61
199 86
262 173
281 278
209 102
156 190
190 156
285 245
166 98
28 31
125 108
225 4
249 126
260 185
63 64
32 4
199 124
93 40
42 41
246 276
8 7
75 45
91 78
206 126
173 202
153 45
166 250
126 254
205 173
138 73
5 152
229 199
13 177
120 13
115 87
132 131
170 274
192 121
226 99
232 45
64 60
98 222
4 156
280 277
10 8
11 143
203 85
104 138
290 45
170 45
88 3
166 45
11 14
6 13
13 172
138 126
155 45
240 115
88 45
140 116
64 42
125 115
196 211
110 115
59 32
133 213
133 211
115 132
5 156
217 4
58 61
59 47
91 24
269 45
146 145
42 44
118 119
39 50
60 6
113 65
138 86
53 22
99 85
98 228
209 141
246 45
13 159
4 190
59 25
218 172
28 34
8 60
217 173
60 8
124 146
176 278
218 207
129 116
94 49
200 146
3 161
205 246
68 3
51 44
138 85
270 45
202 6
138 13
4 126
31 7
118 167
73 3
173 119
111 7
21 76
122 3
148 115
118 85
214 191
125 2
189 277
238 198
78 43
53 34
27 65
150 142
21 131
126 264
139 11
170 271
114 102
124 90
231 201
14 75
124 202
144 139
70 48
123 116
153 250
169 190
213 131
49 48
19 48
83 8
92 78
115 15
44 24
116 115
103 138
119 153
126 172
3 119
252 45
205 221
221 3
262 118
216 204
120 205
169 45
94 4
206 203
1 9
165 45
211 45
49 7
219 76
110 119
260 178
227 118
13 164
242 13
201 45
126 138
66 99
246 198
237 90
285 250
1 3
150 199
214 186
76 45
7 76
10 5
217 126
4 162
106 112
64 216
60 15
15 76
143 45
214 218
173 43
249 3
109 115
216 87
118 160
146 40
131 212
227 177
104 12
271 45
13 158
103 60
104 66
38 191
101 102
268 277
127 128
247 269
256 118
173 118
32 8
68 130
60 103
225 119
88 47
230 124
285 146
193 158
7 24
119 118
143 206
205 208
7 95
219 86
60 16
119 193
138 103
21 3
13 182
197 45
133 212
157 190
85 188
71 52
104 103
119 174
67 65
92 7
196 112
71 50
234 190
