111 113
158 235
37 50
17 114
104 6
59 86
13 182
144 136
110 123
135 15
246 190
108 192
96 199
246 149
155 45
194 219
227 118
110 106
131 48
49 214
118 163
214 133
180 220
85 156
16 23
245 284
13 174
180 234
4 169
150 120
3 182
87 164
119 160
233 198
227 112
110 143
203 188
32 74
28 21
196 115
285 234
208 99
219 132
170 270
208 119
53 87
189 272
246 239
150 118
131 87
3 162
68 13
136 108
35 73
142 2
143 117
13 171
150 40
204 9
97 61
128 97
275 269
121 85
122 85
21 74
192 103
151 29
90 213
83 8
278 269
99 203
73 215
173 126
165 166
13 157
234 45
5 163
88 104
226 57
239 201
94 102
210 65
101 105
118 154
268 277
205 253
117 118
51 47
211 219
256 118
119 175
17 85
124 104
280 247
47 80
218 207
146 94
110 119
99 208
22 13
259 178
112 131
208 120
2 116
4 152
195 205
10 8
139 123
63 4
10 6
104 53
121 103
136 114
72 21
32 4
131 213
70 88
10 104
208 87
118 179
131 85
134 197
4 162
62 47
19 74
146 114
3 185
206 99
91 59
238 220
173 268
150 124
58 46
109 86
171 119
219 86
119 157
94 87
91 16
119 195
122 110
116 139
3 180
143 131
161 190
112 188
218 172
150 203
130 13
59 8
138 169
102 23
9 214
47 24
96 64
85 157
247 45
94 115
27 45
202 85
262 138
137 103
231 45
273 272
194 215
64 210
49 14
119 152
18 45
199 87
33 30
205 239
248 13
17 13
206 126
21 90
54 18
275 274
206 173
42 48
192 239
289 45
143 203
2 85
199 104
85 5
172 126
155 161
214 149
9 37
170 45
223 73
107 210
35 45
225 118
202 6
15 87
237 78
27 50
257 99
226 208
99 87
209 136
60 40
204 5
7 95
93 4
7 49
3 158
185 43
166 167
13 152
43 219
221 120
156 45
185 99
112 13
106 7
7 51
180 198
42 24
19 15
193 276
99 192
64 86
88 237
59 4
116 115
210 49
226 199
14 210
60 28
194 85
115 15
221 178
17 116
53 22
88 3
118 160
217 173
219 172
239 232
115 4
113 45
192 164
28 36
16 17
146 196
1 5
186 138
278 166
260 138
9 104
268 45
64 60
8 2
227 5
214 73
195 171
150 217
104 109
70 90
246 143
205 99
68 32
208 195
2 8
254 228
197 45
64 63
167 228
104 202
140 109
162 190
91 48
205 226
165 277
17 99
239 45
93 40
19 72
205 119
13 181
60 100
28 31
27 65
102 23
231 190
5 196
102 133
85 152
133 213
3 183
124 120
10 25
162 232
119 180
280 45
11 14
194 9
168 222
124 199
1 10
7 78
183 45
119 118
120 205
32 67
192 117
248 249
116 140
195 3
51 44
202 120
177 178
13 160
162 234
55 50
254 45
18 23
120 13
71 6
217 16
87 158
288 45
178 126
88 120
70 67
138 100
284 245
63 48
99 119
11 103
142 114
3 157
290 45
164 270
92 13
285 188
59 25
67 60
206 85
84 36
246 198
193 272
84 26
106 111
84 85
5 160
103 105
72 94
204 124
103 90
227 13
96 173
267 277
258 256
188 98
131 45
182 45
178 45
234 190
56 22
96 13
125 115
11 143
22 86
3 155
85 3
43 99
104 14
200 188
142 150
65 75
22 78
202 118
122 125
192 45
203 134
3 13
144 110
63 20
20 18
208 232
99 4
194 3
33 22
64 72
246 232
210 132
173 87
87 191
166 228
227 230
182 232
66 9
134 198
66 4
102 87
43 174
91 49
227 203
163 276
14 35
143 165
178 154
77 15
209 11
28 30
85 159
86 13
124 9
64 35
138 186
131 2
114 192
159 45
225 115
205 45
188 222
4 174
87 153
64 4
192 203
151 99
74 7
103 101
233 232
106 109
26 191
179 180
118 162
229 230
200 87
276 163
11 209
127 11
58 50
227 99
173 202
164 277
111 106
152 160
150 200
55 41
56 79
128 116
9 5
140 136
91 214
252 45
203 200
283 239
6 12
282 278
126 155
126 188
67 48
61 15
53 85
35 75
12 13
151 88
117 119
231 152
215 48
47 45
60 67
113 224
172 218
286 45
107 87
201 45
119 173
51 36
271 270
239 234
60 109
13 178
43 30
219 131
239 45
227 191
186 191
70 59
231 201
128 40
120 200
125 139
124 119
196 10
94 49
158 45
19 36
22 3
9 194
293 45
32 48
285 276
167 98
35 38
188 112
55 52
182 276
60 50
241 28
103 133
171 257
218 138
192 114
88 110
106 108
48 45
217 240
178 168
248 138
192 111
202 3
159 270
15 5
33 82
126 5
138 178
118 167
207 87
112 146
258 126
210 45
240 215
149 40
119 3
85 188
70 49
205 227
143 205
92 24
126 152
69 21
3 153
60 59
143 182
88 118
100 8
42 41
265 45
138 14
217 226
116 108
28 32
257 221
123 116
230 229
72 77
154 250
125 11
208 45
151 123
101 14
154 45
238 190
13 183
13 85
157 45
129 108
216 131
141 114
54 91
284 277
160 198
205 221
153 269
194 13
60 33
41 45
31 7
57 52
199 124
210 74
138 213
118 194
17 93
112 202
49 24
58 62
20 81
269 45
92 30
77 44
59 46
188 161
116 129
60 56
73 131
177 98
151 148
227 167
233 220
205 120
251 98
255 45
251 45
55 15
95 191
16 5
146 142
119 179
92 78
92 7
119 87
16 27
63 42
5 155
88 5
283 45
208 220
7 36
207 85
196 194
54 5
64 42
126 91
115 132
103 5
28 40
147 148
96 205
240 4
196 60
185 13
87 192
5 162
68 49
235 45
63 49
275 45
88 87
69 80
291 45
94 44
43 138
1 3
44 7
42 49
128 127
217 4
168 98
200 124
4 13
208 227
196 219
297 191
143 183
133 87
4 190
230 256
78 14
76 14
8 3
21 13
207 226
115 3
97 45
21 210
13 164
202 126
225 5
111 109
76 24
8 4
136 7
196 86
126 173
133 211
183 276
115 131
205 200
126 265
196 9
28 33
225 119
39 65
123 206
83 74
185 195
21 75
103 138
131 211
177 250
48 32
5 181
188 221
178 177
54 14
208 200
173 221
192 118
231 198
222 45
219 74
120 91
210 14
19 5
261 192
152 201
56 36
64 14
64 102
