130 2
206 120
215 214
54 60
220 45
116 123
230 256
238 234
196 194
193 159
233 232
131 91
51 4
86 61
202 14
66 4
146 194
208 257
91 15
258 13
222 45
200 188
202 204
219 138
266 276
131 74
207 97
85 190
26 191
96 199
229 146
127 128
162 232
78 45
230 124
17 114
39 50
210 24
64 72
112 188
91 59
125 108
68 64
99 207
13 159
285 277
3 170
217 119
91 133
224 132
119 3
115 14
3 176
205 221
205 226
94 115
177 178
68 5
285 272
28 38
122 118
126 257
238 45
71 14
192 142
31 7
104 6
124 119
169 276
14 74
279 98
194 2
157 232
85 176
85 189
132 13
122 125
85 156
84 22
109 131
166 98
94 87
233 220
143 246
87 190
195 171
154 228
7 75
205 188
196 214
28 21
169 235
202 85
59 86
64 95
14 89
35 73
20 60
22 78
143 120
230 227
204 9
225 191
4 126
113 45
7 48
294 45
5 196
138 86
72 90
3 177
16 21
112 194
144 125
2 73
31 50
5 119
216 217
78 43
126 118
48 45
246 220
192 245
1 7
205 195
266 277
87 156
35 7
217 226
119 167
204 173
109 7
20 21
64 25
14 75
87 176
24 45
4 180
126 155
155 45
205 45
119 174
131 213
138 7
241 96
227 118
159 235
250 45
11 125
118 171
264 45
212 133
163 235
67 48
87 159
129 116
173 188
133 85
233 156
126 161
43 174
241 59
208 195
85 119
43 30
204 188
225 119
241 173
84 26
234 45
64 19
204 13
168 228
66 9
31 65
138 13
202 6
83 5
275 274
63 64
118 194
189 45
188 220
113 65
14 44
173 186
13 118
77 44
132 94
126 85
286 45
68 60
210 7
64 86
93 5
296 191
110 123
225 3
124 90
160 45
218 191
187 191
188 112
7 73
172 186
3 119
134 215
206 203
126 264
221 3
151 99
196 211
158 235
268 45
7 95
258 173
70 88
245 200
197 179
209 11
114 216
130 115
105 223
118 180
106 100
33 31
133 87
248 138
13 85
173 118
88 118
131 107
259 171
59 22
209 141
83 4
207 126
210 76
59 62
150 105
240 4
49 48
200 227
206 112
120 149
173 43
146 196
60 100
64 226
43 46
52 45
103 115
69 80
17 119
44 7
102 99
208 5
236 78
140 111
5 156
192 110
140 106
168 98
73 131
143 239
276 45
28 39
33 34
72 15
101 102
4 174
84 72
203 192
3 181
274 45
284 203
192 158
53 34
103 136
19 36
107 76
279 45
205 87
104 192
115 15
192 117
115 74
60 67
99 187
30 45
94 49
15 5
141 114
42 44
192 239
173 254
31 39
67 60
124 201
5 179
134 73
57 23
19 52
70 89
260 124
96 120
145 146
108 8
51 49
126 263
110 115
215 2
116 115
168 45
53 38
92 78
103 90
140 104
7 51
208 120
194 9
230 258
121 86
13 165
21 131
118 158
39 34
59 70
177 228
71 27
42 48
173 152
87 191
127 11
200 186
20 71
3 179
258 119
64 48
15 119
64 210
204 85
77 74
245 203
249 126
242 85
283 143
118 195
29 123
122 110
189 277
112 173
2 8
238 198
138 73
138 14
107 210
260 185
121 115
204 202
58 46
3 166
109 4
31 30
32 36
254 153
72 91
144 123
171 208
88 47
199 86
73 115
218 172
63 56
118 85
182 235
207 43
169 234
16 24
240 22
7 44
271 272
138 193
158 232
122 87
32 5
200 85
53 22
138 233
136 139
242 138
172 138
173 233
51 36
66 14
143 131
233 198
111 7
91 131
195 13
143 165
196 45
266 45
165 45
60 56
192 143
43 173
9 236
216 204
99 85
76 24
200 146
194 214
219 74
85 164
186 138
223 73
285 269
216 133
67 65
63 66
33 22
135 40
19 24
101 104
188 200
193 272
200 228
117 101
136 106
88 5
32 47
181 45
13 4
116 129
258 118
117 119
151 123
204 119
138 85
239 143
122 124
188 45
51 44
231 232
205 239
114 103
64 13
126 43
2 116
72 41
12 14
205 5
43 186
67 68
245 196
170 45
214 186
98 167
170 273
110 7
230 138
208 99
124 199
254 228
138 90
139 123
5 197
84 66
279 278
87 85
149 148
21 211
203 200
205 96
4 13
146 145
87 153
206 85
118 182
207 226
68 3
103 114
73 133
123 122
265 276
13 183
134 180
122 119
242 25
2 130
133 45
13 172
133 213
19 73
208 96
91 32
5 183
68 49
160 201
227 85
192 133
138 186
164 277
285 146
221 253
166 45
17 115
96 242
71 18
4 197
214 149
5 160
121 14
210 74
179 220
88 110
14 49
148 123
279 275
13 169
53 5
114 150
202 1
32 76
100 5
210 65
225 5
227 177
139 14
208 232
170 272
102 115
206 34
123 107
28 40
167 222
102 87
96 241
119 153
70 67
48 7
10 219
219 133
76 7
213 74
65 75
219 75
285 143
74 7
78 7
9 109
59 83
173 202
106 111
126 233
132 133
257 13
6 11
185 119
149 200
192 187
60 33
200 143
133 48
85 181
137 142
6 15
4 162
106 108
99 126
227 177
90 3
257 99
110 119
259 178
146 40
122 116
182 183
256 118
149 194
101 103
21 133
123 116
150 124
292 45
5 190
104 14
44 36
60 106
150 146
64 94
241 28
3 168
140 129
77 36
208 3
115 4
70 49
119 158
32 67
273 165
134 133
3 126
288 45
268 277
9 4
278 45
219 86
83 75
241 89
99 203
107 87
28 35
18 54
230 146
147 143
18 45
113 224
119 163
186 218
90 213
172 43
225 115
21 74
188 152
5 173
17 85
3 180
246 253
100 108
176 278
115 87
136 7
28 4
248 249
273 274
215 219
8 7
256 126
101 20
297 191
138 170
280 45
260 138
233 235
60 20
12 119
170 270
173 126
32 46
229 124
285 228
188 222
43 34
108 192
88 3
134 174
120 13
255 98
203 134
245 194
103 138
106 109
54 76
219 132
122 21
197 201
190 238
217 72
154 167
112 10
120 118
116 139
208 45
103 5
25 45
115 134
235 45
85 159
203 85
225 130
128 97
173 263
88 53
126 138
192 120
258 256
140 108
10 6
54 5
105 45
199 120
256 178
11 143
277 45
277 272
83 24
70 22
102 85
143 164
196 219
137 116
215 88
179 45
183 45
86 212
199 149
198 238
19 77
13 178
227 149
102 23
203 227
285 234
119 87
279 272
119 152
119 195
130 225
173 5
143 45
193 45
285 45
87 192
142 150
64 130
119 157
211 214
219 146
68 119
246 277
4 187
201 45
64 14
84 86
33 50
196 60
171 118
70 38
85 152
260 178
196 65
92 30
173 97
106 112
200 120
59 88
173 13
87 164
178 154
161 201
178 98
222 178
13 166
230 229
148 151
6 13
229 227
94 105
219 76
27 65
83 47
219 131
63 65
284 194
88 45
100 7
13 3
56 36
111 106
3 13
37 50
196 86
91 214
68 13
3 165
58 61
22 3
14 210
64 60
249 191
32 78
210 14
3 5
62 61
261 192
54 87
41 42
195 119
275 45
68 107
5 3
60 40
21 210
32 50
102 225
211 219
71 20
172 214
124 120
48 36
192 103
213 131
148 115
54 18
54 24
14 36
7 47
201 197
91 78
110 112
93 4
39 45
208 227
85 191
170 278
227 13
13 176
91 188
189 272
84 42
4 118
135 1
138 126
243 191
281 278
3 167
126 97
43 169
75 7
54 15
137 136
185 195
17 2
186 173
42 50
138 100
238 190
63 60
55 15
118 152
7 26
66 12
94 72
53 49
3 156
262 138
109 5
289 45
124 99
229 199
6 14
260 173
58 62
105 132
60 14
68 88
135 100
60 7
248 173
81 191
130 87
165 166
94 44
98 45
257 126
151 192
100 53
42 41
226 64
116 114
193 158
202 119
170 274
209 136
179 198
176 45
60 59
164 270
119 175
41 45
92 13
161 190
76 210
233 190
51 47
123 206
256 13
131 49
99 87
70 48
35 14
171 120
249 248
123 109
16 25
92 8
231 201
204 5
231 155
130 119
22 107
14 47
110 106
207 85
128 15
22 86
164 165
254 98
79 191
269 45
3 158
12 15
44 24
140 136
223 113
120 126
138 113
143 245
3 185
144 136
206 143
126 4
192 203
133 15
150 141
101 14
252 45
190 156
173 119
100 3
285 276
203 188
88 44
192 183
10 214
239 201
32 48
116 108
35 38
180 220
192 45
59 46
94 37
118 183
283 45
15 115
267 45
167 98
283 239
216 99
90 61
162 45
186 172
85 157
67 51
190 45
215 49
117 13
199 124
11 14
126 3
97 61
91 49
227 146
226 192
35 113
239 232
151 147
256 3
203 172
135 29
55 12
112 106
42 24
68 225
57 36
3 159
5 181
260 259
134 45
64 3
4 190
214 4
206 199
126 91
271 45
53 7
124 85
238 179
276 270
5 162
120 173
42 45
13 160
246 232
188 221
30 34
217 16
208 87
21 13
232 45
242 2
245 284
126 120
99 4
64 82
173 193
139 114
30 31
157 190
137 11
161 220
242 13
60 16
284 277
4 196
149 40
155 161
110 143
14 35
13 181
207 173
278 166
186 219
184 45
7 89
180 234
48 14
32 8
11 209
258 126
205 173
204 234
51 52
10 5
32 74
13 174
92 36
61 8
125 123
131 120
125 139
257 118
225 118
205 208
10 25
73 3
7 28
116 125
133 13
202 120
72 57
69 24
285 222
139 13
234 162
110 118
260 168
178 222
44 45
68 32
99 208
69 37
119 154
151 206
57 45
12 4
214 131
212 211
206 173
259 138
109 2
142 2
149 123
19 5
121 85
276 163
4 163
106 53
208 253
72 22
192 118
217 4
134 201
118 187
126 5
285 188
203 124
106 7
13 175
283 45
35 44
114 192
120 5
3 178
96 73
246 234
77 5
173 268
91 28
196 215
118 119
202 138
218 207
185 43
284 200
60 23
227 203
138 255
225 13
166 228
163 45
131 48
205 220
109 113
199 87
116 11
199 113
221 119
96 208
3 183
154 162
186 43
226 40
259 126
137 103
59 21
115 3
196 98
196 191
1 8
3 161
210 49
111 109
19 15
171 257
163 232
215 45
17 118
202 87
173 264
210 132
105 65
173 255
87 4
199 201
112 85
3 152
204 191
60 69
173 221
88 237
5 175
31 34
151 40
78 75
185 13
25 49
59 89
162 163
124 204
28 34
3 169
47 24
150 119
3 162
284 245
130 3
285 274
54 14
96 173
60 72
178 45
39 65
60 50
67 33
64 102
