3 179
117 104
246 45
62 61
256 3
136 115
194 214
72 84
143 149
216 87
157 190
58 50
73 115
3 87
60 28
285 222
94 13
272 45
27 52
258 3
7 28
230 258
197 45
84 72
14 75
226 40
13 184
72 22
256 126
123 140
101 20
112 87
56 22
91 75
162 190
149 188
102 3
3 155
186 191
98 45
196 188
259 171
120 87
21 211
174 179
5 155
205 87
119 163
110 123
185 195
89 191
225 3
168 98
60 16
192 45
246 235
38 191
83 8
55 50
130 3
207 87
150 119
199 149
1 5
285 245
285 188
130 115
146 145
199 111
266 276
252 45
29 115
64 216
3 184
119 173
51 53
126 255
44 36
72 41
13 171
28 22
88 118
171 120
170 277
188 174
152 201
192 117
119 175
211 45
71 60
149 196
146 94
99 173
202 6
11 143
148 140
4 181
150 217
278 269
224 105
279 98
227 118
146 188
205 190
192 121
51 44
125 11
30 36
215 49
28 4
227 119
200 203
48 14
43 169
170 235
83 74
131 74
153 45
76 14
28 38
138 86
195 171
260 124
83 4
5 180
122 118
210 47
48 49
205 3
112 10
62 45
154 228
163 276
123 115
106 112
199 131
200 124
188 98
159 45
41 23
87 176
71 23
237 90
88 5
78 36
223 113
74 45
64 13
121 115
246 276
216 133
200 143
13 172
107 87
206 131
219 132
52 45
60 59
116 140
67 52
186 173
208 239
219 131
144 139
9 215
112 13
172 214
7 95
138 169
4 161
124 99
219 218
70 59
126 152
227 112
122 115
123 206
280 277
138 12
258 119
4 155
186 172
112 126
173 87
4 196
65 45
13 163
31 7
12 4
254 228
149 40
200 120
137 116
110 112
5 156
236 78
78 43
288 45
226 199
259 13
66 12
13 177
136 125
55 12
199 118
72 15
95 191
199 104
276 235
122 110
4 118
85 5
212 211
279 275
138 7
173 4
75 14
47 24
216 85
107 120
58 34
17 116
171 119
245 196
149 123
126 268
13 164
16 22
116 2
116 11
134 115
101 103
260 173
138 178
150 124
102 133
87 153
138 103
237 37
214 186
5 198
85 143
42 44
42 49
161 198
78 14
6 4
16 18
143 158
116 127
64 48
196 45
212 75
9 103
205 239
60 109
17 114
185 3
192 143
59 51
165 166
154 45
99 120
26 191
72 19
106 109
204 85
119 153
245 203
6 9
146 192
103 105
138 14
63 20
208 173
173 255
19 15
126 85
166 250
196 86
69 37
35 45
169 234
280 247
67 69
153 250
60 69
128 40
100 5
192 174
227 5
48 32
93 40
143 183
31 52
6 15
2 130
16 21
64 210
218 214
169 270
171 208
12 119
53 10
5 119
242 85
255 178
5 190
282 278
97 98
14 7
158 232
123 116
262 138
14 35
146 114
70 38
215 48
134 179
204 9
91 59
91 15
229 124
143 115
87 152
28 31
10 109
143 174
81 191
194 115
156 162
141 114
180 190
7 49
5 163
156 45
84 36
206 110
87 164
131 8
123 125
149 201
30 51
55 52
160 201
129 108
11 209
17 115
227 149
21 3
279 272
106 111
5 174
31 65
205 195
110 106
88 45
151 99
283 239
143 192
130 68
119 162
215 214
118 85
8 60
118 160
58 52
16 24
1 8
219 172
173 155
72 77
138 113
118 195
131 49
32 4
173 85
91 76
196 9
207 68
77 75
239 232
119 177
208 119
88 120
71 18
99 87
3 154
107 76
168 222
195 3
109 86
136 114
123 109
283 143
11 103
203 99
125 122
194 215
3 187
96 205
205 232
207 96
30 31
213 3
41 44
214 131
10 237
146 196
107 34
148 115
28 39
131 2
122 3
207 79
209 102
126 3
13 176
215 2
147 149
88 49
111 113
178 154
231 220
21 90
71 6
202 3
171 118
3 168
235 45
13 160
119 174
43 85
120 175
192 147
143 182
51 24
112 85
133 75
22 74
31 50
262 118
163 45
96 73
203 228
88 47
53 5
28 36
130 118
133 49
286 45
84 42
238 220
129 116
169 232
285 250
230 124
170 270
7 78
114 142
79 191
5 152
67 65
96 173
119 183
189 277
277 272
200 188
64 14
231 155
192 187
94 45
8 2
57 36
1 7
206 34
199 201
68 49
242 17
192 142
171 257
142 2
102 23
103 101
211 214
7 51
66 99
246 272
12 15
3 158
15 12
289 45
3 160
124 122
245 284
117 118
84 66
132 94
7 26
217 4
54 76
188 112
236 212
147 143
227 167
117 2
128 116
138 134
236 86
20 18
13 169
217 240
15 4
16 20
150 199
56 79
121 85
212 133
204 194
85 156
32 59
13 169
194 85
94 4
54 87
126 155
120 85
285 45
121 101
13 4
4 198
4 169
117 114
120 149
115 87
124 119
21 131
131 211
91 133
99 146
3 186
197 201
104 103
159 270
135 15
118 193
35 48
105 45
156 198
84 86
123 122
169 45
151 192
125 108
206 87
225 13
109 2
257 13
54 14
285 184
205 96
227 85
93 40
126 169
72 23
192 183
217 16
210 76
101 105
214 38
33 31
3 68
60 34
178 168
88 237
112 173
88 104
246 284
49 24
180 220
159 164
122 85
118 161
108 140
90 45
28 21
204 188
197 134
227 13
122 125
68 213
10 8
170 272
166 98
118 158
75 45
138 131
67 39
13 174
225 115
16 23
87 118
146 201
240 13
188 221
32 75
53 38
208 99
16 5
97 61
227 167
192 118
108 106
73 133
126 265
17 93
17 20
103 133
69 22
256 118
54 5
190 156
32 46
126 4
37 45
202 85
197 179
60 67
178 184
85 189
118 157
257 178
151 40
124 85
118 13
263 45
158 163
246 277
208 191
205 227
169 235
177 98
113 45
197 220
218 172
93 4
114 216
60 20
54 24
216 204
87 192
59 83
194 15
186 218
21 13
126 43
73 19
32 49
200 186
22 86
93 5
13 179
68 13
92 8
5 175
92 78
63 48
241 89
178 126
46 34
168 45
281 98
140 206
205 226
173 169
91 214
194 219
242 138
13 153
182 232
217 226
60 6
131 87
1 2
196 215
32 74
66 4
130 119
76 45
219 74
78 7
185 43
144 123
2 11
101 14
85 164
151 119
259 126
9 6
88 48
206 199
60 92
60 106
13 152
229 230
167 45
264 234
3 5
64 4
140 136
132 131
68 119
34 69
138 90
39 34
19 36
5 183
150 105
102 85
13 85
199 86
111 87
185 257
226 205
260 259
126 185
196 10
208 246
138 105
68 219
58 59
227 173
214 191
2 73
277 274
68 64
223 73
281 278
120 143
268 45
48 215
161 190
119 168
205 5
203 200
15 14
72 57
126 193
161 45
182 183
245 45
10 25
42 48
204 5
163 235
67 70
231 190
3 161
242 2
27 23
76 210
219 191
200 227
59 21
9 104
212 13
43 23
43 186
99 192
222 45
18 42
6 11
32 67
32 36
43 120
139 13
19 18
179 220
216 131
78 45
109 113
23 56
7 35
83 75
103 2
112 146
2 8
118 187
143 103
194 13
211 115
94 217
215 45
220 45
112 7
126 138
208 257
91 48
53 34
215 88
215 219
13 158
284 245
138 4
163 232
194 3
206 85
106 53
142 114
59 32
131 85
203 172
170 271
109 7
55 57
143 121
7 36
205 119
246 220
271 272
96 241
229 199
126 263
1 6
150 200
115 134
237 78
258 256
234 232
139 2
264 276
28 32
101 12
94 49
112 106
150 114
261 192
7 48
104 138
91 131
114 125
173 170
87 85
149 143
133 13
19 77
138 104
283 45
15 5
193 232
114 102
86 61
193 276
202 1
92 24
66 85
156 190
94 48
146 40
165 274
205 188
13 175
43 30
188 5
119 158
138 170
120 206
173 3
7 75
190 238
279 270
3 182
192 120
17 120
91 72
219 146
229 138
233 220
35 73
139 11
32 76
64 226
251 98
5 162
83 47
118 153
247 278
48 7
116 125
138 202
150 141
124 199
182 276
162 45
134 133
126 172
103 90
214 218
262 173
122 124
173 264
229 258
70 51
120 91
99 207
109 123
42 47
173 265
179 45
118 164
71 50
207 173
146 142
167 168
192 216
281 45
110 87
183 189
106 90
143 206
4 183
126 267
151 29
60 23
31 30
181 182
214 207
183 45
258 118
71 52
6 14
119 3
8 4
43 18
18 45
104 6
205 120
185 119
226 57
126 254
214 133
85 176
154 168
41 43
124 202
246 283
42 24
267 45
43 138
51 47
131 214
17 2
9 4
3 181
9 109
271 45
149 148
240 130
131 48
284 194
182 235
76 7
133 73
91 78
203 45
150 118
14 47
118 126
46 47
72 5
112 202
131 91
140 109
228 45
134 215
208 227
115 74
143 205
140 129
205 208
201 220
133 78
70 87
233 45
63 64
28 30
120 200
57 52
21 75
138 5
14 89
221 119
3 174
73 3
195 227
115 132
205 173
102 225
280 45
114 150
164 165
178 173
3 170
92 30
247 274
194 2
196 194
63 42
109 138
242 25
120 5
55 15
249 248
189 280
188 220
179 201
3 176
205 253
189 272
4 179
128 15
198 156
254 153
117 14
173 171
209 121
3 153
136 2
227 99
54 47
60 56
59 69
97 45
198 45
226 208
51 52
64 72
214 149
230 138
173 138
206 203
41 42
91 24
31 60
9 5
68 3
60 50
60 8
184 45
43 173
172 218
126 13
92 79
123 107
219 133
196 167
143 131
119 182
140 106
153 269
3 165
70 88
258 126
104 202
266 45
136 106
119 194
58 46
121 86
91 16
138 13
119 161
109 4
112 199
59 25
178 222
3 152
56 36
194 9
91 8
285 278
82 191
103 60
200 87
44 45
131 75
83 5
173 186
211 49
216 124
115 3
173 193
231 201
199 112
251 168
284 45
69 21
112 131
54 91
104 53
195 13
242 13
204 149
202 66
13 165
225 130
239 45
285 272
193 45
271 270
251 205
109 115
53 87
17 3
60 72
13 156
96 199
205 221
3 126
134 180
150 5
225 134
77 5
226 132
218 126
68 5
13 173
138 255
279 274
22 78
71 14
227 196
240 91
43 87
63 60
15 87
246 270
185 13
13 118
64 95
203 124
284 200
2 131
201 45
99 208
170 45
242 37
30 45
102 87
279 269
19 73
4 163
209 136
60 103
137 142
192 203
67 68
67 51
63 50
173 188
254 98
248 138
227 191
59 47
36 45
104 192
110 88
278 45
63 66
196 191
192 245
287 45
54 79
140 108
4 190
257 221
285 276
126 5
202 120
87 13
217 173
122 32
92 4
7 24
111 109
122 99
46 45
39 45
200 228
100 108
2 75
229 203
240 115
100 3
65 75
28 35
64 35
107 210
14 49
107 85
240 215
112 188
86 45
13 178
221 3
285 143
173 118
108 192
207 43
196 65
110 7
239 143
131 213
13 181
105 223
173 130
227 126
165 45
115 14
2 116
118 174
3 185
203 188
133 85
233 234
285 269
202 14
5 173
276 163
276 45
254 269
124 104
13 162
230 256
68 60
221 257
25 45
94 115
59 24
64 9
99 187
5 179
208 188
118 177
104 12
254 154
206 99
85 153
180 198
108 109
24 47
207 97
113 65
134 73
115 15
114 103
133 45
10 6
204 3
118 167
176 177
98 167
64 19
119 160
59 46
104 14
239 234
59 96
208 206
206 126
119 185
148 151
86 212
19 24
275 269
3 167
39 65
239 45
68 10
204 234
43 168
4 13
167 228
208 190
173 221
58 61
149 194
17 117
13 161
173 266
106 104
217 119
126 79
87 158
44 24
138 213
83 24
136 139
102 115
133 48
114 116
202 87
110 107
172 247
283 45
143 120
257 126
163 164
219 204
72 21
241 59
4 187
227 3
14 78
130 85
229 227
141 2
231 198
106 7
126 119
94 105
101 104
31 39
143 187
173 43
210 7
213 131
173 267
176 45
207 160
94 236
258 178
92 44
14 24
187 191
127 128
33 22
241 24
124 146
118 162
146 220
207 160
221 178
254 250
87 191
209 141
179 180
199 113
213 74
99 119
43 233
295 45
259 178
17 13
177 178
173 97
126 120
118 182
130 13
114 2
121 14
131 45
5 196
143 88
106 100
202 204
126 233
137 2
242 87
54 15
43 46
270 45
73 215
122 119
102 4
119 152
254 45
117 133
143 45
115 133
130 87
116 108
196 98
185 118
188 161
59 89
290 45
16 17
18 54
166 167
151 88
200 146
124 105
126 188
217 94
75 7
64 10
96 126
150 216
66 9
35 44
188 45
294 45
208 45
98 228
116 114
203 85
71 20
268 278
8 74
59 70
283 201
248 191
185 173
117 13
128 2
138 73
118 180
143 239
192 239
68 130
3 119
199 200
76 74
126 257
154 250
190 45
218 207
99 203
216 99
10 104
199 87
260 178
94 66
205 191
186 43
284 196
160 45
139 14
119 157
47 45
160 198
246 149
150 87
225 4
27 45
130 225
54 60
171 3
90 61
54 18
116 115
28 33
111 29
188 152
206 173
134 45
70 90
68 59
126 161
256 178
27 50
143 170
68 225
151 143
8 3
5 197
19 52
17 74
32 8
164 45
219 76
237 213
62 34
144 136
126 264
103 138
94 142
180 45
173 13
17 85
248 173
220 198
130 138
72 91
14 74
3 156
220 160
262 186
257 253
91 4
161 201
199 99
173 268
169 157
208 234
119 164
203 146
42 41
91 49
204 202
14 76
122 87
33 50
100 7
141 128
143 117
227 146
22 107
32 48
149 200
12 14
13 180
70 67
117 119
53 33
255 98
182 45
113 73
37 94
3 169
15 119
106 10
188 222
138 212
133 91
57 45
70 22
118 152
225 87
221 120
94 26
208 232
230 229
291 45
107 131
177 250
39 51
113 224
132 2
161 220
269 45
41 45
7 74
7 47
51 4
53 7
152 160
267 277
162 163
225 126
125 115
136 108
88 53
21 210
4 197
254 274
128 97
57 23
173 233
85 190
64 86
10 5
137 125
43 99
234 162
205 222
152 45
72 37
192 103
278 166
93 49
131 120
72 42
5 169
5 3
170 274
212 131
100 8
246 239
275 45
42 45
137 136
130 2
248 249
32 5
208 253
118 179
125 139
115 4
279 45
16 27
132 133
117 23
48 36
126 87
13 155
172 186
205 45
119 180
268 277
108 8
202 7
42 5
230 227
2 13
238 239
122 126
143 245
36 44
149 206
31 34
214 138
87 189
208 220
61 8
194 10
217 126
138 186
104 7
17 118
173 5
102 2
110 119
58 62
138 126
22 3
155 45
124 204
85 188
19 44
205 99
124 9
250 45
246 190
173 126
219 75
118 194
88 44
226 99
5 160
21 74
138 100
224 132
60 40
105 65
100 53
109 5
233 198
178 171
214 4
17 121
173 152
246 198
112 194
196 251
118 163
13 168
57 41
125 2
110 115
240 217
133 15
266 277
71 27
247 176
279 278
218 191
162 234
102 23
214 85
106 110
4 126
42 50
273 165
126 173
13 183
143 109
233 190
246 253
67 33
154 162
158 45
229 167
172 191
63 4
154 167
1 9
135 1
99 126
13 167
35 14
4 160
90 3
166 228
63 49
64 60
192 110
209 11
185 99
164 277
13 154
260 168
193 272
136 11
77 36
70 53
7 73
252 98
204 191
173 202
4 152
296 191
209 127
9 214
244 191
240 22
22 75
179 198
15 115
265 276
192 164
150 142
285 277
119 179
265 45
60 100
165 277
110 118
68 9
59 4
94 102
13 170
210 49
103 137
134 132
7 44
33 60
127 11
246 234
59 22
96 120
128 114
118 119
19 75
5 161
216 217
227 177
10 214
135 29
66 14
237 75
32 28
14 210
141 142
139 123
111 7
74 76
44 7
251 45
122 21
142 150
207 126
67 60
208 222
151 200
208 87
2 132
33 30
227 208
6 12
256 258
106 113
64 84
241 28
135 40
196 112
140 111
158 235
207 85
225 85
257 118
19 48
178 45
230 146
196 219
60 15
43 34
28 34
112 3
4 180
51 49
70 49
232 45
205 220
210 14
204 87
227 205
273 272
51 45
204 102
137 139
49 7
277 165
203 227
4 156
142 145
173 254
211 219
85 119
130 64
165 269
117 101
62 47
32 78
104 109
241 173
188 200
134 220
72 95
246 232
85 158
9 194
132 13
137 103
64 130
72 94
247 269
222 178
246 201
77 15
102 99
212 32
16 26
240 3
87 159
139 114
119 154
60 7
120 124
84 85
94 72
145 146
181 232
278 250
248 13
88 107
143 45
43 174
91 28
245 200
87 181
14 48
221 173
92 36
20 47
138 233
131 107
55 23
94 44
87 157
55 56
155 161
263 234
32 47
157 45
125 123
131 13
11 125
227 230
285 234
64 3
163 270
64 94
249 126
51 36
92 13
202 118
28 29
39 44
19 72
20 21
72 44
59 8
30 34
119 195
218 138
119 167
68 32
103 115
167 98
92 80
210 132
208 120
176 278
133 211
233 156
171 256
103 14
181 234
91 32
255 45
122 123
8 7
77 44
85 87
107 4
77 74
33 44
29 123
120 13
238 234
28 37
20 81
124 201
96 242
122 22
3 162
11 15
192 45
58 22
238 190
245 194
264 45
226 192
253 191
126 118
16 19
58 60
203 192
172 138
51 46
231 45
257 99
202 13
119 87
21 133
33 34
99 85
108 7
151 123
249 191
47 80
172 126
20 71
59 62
157 232
5 181
229 119
186 138
120 126
20 23
114 192
199 120
21 76
247 45
13 182
178 167
226 3
135 8
233 235
116 123
238 45
103 5
199 124
27 65
49 214
110 3
225 138
188 175
293 45
112 234
150 146
53 85
69 24
84 22
72 56
284 203
9 15
262 13
135 136
99 4
138 85
262 143
49 14
78 35
210 24
193 235
193 270
193 158
167 222
238 179
55 41
138 43
85 3
227 177
231 232
6 13
284 277
238 198
91 219
205 206
94 37
202 119
25 49
99 3
192 109
69 80
169 276
285 274
173 80
118 183
144 110
285 45
32 30
3 9
24 45
53 100
60 33
37 50
53 49
256 13
203 134
135 129
14 36
62 83
102 78
221 253
170 278
2 85
177 45
31 53
19 76
73 94
206 120
126 91
3 163
143 164
96 143
133 87
183 276
218 43
20 60
204 124
128 6
150 203
233 232
205 234
39 50
49 48
3 177
175 191
193 159
101 102
104 66
186 247
292 45
143 203
35 38
206 143
13 157
285 228
234 190
143 246
150 40
126 170
88 3
112 191
277 45
259 138
76 24
246 143
196 60
59 86
51 48
243 191
91 5
61 15
206 112
166 45
285 146
67 32
144 125
22 13
53 22
225 118
193 277
119 118
128 127
198 238
13 159
208 3
68 99
94 79
245 246
155 198
67 48
96 62
209 103
22 76
19 16
196 115
194 196
4 162
118 171
116 129
120 118
173 119
124 90
126 97
227 203
214 5
74 7
117 85
208 200
173 161
205 200
143 165
276 270
151 203
50 45
162 232
200 85
