231 198
161 190
118 158
87 176
58 60
91 24
97 98
173 5
214 218
122 3
85 181
22 76
226 57
119 174
48 36
63 60
126 3
138 12
159 235
13 174
246 253
17 99
186 191
173 254
100 53
138 254
108 192
130 85
151 88
134 133
149 40
196 211
60 72
195 171
133 85
13 153
241 24
226 99
233 235
71 20
285 278
237 213
279 270
217 126
100 108
83 8
188 98
203 99
135 8
97 61
99 146
276 270
7 74
64 82
13 170
67 51
16 18
203 200
59 69
19 74
130 119
96 205
152 160
11 103
119 193
169 45
122 126
173 126
238 198
137 139
124 119
239 234
103 5
215 49
154 168
20 23
256 178
199 86
136 139
143 170
18 54
257 126
115 15
41 23
63 42
106 107
207 97
230 124
72 95
208 191
60 16
85 5
169 235
283 239
138 186
194 214
13 160
11 14
105 65
205 200
185 43
110 115
262 118
143 164
170 277
278 45
242 138
64 35
216 217
100 5
264 276
134 45
67 65
208 99
227 119
157 45
122 118
54 24
249 191
221 119
112 194
3 177
99 187
32 59
138 213
199 124
48 32
123 122
119 180
13 179
220 198
43 41
3 168
225 5
64 86
214 191
290 45
78 14
297 191
16 23
180 190
91 28
58 22
236 86
103 136
94 236
42 50
204 13
206 173
172 138
207 79
112 106
188 161
219 132
179 220
49 48
254 98
207 96
206 112
116 115
122 32
8 74
91 8
202 66
75 14
49 14
64 4
199 112
94 102
72 56
196 10
239 232
137 2
206 120
109 115
140 129
207 99
233 234
258 256
14 89
208 200
125 123
20 18
55 12
208 227
72 44
43 233
64 94
186 219
32 67
150 5
53 22
131 49
214 186
255 45
188 152
200 85
201 220
172 186
3 5
210 132
245 203
108 8
55 41
85 189
219 138
39 34
278 166
204 124
22 107
222 178
111 113
246 190
171 119
73 131
248 138
200 227
14 24
35 44
117 2
209 136
103 133
122 119
215 88
173 87
106 109
15 76
126 120
18 45
13 166
173 170
60 109
120 205
219 191
32 5
70 38
72 90
7 51
219 131
262 186
122 116
180 220
240 4
123 107
134 179
217 4
64 14
159 164
13 180
118 167
104 53
122 85
128 116
171 120
31 39
53 33
204 202
193 159
226 64
87 157
19 44
71 27
72 77
9 109
258 13
280 45
251 45
126 185
91 76
151 143
143 131
118 126
205 99
99 208
90 3
4 183
3 153
242 85
217 36
170 273
193 270
135 15
210 65
135 40
165 269
173 13
117 13
279 278
258 178
72 37
109 2
133 212
252 98
271 45
33 22
178 222
146 40
249 248
260 168
33 44
132 131
72 42
53 85
205 226
135 136
134 198
60 8
196 215
254 274
193 276
138 193
227 126
32 30
131 212
5 181
65 45
167 168
199 120
208 190
126 118
173 80
42 47
153 166
34 69
173 233
186 172
105 45
246 143
251 168
123 206
87 164
219 75
168 228
57 45
192 133
74 76
5 119
124 9
141 2
6 11
48 45
210 49
64 130
171 208
248 13
15 115
216 87
12 14
230 227
85 152
118 153
74 45
131 211
260 173
213 131
98 45
17 116
143 45
91 75
219 74
182 276
117 101
146 201
237 90
205 120
53 10
3 154
42 48
209 103
126 268
196 115
101 105
173 155
218 207
202 118
17 3
173 186
143 246
23 56
227 229
119 161
187 191
140 111
285 274
110 87
189 45
18 23
293 45
204 234
194 9
242 17
248 173
5 163
124 203
219 146
41 45
238 179
68 5
155 45
205 234
136 108
154 45
172 43
14 74
218 191
70 89
16 27
159 45
233 198
208 195
94 66
233 156
4 190
261 192
200 203
28 35
205 246
88 87
21 133
190 45
268 278
106 10
188 174
43 46
241 28
32 36
3 9
92 7
105 132
9 215
119 194
292 45
109 131
85 188
169 270
199 131
68 99
196 194
132 13
3 162
205 221
285 245
6 15
205 206
193 272
173 161
93 4
70 48
115 132
86 212
269 45
254 45
219 204
171 118
104 12
180 45
99 173
15 87
128 2
229 119
54 79
230 146
22 74
283 45
85 164
63 65
119 177
118 182
171 257
35 113
215 48
85 190
146 192
5 196
9 15
12 15
27 65
211 219
186 43
3 119
104 7
30 31
100 8
24 45
15 5
232 45
170 274
212 133
103 14
4 181
35 45
189 277
108 140
200 228
150 87
102 4
1 2
106 53
285 228
208 45
73 19
155 198
16 17
61 45
192 142
124 90
110 118
208 3
137 142
182 45
132 94
139 13
217 94
70 53
162 232
147 143
203 228
130 225
254 228
138 85
186 173
143 88
66 99
27 23
94 45
138 103
206 110
5 162
75 7
76 74
189 280
247 274
120 13
108 106
184 178
240 115
32 47
43 138
2 73
11 139
227 5
254 269
283 201
214 85
231 220
149 201
124 99
252 45
138 5
192 114
150 105
118 187
214 133
219 133
88 53
7 28
128 6
175 191
63 48
258 118
202 87
94 48
143 109
128 114
205 227
16 26
68 9
76 24
285 272
278 250
4 152
150 199
71 23
118 157
60 59
231 45
41 42
227 177
60 92
87 181
28 32
118 168
118 177
87 188
43 173
218 126
84 66
3 184
273 274
3 169
275 274
227 146
97 45
205 45
124 104
229 199
53 5
229 258
221 3
13 169
72 21
255 98
173 193
208 205
37 94
150 203
169 234
226 3
188 175
54 18
13 169
61 15
250 45
53 38
64 19
6 14
150 200
124 199
91 15
138 202
28 30
170 278
241 89
119 87
163 232
54 91
64 226
257 253
56 36
103 114
99 85
138 212
15 4
205 195
202 120
240 217
85 157
1 6
112 13
137 116
51 45
262 143
193 235
227 196
60 69
21 210
4 163
229 227
220 45
192 216
185 99
117 133
197 45
143 45
205 87
131 48
142 2
202 6
3 182
26 191
240 3
122 115
94 37
230 138
63 49
253 191
117 118
59 62
85 3
92 8
216 85
133 91
60 40
194 115
199 201
148 151
78 45
143 158
227 177
35 38
10 6
147 148
66 85
263 45
59 70
91 4
255 178
59 24
209 102
64 3
7 35
248 191
103 115
230 258
177 228
199 87
96 241
178 45
72 94
185 173
99 87
75 45
237 37
54 60
96 173
239 143
92 24
73 115
1 10
104 66
130 118
51 4
265 45
10 104
285 234
126 188
96 64
234 190
194 211
173 221
5 152
114 116
60 67
199 149
47 80
163 45
126 193
202 119
77 44
126 43
5 197
138 169
126 267
240 22
64 102
25 49
102 3
96 143
39 51
156 45
91 16
160 45
13 165
285 222
165 274
241 96
85 153
121 86
36 45
112 10
126 79
78 75
138 170
128 97
133 78
123 115
4 180
103 138
82 191
116 11
3 126
99 3
69 24
4 160
73 3
111 104
37 45
126 255
131 214
144 136
138 14
64 210
111 106
164 270
60 34
16 22
164 165
28 34
9 194
277 272
242 87
113 224
21 211
260 124
277 165
199 106
140 108
203 227
227 167
164 277
226 40
138 178
284 203
115 3
201 45
142 145
43 23
28 22
115 14
214 138
153 45
3 156
12 4
51 48
178 98
62 47
162 234
20 71
44 7
165 166
149 148
121 103
227 112
35 75
138 90
62 83
173 85
86 13
208 222
71 6
225 126
121 14
200 186
85 176
140 136
148 140
77 75
214 73
72 23
2 8
59 47
59 4
203 124
164 45
110 7
168 45
3 68
10 109
87 159
146 220
241 59
13 168
20 21
119 153
87 152
267 277
192 110
110 88
16 20
245 246
124 105
197 134
228 45
185 3
283 143
161 201
144 125
3 167
54 5
28 29
74 7
120 149
36 44
229 146
207 43
244 191
146 188
17 74
151 40
107 76
112 191
53 34
102 133
201 197
102 23
99 120
208 232
88 45
140 104
246 276
246 45
200 143
87 191
106 113
226 205
225 134
124 120
57 52
131 120
83 74
131 45
88 49
80 191
126 87
30 51
219 218
53 49
64 10
94 105
260 185
204 173
225 119
182 235
106 112
194 2
146 142
193 277
71 52
59 8
5 155
48 7
131 213
137 11
270 45
53 7
9 37
126 152
197 220
215 45
126 119
102 78
278 269
121 85
239 201
112 234
14 210
150 40
125 11
99 126
143 187
122 110
35 48
119 164
209 141
205 119
210 14
7 36
204 87
60 15
285 250
13 164
126 264
39 50
196 9
121 101
78 35
60 6
32 74
143 165
189 272
172 191
220 160
92 44
113 65
256 258
220 201
21 90
6 4
68 219
110 123
3 176
28 21
106 90
213 133
31 34
218 172
246 272
259 178
173 188
32 76
131 13
247 176
156 198
116 140
266 276
196 86
145 146
254 154
56 79
85 143
68 10
1 9
226 126
29 123
108 7
193 232
218 214
258 119
222 45
225 138
78 36
208 220
227 208
88 107
9 236
85 87
13 167
173 43
11 209
188 200
284 277
5 169
137 103
245 200
284 194
19 16
126 257
71 50
22 3
214 149
94 13
3 158
246 270
124 201
214 131
276 235
200 87
273 165
225 3
141 142
120 173
16 24
181 232
101 103
169 157
28 36
196 191
64 48
85 159
260 138
19 75
285 45
188 221
295 45
43 87
192 45
4 174
136 2
84 86
15 13
156 190
146 194
167 45
67 70
122 123
177 98
3 164
155 161
87 192
256 126
246 232
227 204
73 133
196 2
10 8
119 173
66 14
13 155
257 118
156 162
119 167
28 37
139 123
13 172
126 266
118 162
212 75
125 139
245 196
126 97
17 20
116 139
142 114
210 26
257 221
126 91
205 220
152 45
193 158
54 47
205 3
3 174
143 203
172 126
17 118
101 102
196 214
94 72
227 149
177 45
43 120
120 124
203 134
166 167
55 56
281 45
231 190
6 9
240 215
120 175
85 158
149 196
15 119
7 49
57 36
64 13
91 5
86 45
173 171
149 123
68 3
124 204
203 45
111 29
271 272
120 143
76 7
196 98
247 269
215 2
210 74
237 78
122 22
136 11
92 30
246 235
112 131
227 230
68 64
127 128
42 5
8 2
209 11
178 173
225 68
239 45
153 269
92 79
17 119
177 250
259 13
116 129
260 178
94 44
126 173
260 259
146 114
106 7
38 191
104 14
72 22
9 214
212 211
43 186
15 12
233 232
225 4
143 245
159 270
202 204
114 150
84 72
204 119
180 234
194 10
109 138
91 219
116 114
14 76
10 5
87 4
143 103
118 85
218 43
169 276
196 45
161 45
145 142
9 104
154 228
131 2
207 126
1 8
32 50
99 203
158 232
10 25
103 90
136 125
67 39
131 75
207 68
87 189
136 114
88 120
178 254
126 254
116 123
48 215
30 45
111 87
112 126
76 210
107 87
90 213
13 159
88 5
28 4
208 96
56 22
102 225
4 126
7 44
89 191
128 127
104 103
154 167
119 158
150 216
164 272
103 105
41 43
179 198
151 99
208 234
3 187
84 22
5 179
282 45
285 146
115 134
102 85
205 96
6 13
17 23
5 173
171 13
180 198
258 173
64 72
69 37
202 85
118 13
197 201
204 149
139 14
60 65
13 182
138 4
20 47
91 74
133 48
104 202
28 31
72 91
122 124
27 52
173 266
91 49
44 36
151 203
2 131
154 250
271 270
192 158
285 276
72 15
87 118
150 124
19 24
60 50
192 143
185 257
88 110
194 196
43 99
208 87
227 203
190 156
14 36
198 238
42 45
8 4
256 3
59 21
74 14
118 183
169 232
170 272
140 116
10 214
125 115
227 205
70 90
87 190
142 150
104 138
42 41
214 207
21 131
185 119
291 45
279 272
173 97
204 191
13 176
63 56
66 12
208 120
93 5
204 188
139 2
129 108
199 113
126 5
240 91
247 278
13 152
284 200
72 57
106 104
67 33
229 230
13 3
211 115
173 130
186 247
14 7
238 239
124 202
5 198
193 45
5 190
215 219
204 3
71 65
61 8
30 34
171 256
285 269
51 52
1 7
66 9
72 19
118 179
49 7
136 115
280 277
91 214
246 284
102 99
192 117
257 99
4 179
13 178
143 2
214 5
2 130
59 25
28 33
110 143
68 32
14 35
211 214
46 45
17 2
133 45
43 34
118 193
28 40
188 5
225 118
149 194
257 13
124 85
212 32
126 85
133 213
24 47
203 188
126 138
4 156
110 3
16 21
11 125
143 182
172 214
107 131
204 102
9 5
258 126
249 126
264 45
2 132
92 78
60 106
2 85
285 143
59 88
64 84
32 4
100 7
114 216
94 4
69 80
205 191
112 4
276 163
98 222
51 47
134 215
140 106
227 167
197 179
16 25
138 126
117 142
35 14
101 12
158 45
112 199
192 245
5 174
77 15
273 45
98 228
17 85
246 198
109 123
68 60
178 154
213 3
265 276
256 13
43 174
118 180
154 162
163 164
118 152
70 88
21 3
161 198
21 13
173 265
176 177
63 66
217 173
115 4
172 247
46 34
150 119
59 89
146 94
173 202
78 43
284 245
132 133
233 45
60 14
180 181
139 115
33 30
69 21
94 49
119 179
118 161
22 13
240 130
124 146
31 65
104 192
196 167
151 148
130 115
31 50
130 3
72 84
31 7
95 191
48 49
133 211
259 138
208 173
54 76
227 191
96 13
3 170
3 13
59 96
137 136
13 181
194 219
122 125
217 16
113 73
59 32
210 76
126 265
65 75
117 114
204 5
16 5
217 72
55 50
83 24
264 234
71 18
54 87
266 45
91 133
186 218
129 116
161 220
143 121
130 87
91 131
173 119
48 14
235 45
58 62
173 138
81 191
101 104
32 75
30 36
192 147
14 49
208 119
138 104
99 207
4 118
3 160
225 85
13 162
110 107
246 220
285 188
192 183
110 106
173 263
3 179
73 94
83 75
136 106
10 219
32 48
119 157
115 131
14 48
19 72
67 48
226 199
234 45
112 85
7 73
227 13
88 47
272 45
151 192
143 149
245 194
179 45
229 167
73 215
133 87
281 278
169 190
18 24
147 149
90 45
196 98
126 4
47 45
121 115
13 157
227 85
64 25
246 283
246 201
122 87
251 205
133 13
133 49
68 130
93 40
149 143
102 115
120 206
168 98
118 171
281 98
3 152
150 120
68 13
209 121
119 185
238 220
94 115
182 232
192 118
186 138
39 44
62 34
67 60
13 154
7 89
110 119
288 45
143 174
173 4
117 14
2 116
39 45
1 3
138 100
233 220
106 108
143 118
194 215
234 232
217 119
114 142
42 24
43 85
3 165
68 213
242 37
93 40
206 203
19 36
176 278
206 131
31 30
94 79
51 44
8 3
17 93
172 218
58 59
7 24
199 200
4 196
58 61
229 203
60 7
91 32
31 52
84 26
225 13
63 4
107 120
