68 13
119 183
193 272
13 161
60 7
57 36
110 3
159 270
4 198
128 127
73 94
88 44
94 44
258 256
192 118
109 138
59 88
189 280
178 184
254 45
3 159
213 133
182 45
262 186
125 11
204 188
173 169
285 45
210 76
257 178
11 209
54 76
246 272
96 64
171 208
143 45
72 21
194 15
196 215
203 45
200 146
156 190
202 126
16 23
231 201
32 74
125 139
192 109
3 168
152 45
59 21
227 167
173 3
128 2
212 75
96 208
92 24
240 217
62 61
192 45
159 45
126 161
241 89
219 74
91 5
149 201
186 172
110 88
260 173
117 133
4 180
172 214
161 45
31 53
110 87
72 23
85 190
55 56
221 119
91 15
134 132
193 45
285 45
236 86
90 45
195 13
140 109
161 220
241 24
83 47
134 45
9 104
33 22
133 15
47 45
262 138
56 79
196 9
32 49
55 12
94 49
13 3
150 5
134 174
9 4
120 5
149 206
72 19
165 166
48 36
112 131
166 98
203 124
88 3
7 49
126 173
116 11
205 190
218 138
256 3
67 52
98 222
259 178
21 76
121 14
131 213
120 175
23 56
211 219
245 246
119 175
3 157
224 105
256 126
258 119
221 120
124 104
204 9
107 87
146 94
112 202
68 32
15 14
182 232
19 36
125 123
41 43
286 45
227 149
9 6
123 107
31 30
199 113
133 212
146 145
164 270
117 85
63 50
68 119
85 188
275 269
13 180
138 213
196 45
258 173
205 227
73 133
18 24
151 143
173 255
254 274
116 2
91 24
22 76
113 224
205 253
13 177
226 57
3 184
2 73
184 45
5 175
259 13
13 163
173 161
206 99
87 152
11 15
125 108
182 235
217 72
33 44
131 75
133 85
120 118
131 13
17 23
178 154
70 88
88 107
133 49
200 227
5 183
199 120
88 49
240 4
133 13
256 118
119 163
91 74
85 143
229 256
192 45
126 79
116 139
64 3
104 7
39 34
122 99
53 34
114 216
72 41
60 100
57 41
77 15
64 94
119 193
246 220
14 49
263 234
160 198
17 74
116 140
68 225
59 24
199 111
68 9
118 180
17 3
98 228
84 26
76 45
96 199
118 154
59 86
10 5
53 22
7 73
43 85
215 219
183 45
229 227
173 118
118 177
68 10
74 7
32 28
143 117
2 131
67 69
130 115
54 87
118 179
139 13
111 7
51 53
227 3
27 65
246 190
208 3
113 45
4 126
28 4
246 270
201 220
29 123
18 45
246 283
212 32
7 44
118 194
112 234
32 5
205 99
108 7
240 115
251 205
131 212
69 22
198 238
119 195
285 228
4 190
173 265
171 120
7 74
163 235
283 239
208 45
62 34
172 247
5 163
99 85
84 22
51 44
83 24
87 13
227 146
88 110
58 62
291 45
283 45
132 13
71 14
94 217
249 138
35 73
57 23
201 197
208 96
207 226
124 99
24 47
136 125
227 230
31 39
5 162
21 211
66 21
210 47
251 98
133 78
19 75
208 253
91 76
277 165
135 129
13 174
163 164
17 93
13 154
55 41
222 45
120 13
88 45
10 214
156 162
226 126
6 15
259 126
225 13
165 277
63 21
49 48
196 10
202 66
209 11
173 138
196 167
180 190
246 45
78 43
135 100
32 75
146 114
81 191
16 19
205 239
100 3
166 167
167 168
13 168
15 12
154 250
59 32
109 113
120 206
137 125
10 6
150 141
85 159
135 8
62 47
60 40
166 45
19 74
133 213
208 120
225 134
85 164
170 45
2 130
88 104
172 126
43 34
83 75
16 22
173 171
207 97
114 2
3 161
227 177
14 36
11 125
35 45
196 60
5 119
181 232
51 36
284 200
119 167
227 85
246 276
206 120
260 259
43 173
123 115
72 5
103 5
94 26
60 109
120 85
86 212
91 131
41 42
206 126
1 4
22 3
165 269
44 24
227 5
76 24
126 264
193 159
8 7
149 196
138 73
207 160
126 155
283 201
74 14
210 132
56 36
19 16
206 203
102 115
94 105
106 108
103 115
219 191
240 130
101 102
115 3
115 14
5 161
107 4
78 75
199 124
213 131
102 133
91 32
17 85
120 87
124 199
234 190
246 234
35 38
173 87
13 181
214 138
118 126
