336 521
535 173
91 13
168 386
225 59
355 263
418 371
9 419
163 374
122 401
422 309
423 455
338 383
230 176
474 263
274 354
521 132
199 364
314 59
69 270
135 371
506 262
497 61
525 125
34 457
521 163
493 475
247 515
125 120
13 389
284 473
268 10
504 521
225 28
440 535
333 354
419 504
487 375
317 281
130 386
299 487
290 404
193 43
215 28
333 207
69 236
268 356
1 156
450 505
496 457
383 43
502 73
343 262
233 225
217 299
478 262
32 59
385 159
224 398
411 114
154 315
18 193
485 104
262 383
503 230
127 147
351 97
317 278
172 28
125 20
511 308
311 40
215 232
225 85
473 325
299 101
191 534
269 164
310 327
471 280
145 516
56 226
471 97
409 197
422 396
299 377
35 401
311 67
313 217
304 535
267 18
127 502
215 437
233 150
138 145
493 16
411 10
362 191
166 144
421 341
127 97
131 317
338 26
465 138
45 355
237 125
513 154
501 399
480 450
127 255
503 200
502 193
86 387
473 403
365 435
116 356
197 467
145 219
376 104
474 1
183 339
487 43
193 354
439 521
351 355
56 530
361 449
313 105
217 278
459 76
287 316
279 97
222 367
225 344
457 473
414 319
483 418
189 454
530 387
161 495
268 263
542 197
523 334
189 503
520 62
28 290
521 269
207 520
217 13
197 191
399 56
495 247
410 197
184 466
497 399
461 535
207 515
159 184
311 310
276 505
276 205
365 117
34 66
150 256
375 231
275 310
344 308
280 164
515 45
34 263
276 296
59 280
537 60
362 283
145 42
400 373
294 389
70 177
35 303
401 515
228 144
134 535
263 60
317 85
521 279
72 299
108 144
434 324
423 403
450 371
191 354
389 398
173 256
144 304
359 174
408 244
191 223
413 299
21 389
100 227
502 217
145 194
212 384
195 59
263 163
421 66
197 216
132 233
86 333
473 284
176 489
124 64
145 523
44 28
538 400
310 263
15 437
515 161
104 454
410 34
497 21
87 345
450 516
457 259
219 138
411 226
365 530
521 494
308 461
351 515
469 377
53 403
207 373
172 418
219 375
129 361
232 434
372 503
313 520
220 150
365 499
75 435
292 28
299 365
535 352
66 314
351 521
39 266
419 247
299 404
225 306
266 457
362 180
284 523
125 8
247 495
195 345
359 457
290 437
467 197
411 404
233 450
513 537
84 523
241 18
12 532
200 310
399 411
191 69
495 269
474 287
326 270
506 383
138 450
320 243
489 247
159 189
319 197
465 413
45 287
454 43
261 290
373 454
360 36
433 457
61 535
471 295
163 310
284 39
199 514
431 214
56 223
311 267
408 537
119 303
455 224
383 266
227 164
183 457
46 275
274 497
1 474
80 225
125 256
161 260
151 521
168 144
15 384
237 542
220 197
345 457
345 161
530 191
355 287
197 395
401 230
520 392
317 207
295 354
70 193
539 347
480 368
200 419
127 333
513 60
311 504
326 529
6 326
368 537
414 207
134 104
439 402
50 533
147 100
184 203
191 317
278 13
374 357
172 450
268 299
225 454
253 457
521 224
497 28
368 125
370 389
225 443
372 200
537 299
167 34
485 197
14 479
379 112
521 105
521 389
535 488
252 492
516 338
504 9
179 170
142 438
73 457
521 43
28 233
15 10
355 535
310 9
439 151
534 47
311 73
425 361
278 96
474 348
161 18
413 418
147 451
453 154
155 454
530 174
439 200
127 119
413 95
197 66
345 362
191 148
315 484
526 160
57 185
154 510
56 496
523 202
535 182
50 403
280 471
499 272
217 28
408 60
474 467
488 28
32 216
135 169
357 339
274 189
26 38
538 352
85 134
515 263
296 333
423 218
334 290
439 367
299 396
75 203
47 127
132 66
28 521
247 105
32 225
43 478
383 408
326 177
214 60
145 356
220 201
368 259
59 279
114 188
317 183
513 270
311 327
304 144
408 42
387 383
13 199
155 6
78 4
189 104
207 256
239 144
185 192
393 328
156 502
502 127
75 236
200 311
431 284
142 494
242 85
503 70
56 21
135 102
276 438
380 99
417 400
488 59
472 290
64 353
389 440
242 317
326 184
23 521
222 164
278 274
134 520
425 199
538 109
43 60
439 119
506 332
18 9
127 263
499 365
310 122
317 314
275 18
137 450
467 357
253 9
321 328
535 167
222 230
336 228
215 292
535 501
306 217
131 521
454 102
463 525
252 482
497 87
523 431
326 438
461 144
15 262
487 408
488 144
523 394
228 241
134 497
523 72
134 93
269 105
495 207
303 122
505 339
471 207
401 372
535 387
228 283
534 161
217 6
159 381
56 514
66 409
129 199
189 520
197 178
372 147
383 450
78 396
521 199
119 127
409 66
155 505
389 110
440 225
279 263
281 535
444 63
70 396
389 525
207 146
380 473
72 523
241 222
373 193
233 259
306 497
365 231
317 52
255 119
168 341
387 59
542 462
45 274
504 378
56 263
125 134
164 100
308 459
46 119
454 276
255 457
59 28
368 505
1 45
163 358
207 191
302 85
200 495
35 127
304 56
326 411
410 313
142 290
515 222
188 501
126 78
163 106
301 270
454 414
340 514
408 541
230 47
266 423
396 299
338 523
409 314
304 497
472 353
366 101
267 402
408 145
225 338
197 53
438 274
85 299
358 471
299 366
28 189
8 204
530 344
310 521
200 367
422 213
73 193
129 535
10 516
529 59
316 239
334 371
371 125
35 73
199 114
176 100
336 345
344 199
167 270
217 348
338 70
241 402
532 275
521 211
85 189
193 467
296 521
284 487
417 8
542 144
225 535
1 467
280 488
121 8
274 474
281 197
391 192
179 70
225 414
23 46
46 470
317 263
76 56
478 499
199 454
505 523
125 166
122 12
78 521
520 28
242 389
207 121
304 195
423 185
405 535
467 521
420 181
279 217
345 381
275 367
411 39
280 1
19 521
41 161
422 307
207 471
375 411
35 310
230 96
56 338
217 520
223 174
419 97
13 362
197 392
180 262
371 38
247 275
239 345
154 192
73 367
346 371
47 230
173 150
296 325
64 290
175 372
160 62
339 28
467 535
408 214
27 262
439 419
440 66
160 183
41 402
484 69
333 127
145 411
445 464
389 90
103 346
253 515
13 336
535 191
295 97
454 191
20 521
159 528
228 87
114 389
467 355
226 263
489 495
45 191
525 463
520 22
176 228
410 191
195 475
125 220
535 333
50 72
420 377
487 312
389 462
176 151
483 101
241 197
95 10
142 4
233 31
13 14
497 278
502 372
413 246
335 397
355 333
535 216
18 534
520 36
47 247
523 210
528 154
400 262
366 15
408 435
299 198
65 252
389 523
450 138
454 385
495 521
199 225
234 242
13 129
147 247
506 408
497 520
35 504
276 144
201 150
450 342
22 309
299 368
333 189
365 393
189 317
73 413
535 66
411 414
197 438
144 326
308 169
387 86
35 176
236 334
463 28
345 199
163 260
134 34
276 411
229 346
119 503
511 129
241 35
303 400
359 467
13 339
438 426
233 497
533 413
219 328
121 144
506 42
446 191
302 199
85 294
233 220
71 273
278 207
454 521
523 60
362 474
56 37
88 129
63 219
239 529
521 86
59 535
142 396
127 12
133 467
488 354
399 28
20 361
191 326
227 532
461 28
534 419
534 241
277 400
219 262
228 269
345 233
503 354
45 471
365 95
504 419
277 164
304 333
191 345
400 193
207 364
160 356
306 386
310 100
516 179
222 161
125 414
521 87
401 521
277 96
39 533
239 131
275 532
198 263
164 96
15 229
506 523
70 84
200 275
497 467
451 495
199 319
411 314
495 127
86 22
401 73
390 145
239 280
266 39
358 515
223 94
283 144
483 423
535 304
279 348
122 389
365 250
200 241
296 357
401 269
276 317
280 263
28 59
389 172
454 62
244 190
484 285
156 495
56 132
372 119
163 295
150 32
241 419
35 222
506 480
359 530
521 332
296 272
278 144
320 56
513 371
498 457
145 418
193 87
342 38
411 197
340 69
521 444
502 303
311 227
272 42
188 263
255 303
41 333
506 418
495 515
317 146
104 505
126 389
455 138
278 97
278 357
274 389
502 419
122 41
60 39
225 207
310 451
18 151
145 321
296 475
95 42
535 21
418 506
434 437
189 333
421 520
191 359
56 485
401 503
425 371
228 106
333 60
521 491
304 263
326 59
59 333
193 227
473 312
221 457
41 176
233 28
515 176
269 35
523 4
520 304
497 276
481 38
161 521
64 518
13 8
239 274
521 322
333 275
222 241
356 533
59 454
199 205
119 46
355 467
237 514
303 151
18 222
163 263
474 497
263 191
295 279
310 402
296 437
339 226
317 345
199 129
471 197
333 368
73 336
299 85
491 535
9 345
302 281
489 255
535 185
155 399
516 413
151 147
333 345
28 21
259 263
294 160
345 45
56 217
127 217
47 534
105 191
344 274
199 256
228 351
333 228
358 333
334 181
521 490
189 497
333 86
228 336
219 384
496 363
310 470
207 497
210 170
20 225
534 253
521 384
138 423
207 232
86 85
326 497
521 191
304 461
455 145
425 450
345 520
467 497
224 368
80 183
59 474
240 262
317 159
418 270
444 28
504 267
28 85
241 41
507 544
338 93
321 450
479 38
477 437
267 253
393 391
408 393
396 95
225 497
263 105
333 421
15 450
175 310
279 239
530 403
373 305
56 164
56 339
368 541
183 197
193 59
59 354
413 4
365 375
117 334
524 346
361 225
279 287
263 156
374 333
537 393
203 69
44 274
32 167
338 102
443 239
193 13
383 533
443 197
517 394
197 354
303 402
10 64
207 240
244 481
530 189
217 283
317 302
503 216
450 102
8 262
146 85
438 126
454 383
134 85
193 197
100 253
197 74
86 368
268 183
483 408
102 366
410 316
188 104
79 129
299 315
233 181
321 413
515 144
274 199
372 97
310 193
361 462
444 34
242 520
520 182
137 418
256 188
239 121
489 253
86 159
133 239
461 189
392 272
192 391
244 60
69 346
410 345
530 389
199 103
404 290
175 18
425 465
46 67
144 422
389 384
280 351
434 342
129 225
489 260
230 367
268 387
296 19
506 99
104 6
199 150
95 394
344 132
355 488
311 367
46 267
303 127
534 401
163 504
144 348
209 403
497 333
485 339
311 222
268 59
230 336
438 461
207 239
207 467
161 345
6 132
299 102
147 515
296 280
197 424
454 387
423 102
145 232
163 105
8 216
13 170
162 446
119 100
285 7
320 530
351 247
317 220
443 217
224 365
261 7
114 317
224 321
223 185
363 185
499 521
104 459
527 332
42 513
59 87
176 105
353 184
108 159
487 328
263 133
161 100
478 365
188 276
414 521
535 114
159 191
528 304
399 440
313 497
102 307
345 511
304 346
70 211
226 21
455 218
151 495
230 419
219 10
134 125
122 35
401 35
119 520
515 535
263 28
241 151
1 13
411 188
303 354
284 394
287 358
455 523
10 284
188 197
479 320
515 457
179 211
12 503
398 366
225 281
224 299
313 225
261 353
451 12
7 315
488 418
532 105
207 95
373 440
523 70
264 154
411 167
190 371
389 347
8 225
200 327
156 419
101 356
299 212
119 504
207 193
345 316
279 133
295 280
509 217
73 345
383 42
10 299
199 317
359 129
443 497
199 62
59 195
241 311
504 122
18 200
266 418
480 366
456 272
338 109
308 144
96 373
148 191
227 176
517 190
35 228
345 288
296 317
408 84
519 468
184 236
454 463
173 125
161 488
389 521
504 503
296 530
199 531
425 263
9 267
147 367
296 13
102 537
227 373
505 408
542 373
442 342
469 154
542 237
361 36
44 154
299 301
207 304
344 197
254 442
263 125
523 487
229 413
263 144
489 534
100 127
474 488
535 354
151 348
215 129
197 479
491 338
278 199
255 241
127 532
509 311
516 96
62 414
159 385
440 13
361 129
80 129
70 145
102 29
27 245
443 69
224 450
70 321
299 442
193 357
343 219
483 473
56 304
372 532
434 477
299 69
102 513
535 457
467 45
471 520
147 303
384 450
271 29
232 229
389 438
70 290
419 275
303 41
383 224
16 109
357 389
505 487
278 470
362 45
333 56
134 62
115 430
96 180
219 154
15 356
413 116
263 228
365 541
160 497
163 515
456 221
314 317
515 358
279 28
276 189
155 520
520 6
358 521
127 313
343 408
233 69
225 411
255 40
338 354
73 241
276 32
276 66
114 411
163 227
161 470
232 4
72 505
473 154
163 458
534 119
520 333
175 197
70 403
296 86
19 59
240 348
199 361
333 355
535 348
275 372
124 437
353 371
219 455
418 322
521 426
389 262
497 125
373 535
239 296
362 280
411 454
290 353
530 195
102 396
197 468
530 56
239 168
56 345
73 147
46 489
163 9
35 451
365 437
173 535
532 327
411 302
411 229
515 147
418 483
62 146
225 86
338 373
175 176
230 222
454 375
389 431
34 225
430 523
355 296
316 520
85 399
91 457
169 102
481 321
9 327
96 440
191 132
227 451
502 18
267 161
275 230
217 413
389 233
241 8
199 69
418 70
263 21
56 457
21 217
461 497
47 402
163 96
239 317
223 26
419 156
253 247
147 197
451 503
268 370
277 535
233 90
95 437
425 454
417 411
344 21
534 439
240 210
308 197
197 162
127 191
443 314
173 389
51 391
299 70
274 56
42 533
504 303
425 104
535 345
44 199
521 421
521 159
6 438
408 324
393 284
266 473
521 119
56 320
296 239
504 47
521 358
400 535
464 30
111 371
225 326
200 105
511 299
86 457
137 437
160 505
542 36
351 535
278 358
501 290
336 200
389 79
345 405
520 271
259 214
127 362
264 527
313 488
313 351
343 15
374 263
425 271
375 218
345 263
353 290
365 42
356 4
355 199
207 134
429 541
461 226
86 197
434 356
160 60
167 263
163 189
387 385
296 499
147 495
241 310
222 67
223 485
383 332
535 134
56 159
530 290
15 212
389 135
502 260
361 173
175 122
73 495
358 191
234 33
95 533
30 423
102 429
211 39
523 413
95 413
473 356
440 96
247 310
521 247
46 303
25 525
415 389
296 28
433 263
495 241
43 473
95 348
199 28
506 290
102 212
535 281
152 346
391 75
197 238
279 154
199 389
39 413
269 303
18 515
163 316
64 442
281 302
454 86
154 69
521 461
503 247
197 360
315 403
399 114
299 72
61 32
119 147
299 386
408 533
18 311
427 219
33 28
380 365
366 398
217 86
197 243
286 207
191 403
21 191
383 4
59 529
488 296
22 263
328 321
155 521
264 184
360 485
521 9
438 389
502 458
310 70
333 308
450 30
199 182
42 383
41 18
515 119
400 278
398 384
488 513
233 454
73 106
373 468
296 523
535 485
356 365
127 18
94 223
106 228
199 201
245 24
311 255
373 119
119 18
383 413
479 143
173 315
473 533
535 10
47 470
266 381
96 355
310 175
392 3
299 232
1 357
217 365
408 442
201 62
368 465
29 271
520 56
207 6
442 214
46 241
224 138
63 365
21 34
477 450
530 370
372 275
351 287
28 457
45 278
253 504
333 97
467 457
488 467
144 189
387 274
425 17
233 345
87 474
161 241
283 180
410 503
467 258
469 332
269 521
223 243
220 438
454 39
200 509
255 333
505 95
176 400
70 328
132 142
451 200
219 413
163 333
304 13
419 521
242 535
232 408
333 279
122 18
95 450
105 119
530 217
398 299
296 352
377 301
147 176
56 185
189 263
8 535
191 56
245 52
88 392
268 218
115 366
173 69
527 403
521 156
217 399
461 263
303 255
418 386
69 406
13 438
443 535
365 413
389 28
445 211
150 535
365 224
21 520
397 335
520 157
241 333
414 131
255 46
419 193
268 144
263 146
184 371
106 288
275 495
535 197
161 310
414 233
200 164
228 9
344 6
163 176
411 44
358 225
368 239
296 144
296 60
18 521
419 46
61 225
317 362
473 371
346 406
247 253
100 46
535 275
193 348
176 255
266 95
144 437
535 206
471 278
326 226
167 485
121 488
275 41
364 154
172 299
520 263
535 204
108 270
122 534
524 472
442 517
102 430
228 413
245 403
224 250
87 193
306 21
484 315
535 6
537 154
521 52
532 35
134 263
294 216
219 516
345 125
357 403
419 310
268 207
22 28
399 13
160 389
279 108
42 299
9 176
317 132
304 458
274 443
228 278
269 100
356 537
302 197
336 247
41 275
9 230
411 59
542 297
1 354
373 467
86 326
516 513
104 387
163 467
160 95
515 333
521 423
304 189
530 332
338 262
530 26
225 56
163 200
503 106
86 134
362 357
219 541
338 66
193 189
56 197
207 220
278 503
493 191
336 269
399 314
242 199
122 260
229 437
197 251
454 418
159 263
69 472
200 41
183 90
222 200
191 493
14 530
36 157
114 444
288 106
6 167
176 47
199 134
104 438
443 389
104 425
219 404
174 530
43 356
296 384
530 497
56 154
356 244
434 232
455 322
503 402
108 217
13 207
399 189
266 270
339 167
333 280
299 466
356 380
191 355
411 274
180 30
20 233
8 218
145 375
326 217
132 535
164 227
504 275
240 455
418 202
164 495
435 181
191 86
503 67
400 308
377 154
54 418
326 400
365 356
30 187
443 59
176 311
480 396
502 457
488 497
506 219
351 279
199 208
15 332
8 288
223 320
474 345
439 122
454 96
114 132
468 479
306 454
1 316
506 250
455 356
529 226
418 505
368 521
404 2
374 296
399 276
34 28
368 418
15 224
225 283
164 372
199 484
467 278
497 134
70 473
200 151
126 203
161 176
21 39
276 418
173 317
86 239
530 391
299 179
125 167
217 197
535 32
313 515
487 478
134 521
380 356
145 371
176 457
336 311
175 521
534 105
108 21
495 230
56 529
502 367
66 86
219 408
357 438
313 296
250 523
46 372
6 144
511 62
75 377
75 391
530 438
175 127
163 488
223 530
520 281
535 93
225 501
232 63
311 164
6 28
15 322
13 318
399 279
389 309
296 125
241 336
283 8
502 147
418 423
533 437
454 362
185 128
389 124
227 495
197 316
211 445
218 418
310 41
233 361
162 210
202 523
521 538
32 6
535 44
361 340
388 185
317 198
521 160
8 217
276 21
311 503
56 144
288 362
253 451
197 93
35 175
333 45
299 64
262 413
141 199
28 217
345 351
184 38
474 280
278 458
505 384
101 42
85 132
47 401
130 480
366 50
515 260
454 181
102 398
461 56
150 173
217 43
290 154
473 219
338 535
105 275
133 279
65 259
122 9
534 127
346 404
162 3
375 284
250 506
303 9
344 66
533 321
119 367
230 164
461 274
387 239
160 500
313 228
101 430
303 239
71 56
176 367
414 199
276 387
296 189
100 241
454 535
515 241
371 518
154 290
256 290
255 310
504 253
497 204
535 183
408 212
451 41
255 18
241 532
85 167
373 283
150 294
535 520
76 458
134 488
32 530
41 40
125 31
389 102
131 263
70 521
125 104
366 210
279 313
304 529
339 182
144 425
303 451
247 106
446 389
336 470
105 253
127 200
202 27
442 523
411 385
227 147
188 497
467 313
389 224
299 21
491 538
515 402
197 521
247 73
131 239
461 389
295 357
411 264
338 116
129 294
225 468
502 191
383 244
299 513
118 154
287 45
223 391
451 151
134 384
119 389
156 278
384 284
41 419
520 411
57 190
326 138
376 490
115 371
410 471
225 333
6 126
389 463
495 46
357 400
199 411
435 466
299 478
485 8
497 207
164 318
345 21
521 467
299 62
501 497
336 156
56 490
132 85
338 157
351 127
277 464
13 217
371 334
299 154
530 6
338 238
533 473
159 39
407 298
523 324
26 184
495 303
12 161
542 411
389 54
533 328
534 164
39 480
383 473
156 351
54 459
199 447
225 182
310 176
411 268
11 102
408 437
317 32
46 439
521 392
72 224
263 189
47 228
10 321
121 59
529 154
105 327
450 70
144 278
176 327
363 30
13 274
521 114
129 150
440 497
32 276
461 132
237 271
219 321
163 419
521 47
326 304
450 128
230 489
310 303
520 454
87 333
321 356
296 538
163 70
455 325
389 239
290 334
538 345
299 455
488 333
228 105
228 121
44 114
372 175
217 239
455 394
454 60
150 20
109 320
523 366
104 376
54 183
197 71
277 425
435 377
311 269
147 372
86 274
269 419
275 35
18 241
521 41
18 41
299 430
224 331
389 299
506 321
73 127
188 189
308 389
521 70
119 47
70 115
160 66
530 149
342 523
415 457
282 346
404 75
163 474
460 32
357 137
164 504
521 455
501 505
172 322
121 19
313 133
523 437
106 121
230 46
483 442
336 502
323 80
255 267
13 43
519 457
399 389
417 268
70 440
199 329
497 217
485 184
473 266
400 503
193 46
304 62
451 439
521 21
193 535
263 45
489 46
15 343
371 293
250 102
161 12
343 102
13 440
114 44
506 465
155 411
467 359
454 343
247 193
341 259
103 371
95 99
385 314
220 345
245 270
163 457
154 334
256 216
219 332
373 66
532 260
506 102
401 303
233 535
241 534
503 327
357 538
70 348
31 197
374 106
361 220
95 457
164 534
316 144
317 530
41 489
535 279
275 161
414 85
225 279
255 47
273 270
13 325
229 102
276 520
195 270
30 386
422 523
229 194
503 241
12 333
478 348
200 489
376 129
365 403
75 518
506 299
389 129
197 196
401 275
394 457
523 541
310 147
200 40
408 506
438 344
523 42
70 334
201 315
12 336
359 26
230 303
165 154
534 504
207 314
217 189
108 454
98 69
288 87
467 325
306 411
168 36
390 454
380 179
173 201
7 472
440 314
506 84
263 474
315 353
389 298
400 497
47 504
261 514
383 64
534 267
144 438
66 292
289 518
522 154
199 294
494 181
299 307
230 311
419 354
128 377
163 193
72 322
2 69
102 380
98 417
356 290
193 228
229 70
346 69
454 410
207 355
189 52
520 85
127 367
105 402
106 336
159 289
326 387
239 228
70 322
9 372
411 34
275 127
408 307
18 275
308 296
505 386
483 450
380 69
490 332
317 400
311 247
517 321
228 303
163 304
317 191
137 270
242 154
538 521
263 19
521 402
439 502
435 510
130 218
364 254
255 127
161 275
1 295
523 307
85 199
338 219
308 530
94 403
421 36
365 284
274 358
532 127
535 276
12 310
164 333
308 437
19 193
32 535
502 228
521 327
56 359
411 32
352 519
372 73
502 489
356 210
266 348
225 188
338 389
351 295
368 102
181 518
199 353
120 234
193 399
255 275
304 530
160 22
154 522
199 20
225 132
163 164
263 497
304 76
155 276
278 8
225 475
35 336
262 39
259 422
535 515
127 489
15 396
225 104
399 129
21 454
247 228
478 423
356 213
45 279
217 383
263 278
226 195
225 17
50 408
230 227
336 303
197 272
278 399
275 504
471 488
9 35
241 147
313 295
6 302
12 228
506 384
455 272
333 413
191 296
85 173
69 181
521 59
359 270
269 46
280 295
344 155
194 505
280 521
255 311
175 534
373 227
339 217
489 333
372 18
377 75
440 197
163 470
513 69
1 225
542 17
155 216
121 56
474 43
215 262
268 199
230 495
101 539
442 64
396 210
59 263
356 299
474 19
503 144
489 267
56 296
188 270
532 147
87 357
13 193
520 114
521 391
334 403
276 530
225 345
524 152
242 188
142 195
333 35
70 515
389 183
18 227
221 88
310 311
56 525
147 151
303 419
164 119
274 45
305 96
230 41
520 278
411 476
13 457
191 28
345 56
313 43
256 95
504 46
362 225
401 504
383 70
121 70
225 210
184 270
345 226
220 411
338 296
438 21
32 245
217 8
144 296
207 182
12 327
145 154
515 373
131 197
356 348
193 8
299 60
267 46
365 312
317 274
43 403
127 311
317 6
535 521
199 32
308 59
321 95
542 57
443 159
75 334
267 105
96 197
47 207
23 303
503 161
485 195
133 45
247 535
371 403
201 535
423 70
269 372
302 270
127 310
423 371
538 8
355 197
411 444
233 490
131 326
287 59
396 240
130 396
151 191
389 296
520 59
326 189
425 132
193 502
339 34
286 129
296 418
193 521
85 242
513 70
197 363
58 249
443 370
161 520
317 276
317 114
320 519
159 520
146 314
338 437
280 345
487 437
199 520
51 403
226 144
401 454
299 436
47 119
278 314
193 263
191 508
454 442
22 271
241 122
70 310
375 487
127 106
311 122
163 471
164 295
142 78
114 520
336 176
56 106
247 35
521 395
491 225
233 520
414 173
299 115
191 239
326 417
542 109
515 97
341 520
274 438
306 189
242 385
253 470
193 191
411 443
515 46
503 275
193 373
202 348
438 345
13 39
197 273
523 384
287 1
6 216
131 308
250 366
341 296
389 382
535 150
419 119
144 76
295 19
537 541
227 207
105 310
21 167
13 66
130 240
405 191
455 262
15 299
439 147
372 470
161 35
125 153
345 85
495 503
228 400
100 164
22 259
188 485
477 262
155 497
515 217
274 6
211 55
444 239
454 184
542 538
342 102
99 4
219 506
300 485
263 411
239 461
200 47
279 21
197 30
150 340
199 163
239 444
220 28
308 537
401 161
323 369
207 70
434 102
343 145
487 192
446 221
355 96
191 467
438 279
310 255
169 418
193 488
172 411
368 144
463 183
199 285
163 151
317 288
352 296
313 327
495 336
333 66
127 241
324 450
35 247
85 454
30 96
161 502
194 115
495 41
351 45
193 73
389 11
345 400
132 454
8 276
211 299
2 404
76 490
302 189
520 55
161 127
341 160
144 345
420 154
325 170
95 375
271 341
534 451
412 225
365 441
207 199
247 367
15 218
34 411
199 104
255 534
440 373
247 147
336 151
279 289
239 217
193 327
163 46
13 530
485 32
278 339
383 411
147 161
405 333
189 535
351 239
410 314
47 457
521 517
532 40
422 533
179 322
438 6
191 125
66 216
272 389
9 241
336 147
34 354
229 523
176 303
104 207
281 189
128 38
13 151
538 13
199 262
532 41
230 401
191 225
419 313
345 6
411 144
385 225
217 497
296 160
13 485
411 215
315 184
227 122
238 56
69 103
411 520
304 216
255 402
397 371
333 239
333 310
305 355
383 494
163 296
497 39
311 333
95 203
190 290
303 504
276 542
230 470
125 521
277 57
537 356
193 316
30 57
500 403
339 235
389 84
166 235
389 168
225 373
503 495
229 322
454 474
88 457
389 89
215 82
315 334
284 437
193 70
389 520
505 394
535 283
127 40
225 317
311 161
193 336
41 327
331 450
7 261
163 156
515 439
419 200
30 450
303 470
226 530
521 46
127 73
414 485
105 269
365 99
357 217
30 190
119 197
305 278
228 374
217 184
451 367
455 380
241 502
388 102
353 484
506 437
161 40
163 410
515 100
345 497
488 295
338 316
467 362
401 47
55 499
495 200
535 225
43 299
516 366
287 354
380 284
408 523
534 255
303 489
511 418
200 502
299 332
515 207
13 491
41 230
126 69
122 310
126 290
34 188
211 38
523 145
534 230
193 105
456 196
259 132
276 93
455 513
535 344
521 303
121 197
474 389
419 509
299 15
396 246
147 127
478 487
521 19
357 338
104 520
35 269
277 289
397 102
396 465
400 521
304 308
385 350
217 296
70 465
8 409
41 147
444 199
454 206
263 226
326 443
255 503
345 485
482 65
216 191
344 389
154 113
9 495
207 197
278 488
535 403
344 454
47 400
57 264
534 73
114 521
188 28
410 362
56 374
355 198
173 129
502 156
125 132
99 356
457 466
193 279
255 345
509 147
42 60
147 263
483 510
163 402
203 466
72 473
23 345
59 467
362 352
6 535
199 535
234 314
131 279
463 233
324 102
219 322
385 389
451 253
197 13
299 194
425 309
404 69
122 495
501 521
14 320
269 311
372 45
86 497
91 191
12 521
98 299
253 35
515 156
489 509
480 212
310 489
169 505
535 302
101 466
305 283
35 164
434 516
333 304
422 117
225 256
383 211
435 64
336 100
345 389
352 530
503 191
279 535
334 75
164 521
176 161
278 70
85 206
443 125
389 77
537 408
502 263
278 287
73 217
400 280
105 504
515 278
207 290
191 520
45 296
469 38
225 520
241 267
376 466
13 400
133 274
400 62
472 152
195 183
340 414
47 18
155 28
521 38
14 94
473 270
60 473
223 475
190 517
22 422
47 503
199 344
222 127
503 59
276 239
189 32
299 465
501 189
207 59
344 114
520 425
28 292
488 462
280 296
443 56
485 300
365 138
151 532
127 451
390 21
201 220
14 521
523 343
505 500
193 200
345 317
154 420
442 413
471 313
190 96
439 35
125 371
199 340
489 207
315 154
168 56
168 259
499 39
230 9
165 518
73 535
326 116
207 505
532 372
469 437
282 285
424 102
197 109
241 503
137 95
125 90
105 247
119 253
340 85
499 244
310 275
383 60
296 99
469 26
32 520
226 8
276 155
207 138
264 69
520 530
346 524
504 532
515 401
333 87
398 408
425 545
33 146
357 216
438 497
263 239
387 146
538 210
202 483
216 535
521 355
207 201
280 357
144 336
227 535
73 200
542 389
418 102
241 345
303 47
101 244
357 45
351 191
274 191
322 232
261 282
197 456
351 59
474 228
95 4
188 184
431 342
454 144
408 386
467 83
346 154
13 300
130 523
226 529
425 368
320 357
102 218
211 137
365 4
287 313
314 485
1 515
365 450
317 193
336 46
473 138
422 457
132 108
188 454
351 147
225 355
163 495
515 351
222 269
296 170
313 503
393 69
99 219
491 438
132 444
346 261
203 184
400 263
95 231
253 217
180 432
467 239
119 228
411 21
488 399
506 450
443 86
132 144
451 161
232 30
299 457
41 253
198 389
253 532
389 15
54 411
134 168
399 217
414 62
345 514
278 87
277 8
392 345
389 434
193 532
319 535
521 465
10 356
274 316
533 219
188 302
283 362
362 521
414 183
520 181
132 274
215 240
515 106
18 228
82 28
266 42
520 161
521 220
225 471
290 346
521 308
63 69
47 495
218 349
146 381
155 134
46 127
45 467
530 59
280 59
189 270
217 59
7 346
95 64
528 76
241 227
418 240
423 321
357 66
362 96
73 12
489 310
355 225
515 191
15 418
373 8
163 204
219 102
133 521
357 39
308 376
535 325
28 399
173 171
134 182
242 114
65 129
228 495
168 488
338 185
240 437
368 520
197 112
278 56
507 125
31 225
299 537
191 461
478 192
386 437
200 35
454 155
513 386
389 465
299 284
290 484
159 199
356 70
147 534
530 365
222 534
346 420
156 13
389 457
181 490
414 150
180 190
44 225
425 262
228 197
100 372
239 389
521 410
310 200
146 387
102 84
454 437
129 233
357 520
163 247
445 30
279 474
147 12
271 102
261 484
125 326
528 450
96 413
268 145
233 201
537 423
161 279
495 489
44 326
349 438
368 480
69 203
338 457
201 27
9 73
521 360
9 255
230 253
460 61
389 307
542 308
411 131
45 144
228 389
263 56
284 478
193 296
168 129
365 179
346 518
163 277
372 495
200 228
479 468
35 241
359 403
535 154
488 545
23 336
345 225
537 403
164 151
310 419
280 278
227 310
176 40
427 299
513 210
417 129
356 418
541 213
499 55
478 185
303 521
467 263
176 401
535 338
215 326
200 46
195 404
311 402
326 32
151 263
435 371
537 95
122 164
530 520
266 60
176 127
412 535
242 183
279 339
120 154
455 473
317 290
145 95
326 115
425 22
114 233
299 383
304 362
95 69
503 47
521 348
104 182
304 154
408 366
336 275
191 488
304 85
211 325
451 227
418 69
216 256
73 521
535 38
167 521
155 85
101 483
220 62
222 532
197 158
255 35
159 389
515 228
534 100
183 497
163 357
20 340
479 195
41 46
253 47
173 521
197 338
43 95
488 193
179 328
47 227
134 438
255 401
227 333
380 478
230 73
296 183
86 141
373 362
506 371
28 333
8 418
314 234
311 12
224 214
454 114
502 509
439 40
497 283
46 367
317 144
72 356
513 523
425 299
502 288
495 73
119 200
338 359
59 308
302 28
191 19
391 435
163 318
163 534
487 321
207 344
272 266
534 18
315 103
474 521
326 8
419 495
485 345
537 69
351 217
523 356
305 373
304 521
535 499
43 321
8 87
31 182
84 15
100 327
397 299
255 439
102 343
131 528
515 419
18 333
534 122
357 144
142 126
357 332
132 317
224 480
46 151
70 95
32 346
417 299
61 197
364 315
34 144
35 41
338 357
191 352
442 99
287 133
278 197
300 38
455 348
207 423
30 74
134 339
33 345
276 6
532 402
333 327
263 520
131 21
520 387
18 327
288 121
516 63
359 109
371 184
128 391
70 262
3 26
454 85
465 396
276 414
275 105
450 95
162 392
532 9
225 197
400 97
483 202
222 12
419 176
220 20
242 159
95 26
443 21
276 191
163 241
304 45
161 239
349 344
268 339
275 119
230 18
343 450
493 520
352 520
225 201
282 315
15 342
317 239
299 10
319 150
46 253
480 138
35 200
520 461
299 394
542 30
339 317
284 10
454 374
333 225
283 354
165 181
393 43
356 262
521 313
195 197
537 371
101 480
225 183
419 316
259 233
346 152
480 408
189 443
268 191
504 73
433 389
372 401
99 473
502 495
417 511
442 481
167 389
18 175
47 241
211 391
132 344
356 116
70 356
95 38
276 197
362 13
414 8
422 183
520 344
299 342
23 333
372 534
294 189
163 34
127 354
401 311
1 19
431 523
313 354
294 62
283 263
199 154
442 244
127 269
296 213
65 542
520 389
102 290
371 135
311 35
28 34
362 66
264 522
176 35
320 468
451 401
253 119
339 166
111 466
399 345
70 277
319 20
456 389
372 419
28 167
344 239
454 202
336 267
454 263
390 56
167 535
164 263
122 515
197 412
454 225
344 276
313 287
389 459
326 194
409 345
1 239
530 308
474 279
521 466
8 96
515 279
130 513
70 418
207 225
513 394
319 521
446 521
530 14
191 247
353 334
483 262
521 370
154 118
102 539
189 387
155 104
296 197
233 330
26 371
508 457
102 523
365 521
95 472
122 372
389 407
47 222
119 311
338 325
388 450
389 25
104 263
509 18
529 56
294 340
264 64
290 69
280 144
12 40
17 197
179 380
313 362
520 13
540 28
532 161
147 175
336 106
471 296
179 218
70 137
168 102
144 461
228 35
114 302
104 317
104 345
389 343
43 211
44 520
365 328
278 19
504 35
345 535
504 502
34 535
498 129
521 188
282 103
200 267
313 200
454 70
18 247
373 180
15 213
339 86
516 219
499 210
66 520
39 130
345 354
108 345
167 529
521 488
15 523
13 280
299 84
385 339
341 36
383 480
131 270
102 325
32 339
320 521
268 385
410 339
274 444
344 306
520 521
423 473
520 274
310 372
100 105
333 521
223 195
523 124
163 413
529 184
326 21
473 380
6 276
521 100
336 222
399 104
318 535
247 374
361 480
278 191
393 39
127 402
333 227
239 159
342 394
188 59
180 145
148 350
384 218
521 401
317 156
70 437
89 28
163 354
408 505
117 192
417 207
76 454
146 521
299 4
295 156
176 503
410 454
521 344
336 509
275 451
184 334
418 321
34 235
15 232
176 532
502 327
70 122
127 267
338 210
78 126
19 488
98 443
401 176
439 247
284 418
412 195
13 185
200 119
383 217
200 402
370 454
497 308
423 145
176 310
18 362
219 505
418 434
467 207
134 462
540 292
176 41
372 402
299 411
32 304
306 66
207 8
159 56
303 119
483 130
521 176
146 207
207 120
127 419
42 413
308 86
497 263
46 204
503 401
400 8
523 325
383 521
144 513
57 74
297 57
170 210
91 210
253 127
264 377
483 383
389 333
440 317
239 354
389 542
454 497
383 516
264 518
400 457
47 489
330 81
328 219
19 317
160 437
8 299
513 380
102 145
35 67
420 403
43 270
521 230
345 256
455 266
191 426
56 121
446 66
446 395
408 430
278 467
3 332
520 199
221 216
521 164
219 450
46 351
162 457
454 283
306 389
273 94
532 67
76 459
76 69
102 394
227 9
15 480
191 391
388 262
119 495
283 278
146 182
100 333
150 521
523 418
225 467
311 253
125 69
192 117
321 145
408 423
373 516
534 147
299 218
530 270
310 228
95 442
70 386
535 444
346 290
308 69
70 533
126 6
127 175
534 228
419 336
357 317
198 474
443 290
311 470
396 266
451 419
160 541
516 380
439 9
487 505
485 290
481 244
389 437
230 277
95 334
471 8
284 219
473 435
489 351
306 450
222 41
56 444
521 141
275 509
389 429
101 371
229 383
268 8
355 521
9 351
296 214
224 366
209 38
283 333
361 233
138 516
263 287
274 503
432 516
408 394
230 260
217 191
299 418
229 299
221 325
280 133
154 301
297 30
535 256
343 290
345 87
278 348
10 231
334 375
542 535
469 435
10 95
400 389
469 264
125 463
489 119
496 432
184 510
310 230
521 502
506 537
383 137
197 320
64 43
362 296
361 150
365 537
342 506
268 383
321 478
269 147
353 64
43 333
320 37
165 145
278 535
175 327
530 320
473 481
296 345
440 79
42 537
57 180
502 351
542 446
86 271
86 370
99 259
30 445
225 457
161 47
167 520
155 225
66 389
515 520
133 345
296 93
100 419
474 191
244 466
145 384
296 410
304 454
34 167
13 87
389 31
301 24
163 317
62 276
338 194
12 451
163 348
8 411
22 60
253 502
193 106
268 146
326 62
35 193
183 345
239 165
73 199
497 314
506 539
542 129
15 408
215 299
114 199
383 505
375 138
454 523
231 64
474 295
261 285
73 207
520 197
413 43
132 449
21 344
217 438
165 64
35 419
317 182
535 59
383 102
431 450
405 339
255 288
159 443
411 375
523 506
455 483
425 168
480 124
86 454
487 423
132 461
373 59
220 340
76 225
438 134
263 354
22 457
176 451
505 537
345 34
41 310
219 533
279 274
229 15
438 276
417 345
18 260
224 95
334 117
516 95
155 207
122 504
268 21
336 241
279 188
229 505
225 302
296 45
306 86
277 440
8 308
179 356
197 187
13 403
227 70
306 520
413 356
146 454
393 441
418 365
521 108
535 13
217 263
106 521
168 271
26 435
127 327
515 303
73 18
105 532
304 485
70 423
296 288
8 511
299 454
333 278
223 191
100 41
469 117
338 216
163 373
151 367
70 227
299 381
303 503
523 537
155 233
497 317
336 504
145 59
56 288
102 322
227 400
274 333
454 95
400 538
481 442
344 85
95 404
10 437
103 484
56 163
455 413
267 327
13 317
425 277
414 129
197 446
521 333
288 56
189 370
13 156
242 521
239 108
299 375
37 357
358 280
255 147
289 117
467 156
513 383
509 119
520 339
6 344
142 349
333 520
168 60
147 532
411 69
131 229
46 532
530 8
197 362
193 314
102 347
87 8
241 451
537 533
86 462
467 410
467 129
280 333
47 147
75 69
326 215
167 217
389 153
371 377
163 440
301 391
454 366
319 201
224 137
334 236
465 533
521 56
299 427
516 299
521 489
60 43
393 533
384 102
85 344
313 471
268 292
200 336
520 216
516 375
362 454
269 122
515 495
534 303
35 402
18 451
451 228
240 480
389 181
399 62
535 160
253 191
201 95
146 86
535 199
440 140
506 224
372 509
359 491
163 439
389 65
160 202
159 104
461 454
212 371
201 414
147 35
450 24
125 235
321 284
537 429
219 441
56 466
472 48
399 535
127 193
13 502
253 400
356 346
79 440
534 509
263 167
108 195
268 521
521 381
282 353
56 404
305 400
315 391
197 55
263 275
144 279
156 1
304 28
121 345
41 255
46 310
445 190
160 271
219 229
503 333
314 385
351 200
169 60
461 125
33 399
279 19
299 490
285 346
268 276
56 362
528 524
65 462
43 64
161 73
504 327
162 538
200 9
188 155
389 506
355 277
225 155
79 450
220 319
389 56
515 274
78 218
233 154
223 56
443 28
147 122
142 231
227 439
456 211
211 190
358 474
349 6
190 57
523 513
199 52
276 62
193 19
266 145
520 341
310 515
355 156
333 283
220 95
32 263
417 28
411 104
497 85
513 102
225 21
125 472
467 59
275 100
195 184
145 473
163 303
155 93
521 480
219 473
372 144
316 474
513 375
423 516
313 278
299 343
296 233
419 191
535 210
496 251
417 538
37 485
134 304
21 443
142 181
179 224
193 280
345 19
454 239
311 401
22 418
158 191
346 103
120 399
191 184
85 497
521 338
278 317
362 106
423 39
488 317
408 224
6 104
41 119
259 523
68 199
296 157
31 371
42 210
511 207
19 45
69 118
102 442
346 52
413 380
422 408
460 52
373 521
389 68
387 21
425 34
70 503
503 217
393 365
515 313
396 450
164 532
275 327
104 411
194 116
133 392
383 483
105 147
134 276
317 120
399 281
65 482
201 294
360 109
44 132
396 284
32 189
13 106
339 263
47 260
534 515
533 43
94 14
43 394
108 314
451 241
296 338
503 400
225 220
266 435
56 184
408 219
9 269
85 197
530 362
521 365
199 188
43 204
85 520
308 62
101 436
303 228
9 41
164 419
362 399
521 102
493 433
95 211
8 387
130 455
299 117
9 40
85 6
489 47
488 163
276 497
349 184
419 35
70 244
220 361
161 43
76 197
72 366
99 380
41 67
242 345
310 439
452 154
501 262
394 403
340 220
188 326
339 341
520 160
540 400
451 260
256 207
188 56
295 278
43 219
454 311
47 327
152 69
269 127
455 219
268 197
1 97
520 159
368 442
376 521
228 239
396 437
197 179
34 85
197 486
336 372
443 183
516 365
533 393
15 102
253 241
197 332
241 100
150 225
1 351
230 193
173 290
443 191
406 484
446 272
388 516
296 316
279 45
193 303
515 316
427 383
299 270
521 503
344 520
321 408
222 40
183 389
435 117
56 274
266 170
227 119
454 384
188 385
521 267
39 380
255 207
217 289
401 18
201 129
396 505
513 284
122 458
197 136
151 269
63 290
303 23
509 151
145 185
45 263
137 505
127 351
495 228
61 345
489 451
520 70
144 34
164 127
194 437
336 144
413 42
28 463
355 239
472 315
351 228
9 247
504 147
401 175
131 125
50 393
373 189
343 523
179 533
344 370
247 241
225 43
530 461
159 86
75 245
299 398
47 253
287 279
275 336
216 362
96 190
461 59
523 321
295 339
102 15
119 9
27 423
151 303
147 419
311 46
540 197
497 32
204 386
99 394
415 109
156 354
492 65
391 128
365 246
385 146
234 381
530 197
148 389
399 188
363 187
401 367
154 117
183 28
411 159
535 313
155 197
409 511
411 148
503 471
189 411
32 199
521 443
520 225
299 403
419 535
318 198
286 93
504 207
488 437
396 356
122 227
535 100
529 263
521 375
268 195
520 279
179 413
503 127
256 389
188 125
189 125
511 138
132 31
384 290
535 125
85 361
306 34
464 57
454 145
127 303
442 473
338 346
131 274
95 321
479 403
122 191
1 121
191 542
284 380
497 458
521 311
461 304
419 239
363 486
338 386
520 120
32 191
370 86
53 479
33 120
408 342
299 59
284 386
504 241
175 207
163 345
392 129
411 427
345 97
504 509
506 212
13 59
502 47
471 263
105 127
268 62
455 102
521 126
413 328
336 23
41 200
6 530
27 69
13 137
516 145
134 344
194 413
389 29
454 189
3 88
233 129
503 521
168 160
73 35
351 488
503 40
146 317
346 301
414 381
220 389
365 480
525 536
303 269
497 8
267 67
233 81
362 317
444 188
425 36
199 448
266 102
151 275
223 403
521 437
406 329
405 197
530 457
155 438
372 339
535 296
487 262
520 168
276 59
530 274
121 400
202 356
521 4
42 408
161 503
475 13
425 333
44 521
56 497
446 520
119 8
474 13
199 543
399 362
219 427
39 483
28 32
423 266
13 34
63 450
184 181
163 502
151 127
47 367
147 439
419 471
283 457
300 403
365 270
197 415
47 9
474 535
155 344
189 167
368 214
295 59
32 461
515 34
399 521
477 488
323 65
296 275
461 299
230 43
122 46
200 503
188 225
443 339
217 333
521 30
165 371
423 38
542 259
296 276
119 400
520 497
349 521
47 46
530 32
275 303
197 91
118 403
253 97
505 450
303 502
25 490
32 62
487 95
454 304
455 384
269 502
59 339
361 20
451 46
233 389
471 217
303 515
501 345
313 474
114 104
32 460
219 418
310 227
521 414
326 538
72 430
530 317
39 394
372 303
134 173
166 339
200 521
443 444
474 454
218 455
116 194
167 317
356 523
408 388
467 391
294 520
515 509
344 438
478 299
461 438
278 263
516 15
132 4
13 304
342 262
317 535
299 437
513 516
333 419
27 500
116 262
86 308
20 535
422 270
154 391
199 500
328 533
497 362
85 28
338 129
410 400
47 35
146 399
535 55
468 71
366 72
303 333
8 207
66 418
127 495
234 289
146 189
215 411
249 58
32 317
338 391
288 296
392 8
193 239
493 403
261 69
504 515
46 401
380 455
104 146
380 413
442 284
60 244
313 280
200 451
268 314
60 160
13 38
183 418
472 282
387 497
313 239
314 399
306 197
197 389
321 42
483 384
376 183
502 333
430 450
542 464
8 389
45 474
42 39
188 274
121 454
133 295
368 299
144 21
156 263
267 310
147 230
47 255
521 17
411 529
471 225
255 495
124 219
342 480
373 542
226 191
495 333
181 494
357 399
451 67
294 543
311 521
392 162
197 211
484 346
240 380
228 275
313 339
383 131
224 386
73 372
163 18
272 394
411 165
13 273
454 306
73 161
35 161
271 22
268 138
211 523
331 218
19 351
467 122
43 408
445 394
163 283
232 380
190 69
164 280
224 145
268 96
32 145
296 542
263 43
509 310
339 21
310 367
15 541
277 30
159 535
278 474
521 193
94 273
119 191
467 272
489 230
163 362
69 403
199 95
520 173
211 480
477 434
172 197
73 515
36 450
176 241
451 311
358 274
295 521
151 311
120 146
535 132
73 400
197 157
422 465
414 242
219 356
224 454
266 272
70 38
410 207
411 145
122 228
538 216
232 102
179 505
124 408
303 247
419 439
201 361
274 461
228 200
463 31
13 189
389 66
44 389
542 316
163 405
271 214
299 262
146 199
280 313
535 28
12 18
356 99
41 534
516 384
383 386
469 522
338 270
127 164
225 191
150 233
283 228
87 263
342 307
228 502
48 315
84 70
509 345
73 509
516 356
164 70
59 207
72 99
504 176
151 35
420 315
21 28
146 62
344 62
78 290
22 421
294 220
516 218
533 403
529 535
383 365
175 504
167 226
62 399
46 419
457 309
199 61
127 401
535 399
24 236
503 296
86 28
425 521
137 224
9 489
539 181
493 195
15 219
164 354
119 255
15 431
431 408
195 371
122 175
414 535
516 480
104 195
485 497
390 383
514 290
119 439
19 189
274 59
521 40
199 472
102 397
133 474
521 542
413 64
245 51
228 230
175 200
278 440
280 400
523 430
125 259
344 8
122 119
215 538
57 96
439 310
219 383
497 400
435 490
344 144
222 35
190 394
438 491
56 521
418 224
439 327
160 129
434 450
47 515
495 372
499 270
35 503
168 296
466 457
229 262
122 100
164 197
465 356
207 241
151 46
399 146
207 278
411 365
203 435
16 297
156 471
195 396
272 521
474 333
296 450
537 135
521 66
15 124
222 122
164 8
504 311
480 516
69 453
163 191
217 454
534 41
422 218
542 28
515 470
455 70
467 499
256 340
419 401
350 148
521 383
383 299
85 104
274 217
228 354
521 513
160 233
215 400
56 165
159 444
102 408
197 221
277 532
440 283
516 434
163 311
531 171
497 385
338 491
144 497
521 147
393 371
168 262
230 439
8 339
529 345
8 400
56 107
145 505
523 262
319 294
473 290
410 280
256 520
408 356
259 36
130 465
521 189
225 304
375 95
394 436
408 413
43 380
280 410
311 336
125 520
215 345
100 521
122 439
502 345
24 75
233 197
191 21
47 311
487 371
64 299
180 375
239 488
13 458
304 225
304 450
333 46
392 457
101 343
333 351
451 303
278 156
8 144
304 344
362 288
370 8
288 13
271 99
100 378
106 362
503 18
509 515
345 356
80 132
27 95
520 357
408 43
359 391
338 520
478 380
259 65
411 184
134 155
306 418
193 216
299 219
105 228
119 67
59 108
358 97
195 242
274 279
278 283
339 32
317 189
253 495
495 253
393 403
18 127
127 161
207 73
497 521
72 342
37 389
408 321
191 263
28 263
219 232
69 75
137 500
505 442
411 370
32 514
299 43
345 134
150 129
190 332
411 56
400 274
451 122
225 129
161 267
195 485
429 437
232 299
333 488
85 20
45 239
535 340
233 199
256 312
383 145
336 503
159 383
154 452
372 217
219 95
124 299
368 60
42 348
414 144
268 530
13 70
121 191
258 467
181 184
151 18
240 70
357 210
102 321
396 455
509 333
278 193
356 394
480 437
451 73
163 222
163 314
355 45
23 253
88 109
73 9
523 365
168 520
304 217
132 90
535 36
243 109
542 13
296 520
12 367
165 353
396 218
211 422
373 197
483 266
259 99
59 357
239 405
302 317
485 167
411 530
15 513
299 429
46 12
197 325
479 26
300 195
225 81
523 398
534 470
423 483
302 520
70 224
160 341
346 7
142 203
220 207
263 461
497 225
141 457
454 56
164 367
147 502
273 223
356 455
533 380
290 26
207 410
521 509
317 304
310 73
440 8
489 122
114 270
542 157
389 141
146 183
46 521
215 314
197 26
495 191
431 513
358 457
372 336
532 336
358 316
132 457
516 57
6 387
277 163
308 465
263 182
279 1
513 95
195 412
138 386
132 389
191 106
389 490
497 197
88 499
35 532
380 70
240 224
503 228
275 351
489 227
319 173
339 497
380 262
483 321
119 283
208 394
532 521
333 193
443 215
219 179
13 399
45 354
75 117
288 400
215 418
104 28
259 197
537 365
440 425
161 327
283 305
144 339
276 182
144 167
283 400
119 193
73 534
27 154
317 206
521 378
70 210
191 87
405 521
425 129
321 473
336 119
474 180
127 503
189 344
308 497
523 240
164 269
9 253
535 104
145 299
521 95
200 260
466 184
532 311
282 7
311 151
122 269
125 505
191 197
43 422
127 515
480 262
183 225
197 464
483 154
275 535
406 315
406 353
59 145
411 344
506 397
535 503
389 433
34 278
28 535
389 442
455 437
13 351
484 472
244 39
299 331
189 304
219 380
419 9
195 403
419 333
272 473
444 165
454 433
319 414
197 174
132 134
372 151
247 311
305 521
147 345
521 219
137 138
389 166
286 535
417 292
202 380
411 276
142 132
277 333
313 207
310 161
8 437
263 134
183 22
164 439
413 423
473 413
535 385
228 362
21 279
410 521
443 263
334 184
225 389
86 389
135 293
467 503
425 341
259 368
159 197
255 389
474 520
317 45
535 278
442 356
489 327
521 120
56 468
351 275
91 520
308 21
33 454
287 263
44 443
130 322
338 352
471 216
479 243
46 327
233 323
528 453
339 461
119 372
163 122
232 418
46 260
454 121
73 191
130 84
399 333
280 191
131 339
421 333
269 336
147 336
225 61
317 385
497 291
215 8
336 12
317 296
478 202
281 154
180 505
175 451
333 418
530 521
529 32
435 522
515 13
299 539
315 524
299 36
438 520
233 125
410 216
144 134
163 175
247 46
241 207
520 76
339 333
12 241
479 56
472 7
474 313
345 296
268 400
494 117
41 241
542 272
32 28
533 478
457 271
18 122
211 307
521 10
333 259
253 367
411 217
137 516
6 56
480 60
211 483
310 401
104 85
515 296
313 189
528 355
263 488
159 438
411 290
266 184
488 217
411 339
529 270
18 401
299 322
521 299
18 303
521 228
359 389
56 354
455 10
247 9
160 333
284 299
506 356
250 505
56 454
189 306
175 401
145 96
439 372
19 239
326 262
35 345
304 520
85 317
410 389
42 423
419 100
148 56
87 288
483 386
384 418
100 9
232 394
304 399
234 104
24 154
408 434
389 101
485 216
73 310
520 184
15 290
535 95
271 356
191 374
542 65
521 495
267 35
534 327
161 497
515 18
357 93
433 197
134 296
504 40
501 389
119 175
408 290
348 356
263 345
324 437
133 156
101 422
485 314
425 411
443 184
338 38
451 255
127 46
280 515
70 130
230 351
521 137
69 315
308 6
46 333
371 190
197 88
255 521
108 34
392 109
31 339
534 175
399 8
423 334
37 223
454 87
125 173
218 8
144 156
370 345
506 516
131 69
347 371
389 537
165 384
279 528
126 344
526 60
227 457
509 532
266 69
73 197
191 413
537 505
389 214
533 356
454 15
230 267
183 8
339 6
197 209
274 287
430 101
311 200
222 47
191 336
144 45
495 18
419 263
296 341
362 204
455 43
96 43
283 389
159 345
56 389
313 333
188 34
37 530
495 439
419 164
32 217
467 488
528 472
349 69
199 245
471 70
158 39
284 533
499 38
269 495
281 225
333 104
504 310
145 138
410 288
73 451
489 504
440 411
283 520
454 134
236 69
167 195
275 296
372 35
408 516
188 290
504 489
528 152
28 371
254 290
385 317
133 419
121 288
278 133
521 210
86 520
456 325
34 219
535 474
21 383
456 520
247 503
412 354
375 348
356 218
503 303
278 497
361 389
176 73
263 365
368 86
220 125
191 253
13 133
311 18
521 354
156 336
289 245
56 317
303 227
199 505
9 310
322 342
495 367
450 321
400 299
484 334
520 349
253 345
406 69
173 233
242 444
542 22
163 497
131 389
520 167
467 216
193 362
535 45
299 483
389 250
119 451
28 173
408 262
1 333
198 318
168 477
411 154
73 8
185 403
303 336
41 502
361 294
227 41
145 390
509 275
421 521
254 4
535 295
502 311
296 497
345 193
28 538
47 345
101 366
467 520
122 151
13 538
192 38
47 200
280 362
102 335
230 509
521 352
281 399
374 191
225 199
119 401
338 177
401 119
380 102
313 45
131 132
156 133
179 523
57 403
529 304
373 497
191 339
290 95
344 521
515 253
387 215
418 523
145 383
119 336
542 199
506 423
313 357
147 47
256 104
18 119
18 310
144 316
28 154
229 516
423 505
114 155
141 225
521 255
496 30
256 414
317 188
383 143
86 17
521 405
455 505
521 184
72 442
489 521
256 85
280 279
313 521
326 44
193 278
197 499
13 475
497 505
156 280
225 400
147 521
268 389
523 457
200 253
46 73
345 218
76 304
184 69
99 95
502 164
295 355
528 48
85 404
263 389
43 371
389 99
262 143
168 466
207 400
13 352
31 28
20 345
114 281
340 62
183 361
357 454
459 125
321 43
469 420
46 41
284 365
138 231
336 191
481 483
299 266
226 339
520 239
133 56
462 233
389 259
191 217
47 532
228 56
76 86
299 231
421 526
339 66
278 277
304 245
485 385
63 411
333 339
515 372
129 220
41 222
534 336
96 299
456 88
175 275
163 520
9 275
268 240
127 467
372 535
467 348
425 317
163 13
255 515
414 20
20 201
197 249
201 290
24 192
423 95
339 326
317 520
278 316
137 290
344 189
63 232
408 299
301 154
104 289
119 351
326 6
368 523
144 357
451 310
263 193
495 263
86 345
366 343
45 59
104 389
338 115
495 458
193 400
22 333
184 490
30 521
215 511
281 32
357 56
411 146
211 95
408 266
85 34
495 164
121 351
287 274
195 108
164 228
102 386
434 299
419 269
247 13
372 521
489 161
521 387
299 116
189 191
230 451
333 497
360 270
358 263
7 245
377 490
434 322
132 345
147 119
421 339
193 497
372 354
239 474
191 535
188 344
299 390
396 321
425 506
302 225
276 263
150 154
408 422
100 161
165 69
400 283
408 513
515 127
387 389
469 403
125 168
102 356
534 372
341 271
530 529
499 354
160 457
405 345
163 19
418 266
467 106
66 109
130 483
172 86
21 390
239 535
95 396
197 258
46 495
122 176
523 219
534 191
419 327
296 207
253 46
506 95
408 322
227 515
276 129
147 164
317 104
105 534
269 367
227 327
145 331
15 135
311 47
73 348
6 520
478 219
339 389
535 461
340 207
263 87
275 241
336 193
193 402
46 147
176 200
523 516
96 432
306 28
336 18
275 534
454 13
266 262
467 351
413 437
57 381
530 184
399 207
13 520
156 454
197 56
472 154
167 8
495 260
278 34
258 445
179 396
126 520
253 41
509 230
12 303
342 442
132 80
345 326
333 373
59 317
359 56
56 76
85 188
521 23
299 541
42 321
341 168
9 227
471 199
243 320
511 326
173 28
223 332
229 116
465 384
164 253
277 389
32 61
351 280
345 217
125 144
444 270
520 156
65 76
296 168
368 341
342 322
225 543
163 228
253 100
375 380
296 182
488 355
213 422
80 477
408 102
224 322
244 4
271 457
272 542
502 105
400 339
8 10
35 46
463 90
368 224
96 30
85 114
18 439
201 233
314 387
509 402
72 50
336 175
108 125
390 365
50 366
121 217
119 402
50 371
488 535
389 252
521 34
120 520
357 374
253 521
333 288
444 520
179 499
365 75
239 156
267 534
384 437
423 418
520 272
156 295
197 225
384 473
121 279
311 532
535 20
164 310
296 259
59 133
69 377
9 503
497 264
18 267
73 46
43 393
333 372
515 122
515 451
263 39
530 154
515 362
496 297
76 339
95 541
269 534
465 224
530 433
197 436
338 411
72 398
23 327
361 141
247 439
227 47
523 322
389 276
18 35
84 506
480 435
147 106
47 122
86 125
197 293
310 253
365 263
534 46
253 534
370 217
350 385
276 345
530 226
47 419
439 495
283 217
296 526
304 528
146 501
100 495
199 207
101 72
339 188
128 403
423 207
32 485
523 95
520 144
408 101
20 129
219 224
534 532
207 361
513 413
264 332
445 55
64 96
463 80
276 389
47 267
296 97
411 195
455 4
239 191
311 451
454 365
334 404
247 191
33 154
70 207
267 470
163 230
70 69
70 413
297 96
451 47
346 356
444 21
534 35
383 218
431 299
439 275
474 362
176 269
414 256
230 40
191 274
430 72
150 197
6 339
419 105
227 18
389 536
131 383
37 56
474 144
167 144
474 355
59 39
104 8
317 333
45 488
147 227
454 69
132 56
207 327
343 214
317 19
197 300
199 146
117 403
525 435
295 333
455 423
513 202
241 46
313 345
389 160
444 344
184 290
179 321
468 13
163 180
119 267
413 232
145 63
134 513
334 377
222 504
299 324
467 228
86 361
444 339
52 245
219 386
46 534
225 399
220 414
392 197
268 490
15 381
439 176
299 75
146 104
523 250
198 305
535 373
105 521
228 288
389 5
6 225
189 326
361 457
279 326
299 210
365 219
342 324
73 313
511 8
117 154
225 13
480 39
338 505
499 473
10 383
473 43
66 129
228 521
197 37
191 400
295 193
193 440
188 438
413 384
73 470
489 12
516 138
275 191
345 62
30 464
509 105
326 338
188 183
44 197
310 532
302 146
454 21
76 28
199 85
443 520
333 160
47 310
528 518
410 278
504 402
443 165
218 299
387 28
288 255
131 39
439 532
199 304
146 302
134 6
410 467
365 299
224 72
147 402
401 164
438 349
506 72
480 101
87 144
535 184
173 189
440 278
42 266
408 418
435 192
341 521
368 408
473 64
446 190
199 216
93 109
56 327
104 485
317 280
119 35
296 422
497 220
258 211
35 40
488 520
233 425
263 422
439 267
326 345
411 132
37 191
530 338
512 38
44 444
501 85
51 64
222 419
520 352
193 495
226 32
241 354
326 232
98 154
497 163
340 505
193 180
119 122
427 521
521 125
434 262
195 300
277 28
146 159
256 514
365 39
282 261
137 210
425 239
364 207
193 520
451 534
59 21
345 195
28 389
454 167
34 437
125 525
444 217
198 13
535 178
151 119
296 411
31 520
207 501
411 304
217 389
268 274
535 414
408 335
191 228
372 9
389 81
336 230
32 226
374 521
295 399
230 200
217 362
489 311
175 8
467 333
339 344
535 362
199 197
295 96
217 351
91 538
311 275
521 310
310 46
346 315
315 48
207 440
299 42
41 12
8 538
440 207
105 197
315 181
174 273
495 105
35 263
346 64
114 225
408 431
435 329
85 411
197 445
454 443
118 435
311 372
105 367
95 487
217 308
23 197
146 56
355 59
411 206
408 70
253 105
279 316
59 144
69 391
535 129
352 332
418 138
489 40
303 100
477 183
98 322
313 274
339 400
437 219
473 299
227 241
490 377
208 437
317 344
345 59
311 502
263 313
317 501
32 86
506 413
495 255
365 143
73 87
394 473
419 18
502 9
279 438
357 37
10 328
356 185
336 73
6 521
211 403
423 202
13 279
313 389
191 497
521 278
542 332
401 40
222 333
495 402
338 438
105 18
188 279
225 109
59 189
317 195
308 138
61 205
515 200
125 345
127 504
336 47
380 224
85 274
222 275
269 200
57 464
323 76
27 346
263 357
146 339
28 225
336 439
98 437
311 127
247 419
442 4
303 164
368 262
357 333
108 239
70 513
173 411
321 365
144 28
502 247
401 439
70 179
247 489
359 362
239 313
357 191
144 217
523 465
159 314
535 103
73 354
150 201
302 389
34 521
521 35
62 400
64 371
389 317
521 218
215 138
164 247
167 191
308 438
314 183
495 275
341 368
233 262
533 422
212 450
173 340
161 535
299 371
250 299
515 255
69 404
411 317
454 457
440 129
488 8
142 66
44 535
200 175
225 69
311 303
131 191
296 129
467 170
389 454
294 85
228 191
100 534
356 423
443 350
228 367
502 230
122 303
444 189
430 539
414 264
443 149
425 144
411 350
330 233
454 370
122 367
521 97
497 167
520 433
39 481
535 144
76 472
294 225
128 494
225 146
326 461
161 41
102 480
321 487
13 499
13 288
263 197
225 427
442 321
461 308
145 437
521 133
134 333
236 24
18 105
145 517
296 356
263 358
159 195
47 336
296 471
218 465
410 198
313 419
303 18
269 191
429 537
144 365
16 195
387 345
411 521
283 296
199 173
151 372
56 332
41 9
368 28
100 336
200 222
119 345
411 389
421 86
504 401
472 329
28 461
175 333
114 438
345 270
164 147
422 473
294 256
18 161
401 46
411 86
356 437
233 418
365 418
475 223
72 214
311 515
538 530
46 35
275 515
308 276
535 146
122 467
344 126
108 28
120 28
334 154
274 28
255 227
282 484
365 290
76 308
284 441
253 419
455 240
396 513
336 313
454 104
363 190
225 8
161 401
521 534
267 439
418 348
188 69
383 229
454 197
299 497
70 450
200 67
172 521
145 180
256 125
290 315
142 371
419 372
155 114
396 262
409 129
156 287
193 230
295 133
227 217
513 403
146 497
351 105
13 157
13 109
104 188
363 57
513 365
254 389
69 332
183 69
506 232
495 147
377 128
433 225
161 147
189 339
101 347
219 396
505 321
400 138
164 327
465 450
497 461
13 216
59 488
241 255
221 211
414 340
532 534
23 263
411 497
73 357
430 262
191 389
132 520
146 438
18 269
483 513
176 336
222 336
263 217
432 96
299 391
340 20
105 164
455 450
80 125
244 394
163 41
513 244
132 69
168 125
278 454
444 521
340 150
330 199
521 227
269 504
288 339
241 9
179 137
389 308
86 21
215 409
439 336
288 355
393 537
365 483
217 279
220 129
339 197
20 150
317 485
299 533
521 121
280 207
276 454
389 163
438 197
538 519
313 127
438 535
454 356
310 35
41 122
100 515
480 299
276 86
473 375
85 191
372 263
473 38
313 314
224 262
148 257
176 175
6 199
170 60
199 6
345 182
521 357
62 340
509 228
504 12
488 45
215 98
444 535
521 515
468 354
362 263
241 161
362 239
325 337
197 433
278 228
425 66
294 20
468 530
496 38
473 39
475 16
294 201
521 134
295 87
438 191
184 404
450 331
521 485
119 227
28 444
163 372
534 12
33 290
267 200
277 262
342 473
273 174
275 207
13 338
13 454
164 73
274 154
73 358
8 345
32 454
351 327
20 173
227 303
321 380
404 334
523 442
333 156
151 197
61 52
454 537
446 456
535 326
199 281
216 199
434 15
488 97
336 9
326 523
301 377
435 128
283 97
534 247
529 239
306 521
76 315
131 183
127 176
100 263
233 414
56 225
413 284
477 296
45 133
73 176
439 193
408 10
495 502
86 535
266 408
535 372
284 321
161 532
32 411
326 132
100 230
256 20
141 480
380 516
483 102
454 278
504 260
497 182
197 538
193 534
9 521
70 384
162 143
20 256
454 326
218 15
47 333
100 73
370 263
87 191
535 294
431 371
35 12
239 133
464 96
125 34
122 327
168 263
374 73
521 294
242 125
41 227
56 6
144 405
87 497
316 279
295 430
147 260
242 414
127 100
503 197
35 100
304 8
21 225
503 9
474 316
361 256
247 18
163 279
200 269
295 274
308 214
400 520
389 142
117 69
239 490
399 262
122 207
442 408
513 423
106 374
28 345
133 263
45 193
516 202
387 217
454 530
201 423
35 470
529 195
122 247
408 480
351 144
119 509
389 17
191 454
535 156
170 55
220 225
248 210
131 28
535 19
514 525
13 468
450 388
275 9
376 144
163 198
219 135
151 217
414 276
118 69
317 66
306 322
62 314
26 3
538 262
200 313
266 513
336 402
85 159
215 197
176 402
389 212
145 218
266 450
96 362
234 146
164 191
400 197
528 315
191 358
16 475
399 400
119 532
288 345
487 403
389 366
506 154
164 303
520 38
79 277
276 308
502 41
443 317
96 57
116 210
276 76
127 9
180 450
197 496
530 264
192 403
195 354
56 206
326 240
501 535
63 346
417 98
239 19
151 176
267 127
480 342
199 290
133 410
161 122
119 333
472 524
521 13
454 146
339 520
418 334
474 358
495 310
333 374
23 247
356 102
85 302
333 336
365 411
409 418
357 352
274 239
253 267
414 154
50 465
13 45
471 45
145 270
408 124
302 290
299 95
253 147
86 225
454 288
193 333
43 418
176 275
168 28
114 263
121 106
499 517
528 69
439 46
520 17
144 226
13 395
389 60
303 495
389 36
389 72
365 262
444 389
103 315
433 191
405 144
535 188
303 105
197 270
164 200
103 403
400 199
310 313
35 47
21 308
70 480
506 513
263 22
290 184
32 144
239 316
127 105
355 133
211 231
13 360
443 195
233 160
15 371
338 485
408 250
22 183
425 296
43 537
409 138
1 175
425 225
422 262
478 408
173 514
497 10
245 75
215 207
6 62
411 345
383 331
310 351
383 321
475 195
13 210
288 191
520 514
389 539
43 4
535 454
303 191
44 85
478 473
272 392
413 244
408 457
156 474
454 386
156 333
6 59
222 46
188 399
142 218
76 521
503 311
280 354
155 317
163 56
201 225
159 34
15 69
54 28
188 129
41 311
389 277
163 489
350 257
156 144
32 281
151 310
230 372
161 222
360 389
323 507
535 277
207 155
163 8
377 371
146 191
520 193
433 454
155 125
102 506
9 119
489 35
351 313
1 520
167 6
485 109
24 420
521 470
164 345
530 21
226 485
256 150
282 406
418 30
59 461
9 193
45 535
411 461
13 283
283 225
239 59
207 277
356 95
319 256
488 239
294 361
299 506
176 18
188 6
15 434
521 109
310 151
451 35
199 261
389 323
313 263
69 420
197 49
530 239
176 509
511 232
131 381
413 450
142 389
259 542
154 75
164 457
351 520
389 339
13 178
86 341
471 410
21 274
371 69
399 125
264 38
534 106
188 114
488 521
18 40
535 389
18 255
454 373
317 86
142 520
516 450
9 502
161 46
46 9
59 278
70 299
455 95
454 354
225 461
13 191
383 284
278 295
372 241
503 34
408 398
345 461
198 316
357 391
150 389
144 86
91 521
505 202
198 279
299 51
31 90
411 535
60 170
351 354
189 21
268 188
317 131
164 275
513 299
523 15
406 282
253 336
467 354
189 345
197 186
521 93
462 129
119 489
33 521
497 191
193 144
473 307
313 59
399 59
127 239
283 204
399 197
393 423
380 95
509 351
8 197
345 540
502 67
340 535
120 290
56 357
189 217
352 238
530 69
326 131
9 401
454 262
207 357
147 311
480 70
467 491
399 120
389 505
284 408
163 336
163 287
504 372
440 277
383 165
467 399
530 326
316 197
523 290
119 40
306 438
105 378
276 207
199 233
442 293
451 105
269 532
333 106
15 116
299 145
495 504
515 534
191 275
468 225
419 532
225 433
401 12
276 326
108 132
87 217
302 69
150 319
160 296
161 230
530 304
439 269
10 145
134 345
411 242
413 262
228 310
399 199
532 310
230 515
340 389
141 462
189 134
387 199
188 520
304 299
43 487
242 290
481 270
287 474
310 495
387 279
181 435
518 26
163 509
299 128
496 320
280 13
100 367
137 354
515 311
199 315
59 97
1 280
247 502
357 263
450 418
479 332
127 34
95 185
120 33
137 143
241 457
524 154
520 26
261 103
477 129
440 410
420 494
353 7
321 244
303 200
244 408
299 480
283 454
218 505
399 155
368 356
276 490
163 225
503 43
263 339
483 435
167 125
414 263
211 380
115 102
413 348
160 28
488 400
515 389
506 425
535 423
101 214
122 470
318 197
9 46
296 465
507 183
70 219
9 504
314 400
504 230
465 422
401 267
102 124
538 225
241 247
70 383
368 99
269 515
114 217
268 317
73 164
411 63
514 376
145 315
133 197
413 60
362 348
176 122
523 232
13 97
296 263
155 389
537 418
211 154
535 189
373 410
389 545
304 411
189 281
127 23
267 504
41 151
28 274
408 450
411 485
253 263
42 244
119 180
137 145
488 280
217 1
132 114
269 333
228 18
233 521
306 225
305 180
535 320
532 73
389 513
202 408
201 154
105 515
80 66
495 327
215 322
18 100
277 355
34 520
156 521
310 247
154 236
299 203
263 295
299 348
356 232
223 38
516 373
219 371
56 503
341 22
222 489
542 233
48 420
147 193
121 239
322 299
27 202
461 339
225 357
228 59
239 362
488 197
127 260
225 346
454 132
18 495
241 73
408 343
389 369
389 411
294 197
358 313
63 154
229 386
70 410
179 437
179 473
365 321
535 39
333 133
117 391
241 193
35 521
294 521
533 299
516 383
202 418
159 365
102 250
197 16
387 183
207 280
114 535
454 99
193 127
191 144
365 244
372 367
108 535
398 523
15 505
103 184
119 275
241 40
387 314
423 165
198 374
442 368
431 437
454 478
163 401
521 144
156 19
105 193
514 285
365 478
520 137
317 411
167 225
299 397
105 372
253 327
440 399
35 495
15 250
425 125
480 184
454 434
154 377
98 418
389 330
521 55
200 303
317 354
199 521
76 323
239 467
72 450
1 274
168 225
413 473
208 505
255 532
275 263
241 495
193 164
530 359
520 466
395 392
333 411
46 255
225 308
503 225
294 146
242 195
144 182
8 183
457 184
188 308
321 299
454 268
475 493
211 533
385 263
285 406
21 461
198 497
373 96
192 518
280 497
530 131
100 193
14 296
278 354
31 233
513 211
144 263
333 541
1 313
59 239
56 47
303 534
537 334
290 394
538 511
296 438
163 87
527 154
70 338
278 389
302 114
310 333
389 361
356 39
73 239
450 356
339 184
43 328
521 203
521 67
473 202
145 365
358 345
530 314
408 539
370 521
386 204
18 67
164 230
132 125
192 24
317 450
197 38
145 334
443 390
141 361
263 362
355 389
191 351
304 438
515 193
503 35
161 67
504 164
8 357
423 450
472 406
201 69
398 525
146 120
432 386
515 345
506 430
102 115
215 417
133 355
365 293
545 488
15 84
299 380
506 342
357 211
411 239
401 534
120 256
534 503
502 13
431 15
56 399
254 125
299 184
22 520
535 467
457 400
244 210
454 513
46 247
530 276
362 530
393 437
105 351
444 114
199 478
7 282
419 367
8 239
247 333
497 389
133 351
31 183
95 383
211 179
339 59
322 408
296 348
383 478
102 384
304 326
480 130
256 361
383 322
54 197
383 10
197 352
102 99
534 311
326 229
418 262
306 535
228 327
521 372
400 144
105 509
480 102
32 155
230 56
400 399
85 225
59 188
339 97
274 156
276 217
410 199
64 142
399 457
313 355
410 373
489 401
224 102
104 199
333 362
373 389
520 217
401 255
219 434
432 180
362 351
225 32
373 207
389 111
495 222
287 156
294 173
345 28
340 361
85 444
401 241
207 340
474 274
144 344
42 262
495 227
225 521
538 129
284 393
220 173
299 435
311 230
151 100
532 495
100 532
408 473
73 362
167 21
345 339
105 151
508 389
12 147
100 310
199 346
516 194
362 438
142 521
304 21
102 541
419 147
6 32
164 402
336 35
278 333
414 28
389 235
191 283
242 234
400 121
535 318
411 189
383 232
228 247
125 339
219 231
13 471
308 134
513 356
311 119
31 462
471 535
266 356
502 504
477 505
200 351
380 328
283 440
159 183
268 322
478 403
263 333
134 317
278 45
467 189
263 279
18 502
503 278
278 400
267 333
80 90
216 32
489 515
473 483
349 290
276 188
425 505
57 30
34 376
114 189
241 515
423 42
423 348
320 270
535 263
122 47
288 197
515 327
33 62
222 521
222 372
383 154
76 411
506 324
320 143
399 497
521 314
261 315
411 263
151 13
168 521
207 294
134 189
198 197
95 70
163 535
197 373
431 322
487 533
506 124
197 275
503 122
225 299
373 338
333 341
127 509
256 62
474 59
310 40
73 389
497 144
11 418
454 348
333 422
146 206
39 321
70 380
86 339
321 60
488 191
147 239
164 207
504 333
256 233
310 504
399 278
250 15
493 332
521 304
410 225
9 367
411 387
423 356
502 200
542 341
120 317
538 308
275 164
273 403
310 105
150 189
274 1
538 296
326 521
70 240
310 241
338 209
66 56
241 67
267 241
6 197
336 378
365 394
45 280
505 240
268 125
15 473
478 321
299 138
304 354
419 355
372 193
521 305
516 411
145 69
259 271
247 521
219 70
439 227
197 403
520 132
122 489
521 457
372 267
239 351
507 233
375 381
394 211
340 205
1 59
375 437
160 290
515 164
154 48
411 381
306 263
523 214
230 402
345 32
451 327
389 86
362 338
225 134
222 18
18 263
163 97
532 193
50 135
507 76
147 46
61 460
479 53
147 275
144 97
73 339
280 339
230 502
411 225
253 402
389 449
333 168
155 188
400 354
227 345
1 521
127 222
310 127
253 176
276 344
132 34
263 276
499 143
521 175
420 24
281 85
6 349
345 357
330 225
56 333
151 8
368 233
425 384
362 207
264 290
134 457
253 122
86 296
300 475
134 28
340 134
73 230
523 244
278 410
45 313
21 184
207 154
161 367
211 258
383 95
221 36
495 176
521 316
509 504
70 375
180 516
389 22
119 230
181 377
308 514
411 191
296 457
443 521
35 367
372 504
117 490
141 542
35 18
225 150
262 42
73 275
172 425
28 520
59 497
461 6
344 505
268 520
229 232
6 389
134 454
513 43
454 520
451 504
362 497
299 423
1 263
6 207
268 308
317 425
504 18
377 435
1 457
387 521
333 425
233 20
224 523
394 522
280 535
479 14
26 270
274 69
21 535
211 418
473 99
226 59
454 160
188 199
534 495
411 108
76 333
451 269
497 228
537 102
241 535
362 354
191 85
333 303
455 244
268 326
60 435
353 435
200 470
15 138
480 224
295 313
383 375
362 278
461 21
122 222
530 38
151 230
299 236
226 326
401 532
408 284
253 18
43 348
515 12
468 373
401 489
395 499
63 505
283 198
299 505
333 526
176 227
12 122
193 295
529 167
146 188
275 147
497 535
410 355
279 521
393 290
108 191
199 312
488 474
164 440
521 450
7 285
91 389
117 301
163 12
408 50
191 538
509 534
56 371
357 485
191 290
372 127
349 389
134 56
192 494
264 270
520 370
179 393
46 402
197 359
520 400
272 436
521 222
73 225
217 521
455 386
85 319
277 190
336 515
122 311
228 164
465 130
473 210
323 233
520 499
253 354
506 214
514 371
373 357
201 505
503 239
56 8
227 228
46 504
534 275
46 509
490 181
233 66
362 144
317 225
496 373
175 311
184 391
198 317
63 437
521 12
268 129
523 408
356 404
362 520
313 413
438 396
401 451
521 241
454 32
211 102
277 181
1 535
127 47
279 184
207 164
266 325
164 46
356 450
167 184
242 225
502 253
351 502
411 528
59 1
192 377
433 411
419 311
285 261
334 435
338 332
287 345
236 117
473 365
234 501
344 535
219 293
425 418
419 133
69 285
319 389
125 188
419 122
384 371
299 389
451 275
497 189
199 414
19 345
454 399
13 277
105 106
392 395
46 230
207 276
295 358
144 376
444 184
345 132
227 311
18 47
200 372
229 418
70 30
463 125
121 497
499 332
200 193
345 292
21 59
202 533
75 38
75 154
268 225
96 521
147 40
193 119
339 225
207 372
514 135
233 507
339 125
503 310
294 33
319 225
28 195
250 437
458 521
372 310
176 504
373 400
521 91
345 173
389 197
12 127
191 458
241 127
396 533
197 195
161 34
21 345
6 274
284 356
512 391
144 521
502 122
418 450
219 124
365 240
217 461
279 39
141 129
471 156
513 266
280 287
197 428
215 62
119 151
308 521
503 156
119 373
85 146
474 457
333 439
232 413
39 42
105 73
461 217
304 6
530 13
443 279
10 537
387 8
362 198
351 474
503 504
41 127
535 274
533 284
230 532
372 191
520 326
189 302
120 207
25 437
59 345
389 237
537 308
372 228
307 435
520 354
401 419
73 263
241 521
515 497
207 13
144 520
310 222
101 39
191 410
495 451
361 535
423 270
122 253
100 40
226 461
387 263
8 356
31 463
336 127
221 392
474 156
373 109
13 195
211 270
267 9
356 505
345 39
207 263
100 269
159 239
39 95
134 197
375 455
230 67
372 311
535 367
147 105
197 137
420 117
32 326
191 13
510 435
417 540
399 454
150 220
455 533
218 143
513 384
305 354
86 217
188 39
441 185
515 471
200 161
541 437
461 225
302 399
303 46
119 534
319 129
47 41
408 99
191 226
173 346
383 138
362 485
383 334
274 263
225 141
530 454
340 129
224 539
144 39
501 207
365 455
357 59
73 333
27 52
497 440
95 505
372 345
31 457
34 104
201 207
163 147
414 411
144 125
371 437
400 216
333 18
18 419
59 217
193 147
100 35
222 470
59 326
345 358
188 144
506 24
515 310
508 191
521 262
33 155
179 95
365 197
351 457
155 182
160 304
343 325
480 365
151 515
294 535
226 345
35 515
360 521
396 322
33 207
389 425
168 134
487 494
365 28
274 44
146 281
222 147
193 156
357 530
199 123
450 72
225 330
537 145
358 239
9 439
46 228
304 288
217 288
226 308
229 338
30 516
459 492
290 190
294 155
435 270
472 285
13 354
296 211
434 523
306 317
389 140
156 313
399 225
521 45
233 173
299 334
299 229
161 534
339 357
199 282
147 351
438 326
256 28
10 130
191 198
520 125
278 296
161 451
13 239
400 292
28 188
10 365
454 205
176 521
181 38
234 411
96 74
247 127
446 88
504 439
164 35
212 262
133 287
163 23
521 170
410 296
64 165
438 28
223 521
440 362
278 355
211 499
1 217
418 299
439 534
495 267
164 176
333 217
259 262
483 523
127 372
219 211
375 391
342 437
408 211
199 286
345 474
511 218
383 348
490 117
179 365
266 483
96 464
400 28
408 384
211 42
303 311
256 197
127 230
199 406
119 314
275 260
269 230
521 532
288 454
199 302
159 144
46 105
280 97
183 199
148 385
280 193
70 102
414 289
47 176
283 197
103 353
296 513
521 221
70 42
509 348
85 535
443 145
521 317
269 439
125 80
20 220
39 473
467 133
535 207
521 535
530 28
333 59
362 359
283 191
413 211
229 326
219 478
125 497
219 69
197 337
538 91
165 290
357 320
535 56
193 204
207 488
220 262
294 319
215 540
454 224
450 420
419 228
487 380
521 180
401 127
18 470
408 202
164 267
357 354
515 489
503 45
444 197
164 451
189 85
515 280
342 418
269 18
356 328
303 532
471 358
35 230
523 218
497 281
439 515
219 411
19 263
128 117
495 401
400 225
438 114
521 367
164 18
100 197
234 149
373 278
523 130
191 438
451 147
433 485
372 207
125 199
188 85
495 197
361 199
95 365
190 403
400 191
30 95
313 358
179 138
96 8
326 239
310 260
163 216
130 384
317 326
39 328
391 490
154 128
326 317
410 520
132 259
76 65
76 263
62 98
414 125
345 304
317 59
141 449
75 118
241 260
401 495
389 466
333 287
295 144
296 389
483 480
539 371
443 326
129 389
437 290
236 75
275 311
242 146
375 70
197 432
345 241
513 533
398 72
370 189
146 242
133 515
211 356
32 389
219 480
73 122
8 322
164 351
227 127
390 290
280 355
395 517
414 389
242 314
399 501
438 296
137 383
515 105
454 425
13 296
523 505
411 270
296 228
451 176
56 411
280 45
268 427
311 241
306 485
146 385
535 391
75 128
179 418
13 320
518 154
56 479
272 296
230 275
316 133
342 84
472 371
266 210
521 253
302 6
222 327
34 184
478 43
479 519
521 474
522 435
362 59
47 40
34 389
268 86
35 151
197 426
408 72
295 471
504 127
509 521
41 47
387 520
489 147
274 21
444 159
451 230
504 175
13 198
304 339
383 219
430 299
274 34
500 270
14 3
376 181
520 32
535 220
501 520
483 533
345 228
325 394
410 228
155 262
87 278
503 227
521 320
219 240
162 170
163 40
229 506
294 150
207 313
296 91
342 15
333 191
333 147
353 315
273 185
125 182
326 225
42 211
338 56
101 124
211 381
222 515
8 145
130 224
125 333
8 373
194 262
134 225
534 367
176 372
418 473
146 155
333 163
351 389
333 515
504 367
351 509
221 521
503 451
85 345
119 354
216 520
211 383
278 345
176 46
527 391
122 161
188 146
317 339
532 255
480 218
184 403
256 225
296 17
227 100
418 413
228 147
532 119
530 243
18 164
146 234
497 411
302 188
396 4
319 361
365 408
299 246
224 418
60 42
229 411
13 373
399 85
422 4
515 70
389 408
152 290
518 391
219 394
166 34
160 36
389 421
505 473
259 296
239 45
155 345
396 516
88 272
245 64
399 70
338 225
303 401
454 163
39 244
503 280
100 45
211 457
493 485
313 144
496 56
497 438
317 454
241 401
233 340
280 197
19 333
455 130
84 299
228 313
532 230
338 36
454 411
346 403
370 28
8 132
122 457
225 485
295 520
73 56
320 223
222 451
156 193
275 402
321 10
506 128
164 313
455 418
521 373
225 217
362 333
263 308
197 485
104 339
132 443
383 130
228 345
371 219
339 345
225 375
356 473
96 295
344 279
197 512
454 404
326 511
454 219
59 362
13 357
168 425
193 367
299 413
317 357
443 34
19 354
368 437
389 92
356 321
347 539
197 542
102 434
264 117
241 105
349 203
333 399
423 437
287 521
9 200
304 167
95 469
521 530
86 521
342 218
357 345
34 444
163 278
13 263
225 294
523 116
530 109
199 93
495 35
57 205
211 436
443 44
439 164
239 411
189 276
524 315
115 437
7 52
219 145
193 18
515 502
387 438
175 336
478 95
198 362
114 399
511 246
387 276
494 128
274 2
22 542
100 200
495 122
521 185
509 46
438 263
516 326
9 311
18 402
313 19
497 149
345 239
104 344
520 296
277 213
207 336
413 321
219 194
197 39
145 290
173 85
134 86
156 515
101 342
399 357
365 457
151 336
535 69
523 380
34 125
326 263
502 269
345 322
529 381
521 403
229 115
104 521
303 372
56 308
241 176
21 326
108 197
489 41
454 450
56 438
353 103
228 193
515 269
333 454
410 283
515 467
495 470
261 346
359 320
138 64
189 182
365 371
326 292
516 506
503 535
47 521
451 489
18 46
219 99
319 281
188 411
310 67
321 39
525 514
410 287
189 521
276 459
218 356
46 311
515 175
419 279
241 269
418 356
145 143
191 105
389 182
436 258
455 371
355 474
261 472
191 474
372 46
411 438
191 338
267 367
537 42
515 216
373 13
310 534
355 19
456 190
144 454
400 129
35 333
37 320
101 99
263 259
276 8
394 325
440 28
340 225
488 308
244 211
102 299
299 434
317 21
352 13
399 339
122 503
497 485
454 487
230 327
295 45
119 502
351 197
514 261
144 239
127 35
164 34
504 451
164 336
159 154
438 505
411 219
505 232
217 159
497 104
521 207
275 200
163 67
20 197
275 73
287 278
344 69
151 534
373 333
56 538
70 419
225 339
326 191
229 331
33 501
419 389
163 127
163 253
18 336
122 267
100 509
18 504
339 189
266 154
454 539
12 46
389 324
1 287
504 269
326 516
365 423
228 454
503 260
247 534
168 308
389 356
324 434
225 425
295 535
456 392
368 342
122 275
201 319
306 168
18 532
24 245
91 296
357 305
316 97
392 499
521 231
239 182
159 521
271 160
45 345
461 197
296 140
28 411
521 217
28 339
136 210
510 466
408 130
225 444
419 402
9 336
296 22
272 270
502 176
13 374
313 156
127 439
338 521
85 414
158 521
389 225
279 520
73 401
390 299
163 351
56 326
256 120
338 211
134 308
390 375
46 161
488 322
469 75
132 44
303 73
418 218
389 507
201 389
208 356
70 365
151 402
225 31
294 129
100 303
256 345
418 137
45 351
50 394
119 260
288 357
154 518
471 400
255 327
401 336
13 314
147 253
98 215
473 523
502 521
338 506
351 274
360 38
266 394
278 288
358 133
256 129
353 282
263 296
409 326
197 357
477 80
279 69
278 280
121 1
73 502
443 345
268 239
13 144
15 383
475 225
306 344
227 503
168 22
443 387
530 178
59 520
333 76
299 172
503 497
227 193
326 125
336 253
313 336
191 109
339 104
197 185
288 521
511 411
162 88
146 535
168 86
142 6
317 134
505 418
85 281
234 399
542 457
523 423
410 279
197 517
83 210
313 303
535 193
313 410
326 276
316 45
268 417
383 338
506 473
450 423
454 182
333 473
334 346
184 315
191 303
516 70
18 12
261 154
535 87
295 467
188 317
501 281
500 505
241 119
484 103
195 223
419 515
80 463
277 207
9 515
384 435
285 69
276 339
537 394
144 197
515 239
138 262
76 353
313 191
269 228
521 514
333 47
489 303
201 281
339 274
108 279
333 134
193 1
295 488
304 106
523 473
146 28
172 339
542 296
389 492
509 336
179 262
144 191
333 311
310 336
385 485
117 494
321 70
439 333
438 411
222 267
239 276
281 146
438 225
336 495
425 523
125 389
419 151
501 28
433 28
114 216
95 473
514 406
200 534
6 505
363 464
161 489
333 28
34 69
313 279
392 521
503 263
239 437
534 151
387 144
523 348
446 170
134 233
535 229
228 119
60 55
225 95
355 520
73 100
503 176
147 327
411 289
199 438
317 279
145 30
274 133
76 507
474 87
19 279
454 156
22 368
401 147
313 399
207 322
15 244
314 207
406 261
454 214
163 532
144 228
495 119
396 365
419 351
259 125
266 55
497 373
467 295
352 91
8 530
408 15
444 274
146 150
62 437
535 62
454 188
42 290
156 467
344 95
299 473
313 467
65 492
419 267
515 225
503 189
41 401
104 34
168 368
199 423
43 413
534 489
473 384
389 418
167 345
397 505
230 151
338 326
521 260
205 394
41 35
263 104
431 507
13 26
310 207
211 455
201 197
106 333
521 36
138 505
173 345
134 299
239 326
504 106
450 262
401 200
520 535
274 339
239 287
501 317
269 509
86 191
303 367
328 356
35 122
127 336
191 468
363 373
443 454
165 381
341 233
266 321
320 389
290 472
454 344
226 521
488 313
485 304
144 362
133 354
362 217
521 272
225 314
534 263
454 34
523 299
263 438
340 182
461 345
73 488
221 66
100 151
9 147
218 145
342 299
41 372
44 188
228 46
487 284
389 498
35 275
450 218
313 34
366 408
393 219
214 356
166 125
411 306
122 241
372 164
202 500
344 154
66 207
181 270
455 396
538 197
216 467
75 371
299 124
180 204
316 274
99 271
527 64
132 191
520 467
56 13
73 504
399 514
131 485
374 288
326 108
352 362
321 290
521 411
274 278
425 99
373 198
147 255
411 383
21 304
39 393
20 319
307 211
197 36
454 198
530 535
59 19
515 504
385 257
211 513
516 240
442 42
391 403
197 14
163 43
419 362
197 508
466 435
473 42
506 434
534 193
155 146
12 470
399 358
122 521
241 400
521 336
497 454
520 490
439 228
484 261
9 402
211 284
70 284
57 38
168 438
361 201
339 410
317 461
534 378
75 403
362 538
280 503
534 200
410 156
219 63
521 168
338 39
263 97
91 352
444 44
480 413
142 455
163 367
411 85
503 255
313 310
144 163
133 333
414 345
191 333
266 517
227 489
217 87
408 465
86 76
324 505
144 530
144 389
503 193
276 134
399 154
227 367
409 207
351 121
336 374
389 263
520 345
413 365
480 523
310 12
239 1
451 119
239 278
119 97
355 457
20 389
108 263
179 450
515 521
184 75
21 144
336 367
86 66
61 154
69 154
8 121
467 199
294 207
351 230
207 274
191 320
163 392
383 523
484 152
515 41
530 94
506 116
56 278
126 438
294 497
521 399
33 294
503 345
197 129
105 439
168 239
13 211
263 530
163 389
515 267
122 34
315 346
278 279
319 423
357 279
467 217
189 6
199 460
76 182
230 310
377 181
220 256
127 345
102 232
326 308
15 394
197 391
115 523
8 362
28 540
521 8
417 197
76 482
442 380
317 389
69 184
283 339
308 76
122 73
326 56
411 326
6 217
191 121
430 394
230 119
54 505
46 200
144 290
461 191
294 345
197 170
345 438
439 105
175 147
321 38
333 474
471 389
225 167
521 345
434 375
506 43
200 230
336 401
333 532
122 147
389 477
241 303
73 532
156 274
180 331
477 322
491 521
410 133
22 296
159 28
199 152
263 59
495 534
299 225
487 69
503 362
317 140
102 271
358 156
41 267
21 497
139 245
211 321
296 362
521 287
418 214
326 530
163 503
8 365
189 399
163 313
280 283
317 197
127 156
383 117
467 345
241 47
356 224
503 119
304 385
455 38
80 457
471 193
151 457
21 485
6 263
355 278
352 538
46 503
284 328
521 438
207 399
228 199
255 451
190 473
161 193
176 9
342 434
521 104
70 246
326 418
481 473
75 404
263 114
501 216
244 321
46 164
503 339
484 353
511 292
521 362
278 520
197 297
199 487
326 144
443 476
95 270
102 214
534 269
15 214
444 225
240 244
410 357
102 388
390 389
361 330
136 170
303 197
268 418
132 425
377 334
372 197
195 69
326 218
9 228
259 457
357 348
94 71
299 516
35 509
346 484
159 108
357 70
244 499
183 290
147 310
24 69
488 450
317 33
532 367
56 544
34 333
451 175
102 368
211 408
28 438
466 510
26 290
487 245
180 57
515 197
45 521
173 319
387 308
59 197
294 233
108 385
408 210
7 406
308 263
225 361
520 317
310 47
168 66
69 334
506 442
521 349
304 52
523 480
503 336
225 387
76 154
191 530
197 210
245 289
263 326
118 75
207 354
535 355
217 345
535 497
442 299
308 317
132 411
515 275
34 515
127 45
45 333
207 33
28 376
420 391
503 489
168 421
211 244
280 316
12 419
197 475
435 332
276 28
215 218
69 290
125 514
230 127
46 47
326 520
362 91
86 233
537 523
467 280
100 311
411 149
9 127
305 440
518 117
239 193
207 502
454 322
474 278
313 193
217 317
41 495
228 253
9 12
146 263
163 133
188 262
241 200
457 435
175 263
534 402
295 515
125 22
521 259
408 487
311 495
346 245
150 361
132 462
191 362
408 240
225 437
219 423
504 105
505 204
303 147
119 241
176 515
30 418
223 270
306 183
163 35
230 147
199 189
535 61
317 308
494 391
351 133
275 193
9 451
278 225
372 230
451 333
108 154
230 228
414 514
365 384
21 375
336 105
278 59
389 480
134 340
69 524
256 69
530 143
46 176
193 100
292 345
542 191
451 336
163 269
189 59
221 436
340 521
63 10
375 505
414 317
275 333
276 521
101 130
256 93
480 356
372 378
133 13
70 121
233 294
521 487
521 451
195 154
450 324
313 164
389 271
256 423
282 472
225 319
515 367
383 381
45 19
147 200
266 64
400 418
193 275
145 404
420 48
454 500
18 509
397 15
413 521
344 497
43 39
109 243
425 28
481 39
241 504
155 189
333 13
505 375
73 47
418 284
8 165
411 96
313 1
275 228
515 40
188 521
520 126
138 437
333 247
433 308
339 438
365 10
417 326
151 504
165 332
406 346
127 247
268 511
400 437
521 422
520 21
102 418
168 197
85 256
454 33
219 284
35 311
435 525
8 191
408 138
189 146
70 164
8 21
225 216
467 225
254 473
154 24
101 299
13 542
534 176
256 535
535 159
359 332
132 206
146 33
467 1
505 218
515 295
45 317
91 137
399 133
521 418
489 67
163 100
164 314
100 119
18 230
145 192
451 164
503 467
299 96
121 263
144 166
8 263
46 451
483 60
295 413
520 276
425 514
515 354
164 9
62 501
35 489
313 73
31 466
199 155
490 466
163 288
503 389
263 310
73 151
7 353
122 40
489 176
500 27
131 195
520 66
217 19
225 305
225 20
295 43
156 503
456 223
499 520
227 260
215 308
145 102
375 450
280 239
319 233
230 503
502 515
472 184
232 219
359 216
193 515
509 73
46 100
147 41
154 64
160 102
530 345
96 333
394 170
529 326
517 266
454 299
217 132
193 133
529 339
13 91
530 296
295 394
423 375
523 386
333 296
232 95
413 39
396 523
389 544
144 6
207 20
35 534
534 67
42 43
19 355
344 104
56 191
339 144
385 148
30 232
228 504
495 351
519 479
199 7
13 247
311 147
477 125
125 191
229 219
317 167
451 127
443 98
521 523
131 365
345 8
106 454
478 10
241 327
42 437
509 303
147 267
389 450
408 331
535 299
250 365
125 461
193 207
534 457
159 317
34 165
119 105
86 421
102 50
439 230
188 167
380 533
460 225
230 100
489 200
144 488
59 296
21 263
478 437
59 274
227 401
419 287
230 241
276 199
14 362
503 515
247 164
310 509
311 41
212 102
515 67
47 303
454 47
20 85
84 425
506 398
230 400
316 354
467 515
537 404
523 478
199 220
326 279
444 345
225 358
173 220
87 521
56 228
119 457
345 69
342 386
477 317
31 125
122 230
295 217
311 489
142 69
234 199
483 211
299 239
134 224
43 365
152 484
435 391
193 310
454 308
355 207
277 278
253 333
333 144
320 109
308 191
295 263
389 199
389 422
13 332
505 219
425 520
523 450
73 497
339 521
334 391
431 542
18 73
47 389
197 296
274 97
506 505
538 191
503 46
59 295
358 45
9 122
521 122
188 195
413 394
76 239
146 427
27 403
540 62
503 267
120 69
414 220
228 217
317 217
194 299
419 45
521 22
389 341
131 184
520 362
104 399
34 32
47 67
454 461
187 486
516 422
183 233
122 345
538 178
86 36
227 255
23 372
216 304
69 152
134 389
521 400
396 348
133 1
303 310
400 322
296 8
480 15
509 489
197 416
200 100
338 362
151 105
176 12
296 102
480 505
394 272
219 457
375 386
401 67
411 28
225 6
100 18
272 457
147 333
521 439
151 204
333 534
500 202
515 532
515 47
8 383
412 521
310 267
207 218
324 506
344 387
225 352
72 101
303 40
227 230
268 262
303 176
477 224
362 400
469 371
334 332
179 299
22 339
361 93
405 59
245 391
520 207
283 119
450 290
303 457
340 256
495 9
198 440
410 263
191 243
521 179
444 69
233 141
199 291
224 383
389 169
144 474
538 137
542 263
471 345
357 109
523 331
314 146
467 474
496 486
200 504
269 119
156 535
375 418
521 325
46 269
404 403
166 28
521 106
540 345
168 513
365 348
73 327
46 18
144 411
485 475
451 515
334 95
389 368
372 327
311 260
280 156
355 288
521 275
497 274
535 247
144 535
506 60
336 327
410 13
13 56
274 535
468 519
529 485
398 214
330 129
150 414
241 275
519 352
303 327
275 46
164 105
217 357
33 234
71 519
275 521
504 470
242 104
283 345
317 199
119 217
503 372
228 296
62 8
322 523
13 225
244 473
336 122
124 101
225 385
253 275
119 327
199 171
444 132
383 434
46 515
274 313
253 230
147 191
193 413
474 217
505 423
311 9
197 248
383 210
419 534
368 539
340 262
216 129
165 143
86 488
489 372
340 497
9 534
146 520
409 292
359 535
368 333
418 145
179 219
207 255
521 520
495 161
276 535
71 468
503 458
15 403
105 303
334 353
163 45
278 189
145 64
41 515
387 108
125 262
9 18
192 154
57 289
23 191
431 356
542 60
109 191
396 102
191 308
446 392
320 191
520 91
501 62
13 36
425 422
454 199
59 191
10 219
45 97
183 129
76 80
471 19
264 403
454 8
537 10
13 488
408 383
188 44
144 56
8 43
520 170
274 521
56 381
296 314
268 217
523 10
129 201
438 56
344 411
278 180
171 291
419 127
233 290
267 260
356 408
365 523
230 122
479 191
356 284
520 457
59 287
375 523
228 532
478 284
389 335
121 362
304 134
32 345
454 389
200 127
207 308
46 227
191 207
256 154
482 76
233 256
389 76
130 138
179 465
495 151
127 151
281 114
75 270
521 167
529 149
345 191
507 431
62 505
296 271
227 402
28 425
405 497
317 97
278 216
465 218
455 321
317 233
100 147
189 184
532 47
122 502
245 420
102 473
59 226
299 268
502 336
144 276
32 529
346 472
86 129
355 354
18 23
61 521
304 317
76 144
117 518
411 183
345 538
299 240
105 230
164 535
362 8
418 380
366 454
225 356
233 463
299 523
56 146
411 299
131 345
473 391
461 239
88 395
505 299
351 333
532 504
336 207
66 341
315 282
236 403
156 358
37 362
106 247
321 348
434 506
418 10
523 224
530 339
191 304
122 532
127 207
311 100
280 119
9 532
535 357
198 410
73 267
333 357
176 147
521 151
497 348
73 374
317 399
225 144
24 391
271 526
28 514
33 189
340 319
275 197
537 322
401 105
450 240
454 465
317 8
127 470
377 420
33 411
207 127
1 339
296 14
521 326
504 336
173 225
28 197
163 355
532 100
28 199
159 21
152 472
373 399
485 223
117 236
521 96
108 59
357 225
389 397
410 440
127 228
520 155
62 299
105 200
171 531
163 59
201 202
215 490
214 450
333 96
471 279
408 348
56 148
528 290
163 400
225 34
15 454
296 39
518 435
302 154
137 70
504 191
35 255
302 216
1 193
105 35
224 408
280 474
285 329
56 66
198 521
338 272
535 471
56 290
133 280
76 438
108 69
484 282
497 59
241 470
302 103
380 321
132 184
163 339
484 290
20 125
234 120
34 166
175 303
495 532
35 253
521 419
303 230
73 419
454 125
219 437
413 218
154 51
488 386
306 8
474 225
95 380
326 246
241 263
508 391
250 224
176 119
485 37
35 147
474 351
406 154
362 197
144 333
164 401
146 219
515 400
15 506
76 466
281 294
114 197
471 239
479 433
535 317
344 339
188 345
73 105
541 537
193 217
383 384
521 280
239 358
230 35
61 245
75 184
221 520
222 311
451 222
384 394
163 73
296 191
194 229
105 263
365 513
179 483
401 122
455 480
365 333
473 75
48 154
227 521
358 400
295 348
389 482
176 439
442 210
387 326
521 427
306 160
410 45
150 28
163 239
365 533
9 470
87 362
19 313
307 473
84 102
411 6
532 303
400 357
454 355
207 98
362 87
95 523
144 308
253 310
509 372
168 339
376 28
163 207
287 333
408 380
219 343
122 402
442 43
96 145
86 199
425 440
199 254
47 451
288 228
359 433
495 67
317 28
27 270
418 533
396 413
56 28
44 270
28 62
418 455
126 521
105 333
521 341
105 100
274 132
521 497
12 489
512 270
501 454
57 391
523 211
499 137
278 362
299 224
184 64
73 59
355 280
497 357
336 310
521 351
352 521
523 99
146 294
105 46
393 381
207 409
466 490
15 413
290 208
488 134
401 151
122 451
515 247
59 389
410 354
509 200
227 46
275 151
425 84
18 367
535 361
454 390
125 290
521 374
523 455
274 13
351 263
119 310
454 59
283 497
326 28
365 218
450 434
310 119
232 356
503 367
197 143
133 217
443 274
295 119
304 357
410 274
15 331
435 184
228 263
254 364
295 351
200 147
121 333
284 95
298 407
104 66
189 485
398 224
357 521
173 520
272 456
487 521
18 191
296 224
322 15
230 105
373 515
100 535
357 278
338 13
154 453
530 444
521 239
467 144
488 36
333 316
333 365
389 50
39 365
134 199
280 389
299 214
276 225
28 166
515 227
399 302
33 317
419 41
84 408
370 344
530 39
278 204
222 402
198 355
521 32
515 230
501 197
188 444
80 31
299 450
535 8
425 172
351 345
517 499
246 396
104 274
336 534
296 351
362 345
239 521
263 535
276 195
147 503
435 154
239 104
339 362
189 357
339 411
159 165
191 91
59 351
326 485
148 443
451 40
273 26
239 97
217 535
227 275
296 217
465 437
472 103
414 52
225 528
495 12
219 290
418 516
43 284
303 253
59 45
95 356
361 183
59 400
195 28
244 43
154 441
9 303
485 28
399 505
521 214
418 384
267 275
62 497
317 155
164 502
521 276
69 185
359 225
405 239
15 366
299 500
455 210
163 199
357 497
102 72
134 239
306 262
515 336
359 357
326 102
346 192
191 433
509 327
263 521
21 521
383 356
523 375
497 443
145 231
163 451
410 488
70 455
495 311
338 275
8 86
263 344
372 47
144 466
520 294
421 259
288 304
313 197
410 70
317 36
217 295
515 35
353 406
279 362
134 132
27 505
314 164
356 154
535 85
98 62
259 541
230 161
421 28
400 228
225 362
88 3
346 285
3 391
102 465
534 502
180 96
124 541
474 354
22 521
387 197
222 310
412 389
151 327
50 43
3 270
125 108
263 368
188 339
503 147
155 62
316 263
47 161
35 105
13 474
290 356
127 253
197 535
274 520
163 274
176 419
315 420
361 414
333 119
176 502
197 493
299 99
418 210
56 508
345 43
389 514
489 532
333 43
399 234
176 191
411 234
393 413
502 439
225 114
535 359
219 299
383 262
199 33
119 419
513 418
228 534
299 356
478 312
497 62
222 255
395 109
228 497
191 288
202 423
151 200
173 20
47 372
163 255
392 88
357 193
296 262
535 405
141 28
480 179
401 402
473 60
164 311
156 317
8 348
299 250
12 67
118 518
499 214
202 505
310 164
56 433
487 523
457 183
467 191
191 45
380 437
156 239
523 101
521 131
147 470
159 85
299 321
513 455
524 69
541 102
275 247
60 466
225 189
28 191
442 418
268 497
535 217
274 188
56 181
208 290
326 437
336 351
495 419
372 23
288 458
125 263
207 362
362 535
481 394
57 270
207 535
333 489
304 279
267 311
396 386
155 535
232 15
521 339
357 189
345 333
197 3
18 372
259 333
499 395
474 45
389 488
420 270
225 491
114 85
151 333
521 454
35 372
488 345
521 233
418 232
176 164
304 191
356 10
100 122
56 351
351 193
105 176
383 38
9 151
211 60
224 15
339 505
356 480
202 473
121 374
442 95
106 191
317 56
134 437
305 197
119 269
69 2
199 501
256 173
100 504
503 457
165 264
219 39
465 262
127 534
299 384
299 346
474 133
9 333
503 199
108 184
100 275
70 506
274 85
326 409
87 454
37 209
199 202
418 442
190 180
228 333
345 488
303 12
225 263
326 197
9 175
138 75
414 361
516 408
195 391
258 436
521 396
8 471
521 200
274 344
414 197
255 504
108 521
357 296
357 91
121 389
523 138
219 15
199 125
41 260
535 233
365 229
533 95
241 228
222 495
372 122
349 218
161 200
319 85
359 521
353 261
357 426
189 204
454 371
175 119
230 534
9 47
411 2
488 351
199 120
86 59
509 127
294 317
394 95
268 411
451 18
523 69
471 503
399 438
141 233
69 371
197 223
142 344
480 10
241 367
272 446
197 94
419 303
523 342
263 351
521 504
191 457
299 202
513 437
268 538
211 332
199 265
440 305
125 484
515 133
144 159
497 501
326 195
408 232
431 102
392 389
523 266
253 351
133 278
399 520
217 339
104 125
105 495
259 322
413 138
489 228
408 365
489 241
46 122
326 389
42 394
127 227
225 233
212 213
489 419
9 164
18 176
530 468
339 485
102 342
41 532
513 473
338 530
438 144
359 243
230 269
418 43
483 307
137 499
163 217
155 129
176 495
534 521
509 263
18 147
144 351
273 332
131 217
389 371
314 191
13 278
393 473
389 125
472 69
108 387
156 520
73 402
444 263
308 480
259 22
34 345
521 263
387 189
278 305
513 138
425 488
226 167
535 161
372 333
152 154
274 225
483 42
302 184
197 190
164 222
401 333
268 189
516 30
521 356
338 191
519 56
455 143
165 38
408 115
468 191
461 530
35 327
481 403
421 22
442 39
147 73
221 179
362 270
338 403
308 384
59 355
526 22
317 488
73 288
220 535
466 203
121 354
125 536
503 520
2 184
179 423
523 429
394 299
408 478
125 254
303 275
191 521
454 274
269 402
413 386
189 389
59 399
521 499
523 179
279 59
264 75
210 42
70 43
263 6
226 56
184 332
56 134
101 473
277 161
173 197
389 541
13 521
227 278
333 125
357 197
326 454
433 530
239 303
317 440
15 365
162 216
240 418
495 47
473 95
535 351
400 207
13 515
537 43
104 333
373 225
25 505
88 162
269 327
127 521
401 310
226 270
509 419
304 345
8 232
116 437
417 308
95 290
535 445
443 148
326 535
474 400
121 357
41 521
477 168
389 386
423 75
70 218
351 336
85 44
299 422
163 378
532 401
42 523
21 339
515 151
304 199
193 313
315 290
197 491
146 225
333 8
520 259
419 230
399 33
133 313
471 13
353 518
499 170
511 437
239 134
510 154
164 216
12 311
6 308
387 370
445 450
225 460
355 191
414 225
73 489
444 443
324 299
443 8
520 295
391 117
368 263
521 78
73 41
27 160
105 457
154 527
501 146
401 41
302 404
355 362
173 361
356 403
15 70
119 521
268 454
122 200
303 35
336 333
198 59
411 308
57 231
411 279
421 60
163 197
69 24
373 204
454 357
264 371
532 333
179 480
299 290
31 80
159 146
444 85
128 64
134 411
220 93
278 521
530 538
418 383
20 294
122 333
408 371
132 438
188 389
400 345
76 125
279 354
154 524
21 56
439 18
219 264
345 521
104 497
473 244
277 197
247 23
523 388
164 122
197 457
191 59
503 534
530 352
122 419
175 515
216 225
296 480
383 423
71 238
518 270
242 34
496 187
530 263
201 500
47 275
133 358
253 311
240 99
105 267
534 260
497 326
299 408
495 100
163 280
321 262
383 437
361 85
73 228
253 197
511 322
443 144
207 418
282 69
411 125
6 497
294 281
267 47
269 176
413 533
70 138
383 290
287 351
197 519
362 14
147 269
504 200
108 149
133 316
123 182
296 210
521 225
167 454
269 267
1 279
219 393
513 262
419 70
485 189
164 515
277 183
267 515
76 290
215 268
283 96
114 274
326 188
506 70
69 484
199 160
471 457
225 274
161 515
167 497
277 411
191 32
444 242
464 190
46 222
215 356
399 69
438 217
412 170
56 230
496 530
239 344
50 391
489 73
516 465
336 532
506 307
228 372
15 95
197 58
473 394
172 66
389 104
211 170
306 6
230 521
454 408
308 217
154 469
333 358
117 128
310 503
164 19
389 80
207 521
151 345
230 348
9 100
372 100
197 500
279 351
121 458
471 144
523 115
95 262
362 373
189 207
192 185
294 414
303 175
120 521
194 423
315 406
535 411
225 340
259 341
530 144
133 59
22 125
461 32
379 403
93 207
304 32
147 18
198 191
521 198
175 9
480 322
311 175
124 523
73 247
173 414
361 319
534 333
167 32
138 473
472 346
207 122
264 145
160 526
218 384
241 253
163 399
433 56
59 34
523 383
86 8
239 263
222 119
104 535
168 233
225 503
145 343
418 408
199 497
512 332
239 520
59 438
275 227
59 387
370 165
283 355
503 12
278 457
247 303
46 193
521 209
122 400
225 423
396 418
338 418
42 473
164 193
261 52
502 534
56 39
181 64
419 502
521 73
253 164
247 336
357 204
56 536
56 71
345 144
1 419
193 372
20 414
310 18
60 130
32 182
295 474
229 408
173 154
102 324
215 246
278 373
340 233
504 534
73 311
370 520
207 296
144 59
23 18
59 198
146 389
274 104
406 285
487 202
336 164
299 431
161 311
227 200
144 384
41 73
504 228
70 296
241 372
13 333
473 513
387 34
542 360
383 346
156 355
480 386
477 99
102 101
225 404
84 130
417 437
516 224
8 62
13 410
199 139
176 534
357 36
521 61
541 219
69 282
130 450
422 455
534 197
159 69
12 267
28 153
401 9
344 263
23 127
163 161
530 223
230 191
269 275
284 413
207 414
454 45
165 403
56 535
454 333
122 23
215 66
473 231
253 200
13 1
127 197
383 15
389 144
420 490
535 400
504 100
163 267
535 438
32 438
455 290
86 144
70 202
114 344
322 434
274 317
255 176
468 56
345 308
344 39
355 217
191 357
473 334
193 351
532 228
163 521
146 39
95 128
125 183
521 182
523 335
478 533
241 12
511 538
456 446
168 182
516 334
6 181
339 191
54 457
423 262
127 67
6 191
389 107
472 484
475 485
358 144
70 325
532 253
198 30
362 467
125 242
131 299
42 312
13 197
454 317
239 184
457 233
396 224
504 151
263 356
44 279
528 458
70 505
18 253
163 47
212 480
395 88
43 533
274 400
239 279
480 466
46 40
530 485
1 133
389 342
42 418
102 437
193 317
317 13
280 274
147 504
268 535
189 28
230 333
247 47
358 354
434 505
333 295
125 28
535 264
521 413
316 287
6 345
535 308
399 87
502 161
220 233
523 483
200 227
131 375
525 466
131 219
308 344
122 67
242 302
