483 408
73 362
160 541
489 46
413 60
439 336
358 239
222 164
244 499
222 451
456 325
338 109
219 371
144 32
399 188
414 131
19 351
278 503
211 244
515 495
333 473
443 184
505 95
122 47
467 355
526 60
56 514
169 102
269 176
418 434
523 10
125 108
282 261
130 224
494 181
14 530
197 221
454 539
363 185
214 60
342 480
245 403
8 87
389 224
483 386
144 425
542 411
145 321
290 190
355 333
477 168
521 474
164 327
296 224
241 354
419 119
1 19
15 394
520 341
217 239
240 455
411 44
413 418
154 391
375 138
336 23
357 339
144 474
161 327
163 345
423 270
18 503
438 21
506 224
497 39
414 345
373 225
338 325
411 69
365 473
389 514
164 311
197 389
187 486
326 197
269 333
228 400
333 362
46 267
535 520
504 105
465 396
263 197
163 311
535 21
232 408
32 263
228 275
299 268
523 101
396 102
241 200
63 437
455 145
334 69
467 410
119 197
368 418
167 21
269 495
425 514
278 19
173 520
444 389
63 69
217 345
23 333
268 10
225 339
521 355
100 9
515 199
224 480
334 371
156 502
144 296
105 275
306 183
521 439
221 436
535 185
247 535
408 102
281 197
384 450
134 438
532 161
188 317
528 355
199 344
87 362
467 457
73 147
263 167
478 321
380 516
349 184
314 234
473 533
193 1
73 348
150 361
8 207
489 260
529 239
471 45
351 263
384 418
294 155
438 217
383 384
189 191
349 438
85 520
85 197
105 372
296 191
451 228
275 311
247 18
191 530
280 339
384 290
193 230
18 336
31 520
161 495
229 322
73 241
32 226
442 43
350 148
454 106
302 6
503 191
520 62
351 228
141 225
400 535
119 311
534 275
83 210
497 458
219 179
164 399
336 401
199 114
387 34
374 357
454 404
424 102
32 6
299 523
515 372
483 307
30 187
161 127
474 59
95 321
131 308
199 33
217 296
278 199
200 119
530 433
368 125
132 31
326 229
451 18
22 263
197 196
521 83
535 443
160 102
276 345
133 1
15 523
537 505
323 233
535 530
200 164
446 170
199 304
198 521
357 521
199 294
515 521
18 147
145 375
131 365
144 357
9 151
207 182
223 320
197 88
73 267
119 191
80 477
9 119
422 270
299 62
299 371
176 372
503 207
459 76
52 245
225 414
455 423
439 534
313 521
345 296
521 325
401 73
44 199
15 396
361 330
247 106
535 163
127 227
296 125
414 521
515 47
304 333
485 300
528 76
521 317
225 86
313 296
237 361
521 534
233 521
276 459
542 464
450 290
503 46
76 459
398 224
278 274
42 394
368 520
310 247
278 333
241 40
387 108
8 21
274 521
389 341
147 119
228 35
303 119
389 31
521 78
145 231
70 348
535 471
503 176
319 173
313 127
308 169
223 475
438 199
164 535
261 315
127 532
14 94
12 470
199 261
13 39
54 418
521 391
66 36
85 6
333 425
230 521
239 159
159 154
314 164
37 530
431 15
144 466
454 385
225 233
538 91
487 262
308 530
28 199
387 308
228 239
73 263
294 220
317 389
345 488
355 279
1 339
80 183
467 193
515 260
537 394
538 535
515 278
278 345
467 228
417 511
253 345
147 327
516 219
411 215
228 303
399 278
42 537
310 489
35 263
84 299
15 343
509 119
438 6
483 266
340 225
263 310
454 134
95 473
400 129
70 533
535 279
310 228
27 202
387 370
18 151
73 41
141 28
300 403
7 285
532 193
197 468
169 418
521 410
39 266
473 334
184 435
389 79
56 206
46 73
46 9
383 232
521 296
220 150
56 503
303 47
32 530
423 70
523 99
163 260
6 344
320 521
411 132
245 270
283 520
276 6
473 481
59 207
258 436
538 191
197 500
168 144
125 144
163 70
333 45
521 125
211 523
532 41
32 199
241 367
223 174
520 91
523 487
197 93
455 386
308 217
276 207
199 281
13 520
502 345
530 520
497 204
308 461
362 400
34 444
425 271
414 129
511 218
163 204
535 159
411 131
365 224
506 299
313 105
383 244
156 19
117 236
136 210
401 267
342 442
12 46
255 532
461 535
22 376
70 38
191 296
442 284
502 515
344 104
425 418
267 402
147 267
86 239
161 241
261 154
401 269
489 515
18 534
463 233
519 468
261 353
219 194
317 385
268 400
535 308
401 41
535 372
253 230
197 496
533 43
88 272
506 102
269 532
326 115
497 62
413 4
362 521
535 10
336 534
352 519
457 400
197 486
456 392
338 523
24 154
509 228
8 292
411 427
506 84
208 437
340 256
199 225
163 144
224 450
8 373
13 304
511 299
316 197
294 233
515 470
542 36
175 176
430 523
396 4
473 307
114 197
483 154
410 440
223 485
163 67
418 137
304 13
534 503
263 357
339 144
408 250
101 539
47 267
132 80
501 505
299 36
443 350
73 339
326 32
487 202
256 233
56 351
100 41
176 100
163 333
274 217
296 389
499 354
495 502
200 161
277 535
383 434
233 160
532 73
304 454
450 434
393 533
356 185
274 444
179 356
269 119
130 384
530 56
444 263
338 93
189 125
199 28
409 8
454 205
55 499
295 333
276 520
345 225
450 128
523 394
73 310
503 43
383 386
343 262
393 381
225 134
193 521
6 126
418 270
411 370
197 273
520 59
193 310
136 170
163 255
505 418
222 47
164 451
119 41
142 66
102 307
520 371
414 225
188 144
127 18
225 20
164 253
384 473
456 446
317 344
59 87
417 411
360 389
241 269
41 241
489 40
156 13
499 244
355 198
336 345
165 384
288 56
356 4
331 218
362 438
145 384
70 399
225 95
533 537
70 455
75 403
15 480
191 239
9 46
473 365
275 35
439 105
102 322
502 161
319 389
173 85
41 372
303 354
380 284
193 535
240 480
132 90
69 152
47 451
197 179
294 361
106 521
454 304
115 437
336 122
357 59
338 354
253 351
207 399
504 327
13 471
133 278
85 146
163 239
199 276
342 506
281 302
19 345
73 200
488 399
468 354
75 391
362 106
315 524
365 450
385 225
226 326
142 195
313 228
461 304
405 345
219 437
151 176
535 503
239 454
357 91
532 105
535 501
410 216
279 528
278 470
336 313
91 352
59 217
63 219
474 345
317 233
535 399
13 332
394 211
443 86
163 43
503 239
334 117
357 354
274 239
275 247
300 485
70 321
537 154
396 465
134 34
96 197
439 310
95 375
383 165
383 117
56 71
241 207
338 373
413 386
523 232
56 479
211 154
405 497
455 523
280 357
535 499
229 115
167 184
371 377
131 197
212 102
520 225
56 21
398 214
488 351
142 4
188 276
474 13
319 294
321 39
219 102
85 299
411 390
197 475
42 533
306 168
401 503
43 299
15 366
503 199
215 262
138 473
114 155
333 399
228 413
279 188
189 306
521 401
530 403
523 210
9 336
296 345
454 322
365 499
502 260
534 515
499 26
188 197
147 197
225 104
279 108
345 6
442 95
176 310
28 389
439 419
156 45
308 144
383 15
409 207
253 241
302 184
400 333
13 197
163 230
485 339
159 197
326 511
70 240
338 191
521 8
473 312
469 437
304 134
244 43
188 344
76 458
386 204
306 160
35 372
310 495
421 22
154 24
70 419
535 220
15 69
165 143
199 319
296 39
535 144
516 194
474 217
26 184
299 229
164 275
27 270
336 504
473 95
385 148
13 362
308 384
247 35
168 488
124 64
400 354
125 31
294 345
146 381
228 200
195 391
423 290
425 523
383 322
515 41
345 125
446 191
298 407
13 280
28 189
425 132
215 418
163 47
408 366
371 518
461 28
520 21
444 270
230 228
176 164
130 84
310 333
515 520
510 154
345 304
472 406
496 457
163 191
173 414
150 319
87 454
56 8
511 129
198 317
349 132
485 109
396 348
383 60
13 317
191 21
222 419
233 340
114 199
127 73
308 376
199 265
389 11
296 499
86 454
202 513
434 15
439 521
515 504
39 95
356 384
13 59
225 299
340 173
478 185
542 157
230 327
326 144
154 452
535 150
100 327
239 313
261 69
242 85
73 47
454 278
220 95
373 207
326 497
345 538
454 356
262 43
225 59
370 28
542 457
8 339
411 96
47 228
457 183
188 104
159 183
311 495
47 457
340 389
342 299
308 191
389 425
535 352
278 305
121 19
485 8
163 401
489 127
230 43
130 386
515 225
35 495
500 403
176 41
497 373
430 72
299 383
189 270
471 197
324 434
336 230
461 454
165 264
396 505
317 86
73 9
156 274
295 274
440 317
413 321
10 64
268 299
280 521
468 530
151 100
299 411
219 393
365 393
480 466
176 105
18 222
200 495
521 358
256 20
390 145
474 535
256 312
202 505
28 438
534 18
56 374
389 382
306 8
7 406
219 229
188 389
225 346
474 520
296 374
233 497
207 256
73 106
134 344
392 272
513 523
480 102
456 88
241 227
299 506
418 413
70 437
230 303
147 333
45 351
521 176
199 487
191 454
480 516
274 1
146 242
151 197
389 544
299 203
64 165
175 147
56 354
521 375
423 301
205 394
389 463
73 193
326 239
125 134
326 437
372 200
225 411
276 339
410 354
446 395
299 533
336 106
225 467
35 509
516 375
207 502
425 144
326 438
487 478
197 446
362 317
406 69
277 213
216 304
516 373
285 406
530 535
115 430
304 76
288 339
535 488
389 537
225 373
163 151
163 34
263 43
197 467
454 182
15 70
344 144
283 333
207 277
46 489
534 191
454 375
120 290
268 314
537 299
410 503
423 473
317 195
164 122
125 120
145 59
401 521
311 119
513 262
368 408
133 295
63 232
389 15
454 465
86 134
129 201
410 225
501 520
199 478
127 191
302 535
126 78
95 38
144 189
280 474
22 183
320 109
241 122
357 296
198 13
160 356
256 361
276 195
433 308
269 46
230 151
122 241
108 132
535 247
145 315
389 50
159 521
488 45
1 13
86 457
419 156
474 225
168 271
517 499
59 34
383 184
250 437
85 399
454 487
304 357
299 381
321 43
203 69
225 503
373 521
313 358
80 66
339 86
461 308
211 60
473 266
119 532
101 436
394 272
20 233
370 149
21 375
163 314
497 333
80 28
131 414
338 102
497 182
296 418
423 202
391 128
132 34
274 225
23 336
69 184
179 224
505 380
534 176
96 333
1 217
8 218
454 413
18 23
15 454
223 94
451 489
535 188
365 262
504 12
43 393
495 255
225 188
199 123
317 85
63 154
119 275
433 263
225 21
467 503
197 412
86 370
372 336
506 371
147 164
289 245
9 532
164 458
197 238
477 322
497 520
501 189
33 28
398 72
373 362
279 21
421 259
400 292
306 263
333 311
62 414
326 108
247 439
241 46
333 339
225 308
197 248
326 132
400 121
319 225
156 144
10 145
95 26
227 303
527 403
310 41
333 354
389 477
294 319
376 144
125 235
504 439
27 423
521 275
514 376
66 129
443 159
535 108
199 216
15 383
541 219
299 391
225 520
263 97
365 263
504 228
387 59
520 344
521 451
119 147
365 179
511 246
521 97
56 230
56 320
72 50
433 197
408 307
479 320
542 332
495 9
193 502
443 345
168 368
146 411
73 8
389 361
176 336
199 406
366 343
442 42
316 45
119 122
346 52
279 348
28 444
401 200
85 134
168 296
380 69
275 227
521 70
502 521
356 413
207 488
445 450
450 138
22 457
207 286
410 400
228 389
454 463
535 206
119 217
538 129
122 502
75 118
34 184
299 99
530 326
472 315
241 161
521 370
353 371
521 327
303 12
85 104
472 184
278 497
70 299
43 356
521 32
219 411
164 127
529 339
161 311
454 132
515 534
308 345
344 6
127 156
60 466
193 336
1 357
272 392
368 537
219 293
164 402
108 279
507 76
473 38
104 438
530 69
200 509
445 394
271 356
290 154
389 77
207 154
198 279
163 247
438 535
283 204
105 193
351 193
287 354
146 281
521 219
34 167
216 362
295 348
223 403
22 28
163 535
317 206
274 56
215 66
343 408
502 336
275 535
263 39
9 47
418 42
275 521
225 400
160 95
266 408
503 119
299 386
386 418
419 336
102 325
495 193
122 175
430 299
179 138
535 444
454 114
355 345
119 193
515 133
28 125
356 394
225 146
538 137
401 311
348 356
150 233
180 450
164 247
207 232
10 537
173 171
8 409
220 93
442 348
524 346
253 451
443 59
284 441
509 327
338 505
164 267
225 314
163 263
233 520
503 280
181 64
100 515
527 332
537 145
504 311
230 367
437 290
495 327
76 339
284 39
496 373
319 361
95 437
75 245
46 521
356 154
192 117
296 437
152 472
233 294
484 103
193 227
538 308
278 348
233 345
535 283
59 287
197 249
299 262
145 411
22 542
66 109
56 468
176 495
451 241
368 239
222 12
534 303
383 217
442 4
380 102
296 17
207 361
95 404
521 488
467 189
26 3
144 97
215 326
444 184
117 192
521 485
100 197
114 281
513 371
125 20
497 454
222 267
199 220
95 442
356 224
100 336
197 53
122 12
230 489
280 193
199 104
145 96
37 223
59 280
56 411
151 35
100 122
454 146
307 473
168 134
433 191
483 435
445 55
336 164
154 332
57 270
193 13
454 414
161 35
535 204
333 421
418 102
503 122
356 523
275 127
239 45
199 27
299 85
198 197
191 106
163 275
20 340
272 296
311 73
280 45
28 520
163 389
102 537
408 240
535 338
18 105
523 284
338 326
400 278
197 14
115 408
148 191
513 437
39 43
180 375
389 343
233 141
503 296
425 341
516 422
304 195
147 351
409 138
56 148
283 228
12 503
299 390
73 532
521 497
345 226
383 418
168 438
542 109
75 69
137 516
317 131
289 117
481 473
303 253
22 421
521 422
43 422
102 473
151 521
167 485
396 299
479 403
44 443
408 394
533 478
399 13
305 278
200 241
168 513
418 240
193 18
410 228
104 317
469 403
317 278
454 95
528 472
438 497
150 340
8 70
383 43
215 138
483 418
466 490
189 399
334 375
151 311
495 401
320 357
189 52
232 413
165 518
163 374
225 356
13 491
520 55
119 127
279 239
356 321
134 224
534 151
480 101
9 521
474 355
529 345
242 290
200 470
404 69
197 332
432 180
144 535
365 455
313 200
411 114
179 380
368 539
303 269
85 317
275 367
35 151
358 280
200 313
41 327
443 197
191 159
151 534
473 513
207 33
365 231
43 394
253 97
56 134
442 413
188 520
160 183
530 370
102 299
313 355
487 312
276 76
417 292
397 371
154 48
179 423
230 227
392 109
176 451
1 279
219 380
535 351
31 462
145 505
232 95
271 99
241 495
523 457
534 73
444 299
56 508
34 339
446 456
215 232
542 259
444 339
410 279
198 440
503 400
13 374
389 324
443 98
127 275
47 402
191 228
295 521
31 233
483 244
299 184
398 408
203 435
391 490
127 41
530 264
59 529
535 256
161 275
263 422
227 230
207 134
357 217
521 222
133 358
410 263
383 516
146 189
42 43
518 154
188 183
535 405
32 514
146 454
410 374
46 164
85 44
197 293
163 497
41 161
463 183
225 491
480 130
131 239
241 12
12 333
342 218
384 435
488 437
13 210
225 220
111 371
393 371
146 85
334 403
444 85
528 524
351 354
356 116
159 385
200 253
302 404
151 402
397 15
383 478
56 339
457 466
296 413
355 239
351 200
451 253
333 160
438 520
484 290
503 339
487 494
101 483
219 541
191 223
384 102
535 8
340 85
226 485
450 24
259 466
127 197
302 216
339 217
389 166
164 318
42 348
359 352
176 419
255 127
193 46
263 56
373 96
344 199
227 373
497 197
32 59
355 296
504 303
356 505
150 521
197 3
227 100
411 274
502 73
228 502
35 46
455 384
315 181
18 303
488 386
422 4
296 263
197 373
299 346
70 503
211 102
34 263
225 433
400 520
155 497
534 161
28 195
438 491
408 324
134 225
357 109
411 345
207 294
10 437
351 217
317 13
188 167
225 375
383 494
473 299
471 216
411 159
504 230
489 311
461 345
414 85
440 497
274 339
59 274
236 69
28 62
175 9
219 99
497 438
233 259
401 303
497 167
304 59
306 86
184 38
530 197
217 389
533 299
340 182
99 380
199 520
389 233
199 501
338 70
8 383
413 39
163 46
368 480
411 276
172 339
118 403
411 8
119 402
515 354
408 423
18 451
393 69
304 279
454 69
223 185
8 145
521 95
269 122
443 149
147 227
511 326
226 144
193 144
6 217
228 351
154 510
50 533
400 357
34 125
361 389
521 10
377 301
156 127
73 197
227 228
479 433
339 182
216 225
273 270
333 532
529 485
232 299
451 67
34 457
296 93
50 391
303 105
302 399
197 258
299 270
375 70
193 278
75 128
138 437
413 43
189 85
506 539
523 431
73 164
423 185
401 227
119 151
479 191
400 262
32 245
351 280
13 395
147 40
253 18
473 43
489 534
319 220
105 515
280 133
530 304
538 28
366 210
144 167
515 106
252 65
523 343
75 24
225 34
268 96
268 145
70 177
326 262
191 345
245 391
308 438
473 435
370 189
537 10
317 189
189 302
411 270
141 457
468 13
391 75
175 119
504 470
524 69
144 513
45 313
95 505
266 170
80 132
72 366
155 134
193 345
108 535
164 176
503 59
400 225
232 102
144 405
454 418
10 95
288 345
18 46
521 400
20 85
46 241
344 66
197 190
197 39
122 489
46 222
356 10
144 86
400 339
400 497
207 239
168 477
334 184
133 280
86 326
443 125
477 262
233 201
16 109
362 535
85 497
497 149
349 521
356 348
523 541
317 32
154 69
183 129
372 378
534 164
127 193
15 431
414 233
85 159
333 411
454 76
197 519
296 526
156 1
513 394
408 487
351 121
288 121
520 454
357 538
7 261
299 434
199 103
443 390
515 247
319 85
376 521
72 214
224 137
306 322
418 10
345 514
279 263
46 269
420 181
201 69
115 523
159 239
358 97
523 262
418 210
397 505
362 217
222 333
255 402
160 526
399 440
401 454
101 430
195 345
234 199
385 257
264 145
47 207
261 282
268 262
395 517
225 163
109 243
317 288
523 473
389 430
150 414
502 105
11 418
130 455
414 150
6 326
302 315
217 279
12 228
59 97
273 174
159 189
219 427
32 86
193 440
228 147
506 214
256 93
326 317
59 400
232 219
239 121
73 207
408 60
493 475
200 336
411 184
338 346
45 354
66 86
164 222
175 127
42 413
75 334
542 389
487 533
299 96
481 403
467 359
451 35
299 198
43 403
147 191
283 296
253 354
126 290
455 210
264 527
76 182
521 66
375 386
400 418
311 275
296 530
35 193
303 275
299 70
45 156
418 371
311 175
435 184
520 126
362 485
333 227
276 129
451 230
336 127
535 134
408 386
18 35
23 263
342 450
219 240
207 146
535 217
474 497
414 346
516 408
224 539
357 279
119 241
304 317
163 73
114 132
227 122
419 311
70 513
399 104
326 411
515 467
176 502
296 217
525 125
515 216
326 454
163 295
133 355
299 232
191 59
279 535
274 6
488 333
431 102
321 450
217 438
168 102
408 124
401 402
299 435
515 503
164 277
375 437
480 212
357 93
194 115
15 434
461 226
437 219
276 418
487 437
163 354
383 210
28 485
34 69
76 125
163 316
167 225
201 154
523 380
303 451
422 213
338 426
156 354
207 290
357 520
326 338
454 497
191 85
520 535
197 359
317 290
515 46
41 18
73 311
274 358
296 189
226 530
41 73
469 154
440 425
389 335
85 189
483 102
339 344
163 410
385 314
515 451
127 310
530 521
199 188
199 460
303 41
73 521
429 537
122 439
454 217
372 532
99 356
537 69
311 122
515 239
193 520
513 290
172 299
10 299
423 39
497 278
420 403
359 467
365 523
155 85
345 256
36 157
438 326
313 225
418 232
93 109
73 534
201 414
487 521
473 523
230 402
304 288
310 100
28 34
467 19
6 62
471 400
396 523
467 295
28 425
141 449
454 537
409 129
33 154
534 46
513 270
414 62
515 45
425 506
338 437
340 134
472 371
241 47
483 533
256 290
163 45
188 125
176 489
537 403
520 156
78 126
473 371
344 21
340 262
102 290
159 317
253 333
188 454
131 485
239 184
200 35
520 490
362 357
131 263
179 499
219 480
161 515
299 145
176 532
21 344
217 520
497 326
419 267
13 360
167 125
166 28
135 102
274 474
489 73
132 85
70 521
104 345
521 458
161 41
345 354
102 224
376 466
535 210
294 146
69 282
127 34
372 35
532 303
263 313
375 381
418 70
461 144
142 203
296 450
160 22
119 175
408 284
211 445
408 214
454 39
317 520
389 262
439 35
333 119
535 154
253 200
146 120
156 521
333 308
163 454
346 406
219 284
471 144
161 100
200 269
121 362
1 175
191 538
411 279
321 38
420 494
315 334
131 217
121 488
304 346
219 231
34 520
277 8
353 518
225 56
411 350
338 219
523 250
405 339
363 373
383 413
202 348
121 59
102 397
70 403
414 197
408 437
122 67
278 454
306 485
345 357
73 336
6 389
179 523
502 156
444 197
521 499
86 66
502 269
59 225
44 389
272 436
191 87
389 507
119 228
161 521
183 339
344 197
18 40
28 399
315 290
56 238
20 220
269 164
201 319
151 336
269 336
427 299
346 518
425 36
338 38
268 389
506 42
535 229
119 389
333 405
535 357
389 90
204 386
239 108
535 348
276 144
163 175
534 532
156 295
303 457
47 372
46 12
193 100
333 86
411 28
207 336
73 303
101 299
295 144
130 465
352 91
311 310
535 66
239 144
319 423
326 138
383 437
373 180
523 321
530 332
184 203
197 535
151 13
483 321
124 408
521 450
254 473
350 385
471 199
481 38
272 394
275 509
230 267
108 69
287 521
163 373
363 486
120 234
159 108
255 9
200 222
75 203
303 164
520 173
35 260
400 538
229 326
425 505
365 408
72 224
304 450
9 303
15 135
59 355
495 127
241 502
228 87
487 328
241 532
135 293
338 296
193 357
274 45
521 4
69 334
389 60
454 191
408 43
56 37
47 336
497 314
385 339
483 450
305 400
199 500
311 227
37 433
69 118
489 495
122 40
228 521
454 288
104 195
102 437
443 132
224 383
220 411
456 211
497 87
412 195
221 66
400 488
259 541
59 399
239 280
142 389
133 263
521 231
399 279
296 384
520 345
506 442
168 341
152 69
176 73
499 55
537 418
191 354
326 225
233 411
194 177
365 290
199 69
247 419
56 535
211 457
163 488
521 175
399 262
198 474
16 485
8 511
509 515
268 535
59 354
69 403
105 534
127 100
317 155
515 489
532 40
454 263
319 129
167 144
41 122
172 66
43 371
176 228
191 521
497 144
303 402
388 102
344 154
211 307
387 520
32 167
454 45
69 524
119 400
175 8
216 129
413 437
31 28
243 109
211 258
279 326
35 503
275 336
431 322
147 105
46 311
509 230
47 200
263 351
99 259
33 62
296 36
22 259
454 362
39 365
28 521
530 223
333 345
73 378
340 414
336 439
14 38
362 530
509 46
368 505
86 17
326 529
95 396
9 175
256 69
342 418
272 456
176 18
47 227
21 345
13 320
225 199
345 228
530 149
151 269
96 355
102 506
481 321
412 535
279 313
534 439
400 308
333 106
413 262
521 131
489 532
165 371
317 104
239 303
159 85
202 95
150 129
504 164
197 109
125 461
487 371
122 100
215 197
346 103
451 255
383 356
333 535
376 104
104 344
106 336
219 262
326 530
15 116
224 214
47 303
225 404
464 96
69 285
425 422
274 156
383 375
389 81
474 358
200 147
506 70
303 367
275 197
509 275
102 480
497 501
383 219
39 413
219 505
69 404
35 40
221 88
134 437
59 351
473 437
414 535
341 160
336 191
173 28
423 232
126 389
1 97
503 310
211 299
377 334
201 150
523 325
368 144
165 145
442 368
230 222
387 279
299 366
340 361
450 371
180 57
239 274
454 357
443 145
194 437
56 466
404 403
401 532
268 322
469 377
333 225
351 45
25 505
299 290
147 495
247 521
45 133
168 239
21 390
322 299
51 403
164 70
401 495
232 434
463 31
338 210
475 354
344 95
462 233
304 535
359 457
163 489
326 215
396 266
535 411
461 530
504 515
237 125
511 437
399 438
217 59
7 282
144 290
314 183
277 163
125 69
70 121
267 470
230 253
13 156
317 156
284 95
538 197
345 173
530 387
509 303
217 6
41 200
372 311
165 332
207 274
207 120
515 295
41 310
535 95
375 380
317 399
450 218
277 181
427 219
521 209
313 197
13 1
9 310
47 311
21 217
28 292
372 327
338 13
275 402
263 59
23 122
303 127
102 450
28 540
338 403
122 164
480 124
132 274
169 505
224 322
86 497
30 74
497 95
15 437
227 119
521 132
12 267
484 346
254 95
263 275
454 411
361 201
218 349
114 274
10 231
534 419
65 259
70 277
13 170
477 224
86 76
454 299
313 389
304 32
102 442
87 193
299 403
31 125
65 492
441 185
310 9
389 429
138 262
39 483
191 243
311 200
22 418
228 193
176 521
509 100
506 72
125 389
132 144
184 181
420 315
342 307
101 124
253 275
247 9
102 523
76 225
154 75
33 411
387 28
387 274
523 334
345 195
413 246
389 440
454 308
501 146
146 183
339 226
515 227
474 144
311 534
146 234
523 384
163 222
228 345
61 32
147 241
433 225
296 45
425 199
86 520
46 470
469 26
530 217
275 303
268 225
345 278
443 290
46 67
411 32
6 216
497 217
207 520
173 346
197 94
501 62
295 467
488 163
478 219
433 389
389 271
373 197
471 263
308 538
295 488
278 56
368 341
406 353
419 303
488 59
399 314
515 34
266 450
306 438
193 191
18 247
199 340
207 276
173 521
313 263
495 458
145 270
207 127
119 351
70 356
144 125
193 467
232 380
310 509
278 373
191 358
283 278
119 401
501 207
284 394
475 195
244 408
259 296
336 207
284 393
410 280
207 241
224 299
530 344
73 509
175 197
383 70
506 516
41 47
338 66
217 283
78 396
125 520
102 15
274 354
502 327
311 303
533 95
59 239
46 260
503 451
505 473
521 34
119 9
524 315
163 304
516 96
274 317
333 341
32 317
176 230
224 250
23 327
154 334
163 18
408 72
408 299
401 9
418 284
1 457
241 73
317 304
303 191
127 176
340 514
129 199
408 335
85 444
56 164
259 214
355 488
127 269
457 271
503 458
176 439
521 160
197 426
521 126
19 45
96 30
516 383
266 457
306 317
408 383
193 228
200 127
202 483
13 488
503 535
279 217
503 12
117 334
315 420
226 339
398 384
95 380
515 207
253 46
278 239
275 263
151 367
342 523
451 311
333 497
540 197
435 329
296 70
144 336
261 7
207 372
308 138
105 378
497 263
346 301
28 217
225 173
284 437
192 377
168 466
73 313
341 521
6 345
342 262
463 125
358 45
489 41
163 121
164 532
255 46
497 191
473 394
400 274
310 46
506 24
211 179
154 441
419 147
401 489
155 125
46 310
515 193
339 197
358 354
523 15
467 239
268 375
32 521
464 441
28 345
21 39
199 155
490 466
499 395
440 140
397 335
147 269
76 411
535 173
91 191
21 389
361 256
220 319
264 117
351 488
383 38
161 535
284 487
201 129
351 230
217 299
389 199
277 70
9 127
444 521
141 199
443 34
193 515
224 72
509 333
41 176
145 390
521 320
8 165
523 299
365 250
207 138
514 261
532 310
422 309
225 17
102 418
396 356
467 333
419 263
42 299
189 6
253 164
373 189
127 503
503 147
495 105
384 371
167 438
326 8
340 205
287 274
304 216
24 236
59 345
345 241
340 20
454 102
86 189
70 179
408 202
483 423
197 30
304 263
400 322
344 239
225 62
306 344
188 56
400 138
472 261
408 70
219 154
80 90
509 419
359 216
489 147
409 326
1 193
228 504
268 62
276 263
515 310
499 143
239 189
519 479
495 451
324 299
419 504
489 67
399 8
197 272
41 515
160 62
320 191
165 64
504 47
299 397
358 274
59 339
276 59
421 86
219 332
515 222
334 404
525 466
32 191
520 281
233 507
25 525
163 19
518 391
372 303
47 367
383 505
521 18
311 255
156 133
522 154
419 217
321 70
268 520
278 304
226 8
154 118
440 197
217 191
540 345
290 315
159 345
443 476
106 121
201 233
57 96
220 207
241 147
365 333
359 174
495 253
159 383
358 471
127 228
189 182
13 239
443 8
372 147
95 231
176 191
278 410
57 180
474 198
239 182
534 451
69 406
484 285
406 154
134 317
224 95
296 14
352 13
439 372
339 357
131 21
217 521
222 161
520 70
43 537
245 52
146 317
345 233
351 345
304 299
39 321
279 339
299 437
466 435
274 287
478 408
372 45
284 299
338 157
56 296
37 362
365 348
132 444
454 461
521 419
351 274
3 391
389 466
406 282
283 373
151 164
2 184
506 332
467 474
454 86
179 396
13 354
9 228
497 411
156 520
227 402
467 59
339 362
534 175
263 156
163 217
255 35
125 341
59 454
2 69
362 263
164 230
325 170
96 190
523 533
198 263
27 403
302 281
495 151
326 523
389 356
145 63
22 309
338 275
75 371
274 316
446 190
8 356
34 188
284 371
98 417
179 393
228 197
144 217
165 403
215 322
535 359
168 66
134 104
87 144
389 369
212 450
357 263
502 127
233 450
221 211
473 516
517 266
167 270
225 457
242 302
199 399
202 473
87 288
197 49
542 296
535 299
533 219
529 263
200 303
389 144
333 13
304 485
537 365
418 348
504 503
419 269
535 277
254 389
216 32
12 18
197 517
127 144
538 210
438 396
15 408
88 389
195 108
530 274
461 189
444 132
46 161
504 147
411 197
173 315
339 341
455 95
418 483
28 191
127 267
467 199
352 521
438 276
64 353
400 457
105 35
131 69
142 126
306 450
12 161
405 197
538 521
114 317
191 355
179 483
127 222
151 333
217 354
95 203
201 220
454 306
410 278
408 138
45 263
302 189
163 339
95 356
338 216
122 345
33 146
368 465
362 338
533 356
268 183
503 18
56 47
333 247
95 348
119 45
269 419
295 474
455 348
537 43
399 120
147 489
167 263
35 176
56 444
495 310
247 489
259 322
132 520
64 142
155 389
69 420
359 433
275 327
303 503
18 367
467 488
60 42
520 362
506 116
256 125
454 121
197 416
387 385
15 332
326 400
317 45
368 259
35 161
278 314
313 362
362 207
176 333
263 28
303 227
104 520
425 125
457 259
389 102
455 4
132 44
108 195
450 95
41 495
408 262
326 125
18 200
411 304
202 266
534 269
163 362
365 413
80 463
191 253
383 321
383 290
497 535
150 389
286 535
104 411
523 244
411 167
9 12
215 8
211 321
224 368
239 535
199 125
255 451
339 505
506 473
197 223
108 263
199 7
225 28
225 141
193 471
294 33
425 99
161 520
207 354
68 199
408 539
115 366
488 28
326 28
119 67
467 191
69 332
372 354
127 47
1 280
521 392
366 398
45 280
295 1
125 34
529 195
247 191
489 176
314 146
119 502
411 165
213 356
184 64
504 119
207 308
225 263
443 44
503 327
503 227
368 356
229 262
72 398
353 334
515 35
46 503
163 471
164 351
279 289
181 435
10 321
444 114
471 193
191 105
296 317
521 210
197 403
440 399
193 73
44 28
193 164
411 149
239 529
431 342
277 355
163 8
127 467
96 295
227 193
497 317
535 85
454 276
296 410
523 324
380 365
313 410
305 521
414 264
336 247
285 329
191 226
35 47
146 62
400 373
268 530
521 402
12 310
193 296
296 97
228 18
358 345
85 535
296 322
505 523
521 470
144 45
377 435
290 404
287 345
266 394
489 12
193 373
333 357
502 217
56 69
368 99
134 93
380 413
313 164
444 21
268 28
310 372
294 20
220 438
108 191
164 367
200 40
303 247
465 262
392 400
267 46
422 218
521 73
521 478
105 176
373 198
336 228
425 172
369 323
278 280
317 140
18 122
310 73
176 402
197 174
283 389
215 299
333 8
339 32
134 155
454 474
241 327
505 232
372 345
144 182
285 261
35 504
58 249
121 197
361 93
419 247
32 189
35 200
275 9
75 154
535 45
13 211
534 504
13 121
473 39
151 46
389 323
401 255
540 62
509 217
225 330
222 495
253 176
233 81
464 74
163 106
294 216
28 457
451 310
229 177
173 514
70 229
538 511
197 270
13 45
144 59
219 457
475 485
188 114
365 371
20 173
155 276
147 46
142 69
163 317
287 263
219 224
30 516
127 504
277 389
490 403
375 411
389 115
333 35
156 454
164 313
199 521
161 40
502 509
168 182
326 59
451 175
14 521
8 348
13 468
317 276
455 375
207 122
255 40
400 216
100 230
404 334
356 437
443 389
296 341
523 240
535 207
219 135
264 184
535 100
521 207
239 444
63 346
419 46
433 411
410 288
425 299
197 464
535 132
480 15
146 104
188 39
477 317
230 41
227 41
122 534
397 299
399 217
229 299
39 533
163 274
513 102
399 400
507 233
419 367
535 326
515 255
313 295
1 287
259 233
359 320
504 372
376 28
43 219
313 303
321 365
383 450
280 295
324 437
268 345
134 129
56 520
451 127
141 233
438 197
357 333
21 383
361 141
80 31
86 387
119 509
435 466
76 438
415 389
438 28
521 313
471 280
284 380
343 214
535 216
70 43
516 413
485 216
296 357
538 400
275 230
295 339
489 333
278 34
528 152
201 95
261 406
502 253
408 101
241 503
506 321
304 217
515 197
389 263
161 488
459 492
70 386
237 271
179 450
268 217
506 99
150 201
268 326
501 28
211 170
521 40
317 220
163 405
450 423
326 6
383 338
221 520
147 367
513 266
207 95
333 389
191 488
132 259
537 393
8 138
151 147
365 293
100 40
94 71
104 28
389 124
316 195
207 362
85 501
341 86
455 138
105 73
469 264
255 227
280 488
35 175
241 263
221 457
69 391
168 339
32 144
326 516
20 150
299 473
467 1
296 538
423 181
217 497
521 253
336 253
73 230
489 451
70 202
372 339
86 129
443 317
130 396
417 437
516 411
412 521
358 457
467 325
506 383
423 262
411 268
126 521
474 354
456 389
263 438
534 122
335 397
87 8
303 193
59 333
217 317
44 154
521 396
504 267
454 355
532 67
46 532
42 408
86 268
303 176
310 40
108 521
418 218
133 515
497 6
311 18
464 57
388 185
440 8
503 362
299 398
290 371
390 454
28 173
104 8
145 185
512 332
33 155
225 256
411 263
200 372
127 515
355 288
151 345
414 199
362 204
135 169
191 339
475 13
145 418
233 425
308 263
159 389
194 116
21 56
443 454
520 304
306 411
6 274
230 35
133 419
244 211
295 217
155 6
299 380
13 87
124 10
56 154
144 39
275 504
18 495
504 18
535 385
358 225
434 506
311 515
85 34
85 281
256 120
299 194
295 193
144 239
35 534
227 127
