542 535
408 211
328 533
410 34
144 226
359 403
299 396
100 105
241 345
513 383
18 327
147 106
473 413
521 304
73 230
233 225
197 158
339 34
455 211
144 466
193 119
496 30
12 241
521 61
425 454
46 151
401 35
225 28
156 239
268 188
201 225
317 97
333 13
194 116
9 451
535 28
219 63
27 262
134 263
401 451
513 211
294 220
276 62
47 247
8 138
338 326
275 119
503 40
467 258
176 193
414 317
472 329
461 217
389 386
131 530
222 470
454 374
274 2
198 59
296 333
288 345
284 380
400 418
219 457
471 295
290 95
220 150
534 303
520 216
269 100
535 488
521 509
333 304
283 180
146 520
184 404
338 359
534 402
239 279
306 457
356 537
487 43
13 457
268 146
357 137
383 210
279 289
317 333
269 228
454 344
399 234
219 394
521 132
410 374
277 213
127 489
283 96
217 521
474 228
535 62
389 356
521 23
151 13
263 133
191 243
47 470
15 506
242 85
472 315
501 454
163 222
521 520
317 159
233 90
14 38
253 41
124 523
114 216
12 311
41 67
371 403
275 105
521 43
100 46
34 389
144 6
33 411
503 471
60 55
