534 503
163 378
389 462
86 368
521 401
502 122
419 239
42 299
253 200
336 35
163 73
384 435
356 346
359 332
523 250
226 8
339 21
133 410
445 30
461 326
371 190
383 131
503 225
199 319
508 391
125 166
154 113
336 269
411 219
241 275
419 269
523 398
274 444
114 217
296 357
467 313
101 72
287 59
133 358
27 500
168 333
444 344
263 167
10 365
315 420
525 466
454 125
34 339
227 327
233 330
13 34
225 304
12 122
454 348
471 13
250 437
399 8
438 126
225 283
275 327
176 333
377 75
333 405
120 389
193 313
520 497
357 225
155 146
22 339
100 230
219 394
73 354
310 260
201 319
223 403
401 230
207 304
225 330
487 533
156 454
515 241
191 290
244 211
64 96
95 185
168 308
161 267
244 43
15 214
274 520
56 69
264 332
296 408
163 122
319 521
343 523
198 197
225 358
389 299
530 217
467 348
163 45
380 487
370 189
355 362
385 225
128 117
336 333
326 195
411 149
164 311
454 443
455 394
47 457
340 505
85 191
13 499
9 18
261 103
191 223
495 47
503 521
441 494
521 367
419 18
392 3
523 413
389 79
160 457
471 488
191 339
451 119
296 239
521 317
241 193
439 230
274 263
230 348
521 164
154 192
145 69
278 470
63 154
164 200
188 485
467 106
497 281
317 197
503 274
47 504
538 13
495 333
60 244
197 395
14 320
32 514
184 38
223 56
116 437
493 433
467 278
480 505
521 105
31 90
69 270
299 404
405 535
102 418
523 380
535 520
358 333
410 467
417 98
114 535
313 362
163 314
396 465
389 125
521 18
414 345
364 207
32 199
154 69
250 366
396 262
232 434
401 35
372 217
535 264
495 127
230 147
95 184
326 262
161 176
73 46
130 455
534 106
137 270
100 197
155 197
326 418
211 391
451 310
262 43
217 184
41 267
255 288
164 253
188 520
263 275
299 128
515 502
144 376
444 189
35 327
495 489
13 403
321 380
370 263
167 521
535 471
271 160
361 414
8 132
392 129
39 394
184 75
410 339
357 193
351 509
344 69
145 70
515 497
225 306
15 244
299 198
338 383
425 520
342 394
72 523
419 100
6 28
70 465
219 99
505 473
199 201
20 361
359 433
516 63
73 357
200 313
191 351
194 115
521 218
70 30
197 216
503 197
408 457
240 244
256 225
219 383
355 198
191 493
294 220
399 411
474 389
387 520
56 391
133 59
168 341
3 270
121 497
127 23
119 532
396 218
530 191
151 191
542 157
84 342
268 8
176 241
408 211
268 427
259 457
76 353
311 402
147 504
326 263
197 325
495 105
175 127
99 356
303 119
35 489
18 253
131 195
485 28
239 159
276 188
64 442
434 506
392 457
133 316
250 506
521 457
269 521
420 270
201 202
423 102
70 523
200 161
422 396
13 280
521 182
317 425
491 225
353 7
368 408
433 28
75 334
530 290
46 333
121 106
425 309
70 399
275 230
122 191
419 521
485 37
399 225
233 154
259 521
176 367
471 389
504 532
130 384
102 523
164 151
399 358
70 219
452 154
56 529
535 8
127 348
521 344
521 39
84 70
145 30
399 207
497 521
227 401
316 144
222 119
473 437
421 520
454 373
169 60
197 424
361 129
523 325
338 437
104 485
222 47
261 315
280 357
315 406
283 191
431 371
193 440
469 403
259 214
106 336
9 147
32 485
15 342
134 34
509 310
484 290
506 442
296 183
137 145
176 175
278 497
88 499
267 345
444 28
219 393
400 121
7 346
247 241
440 411
146 381
47 230
345 6
302 188
316 279
37 530
131 239
189 443
423 262
73 358
341 296
411 444
455 375
358 239
496 320
10 375
523 434
168 225
372 401
12 532
122 46
151 230
508 191
94 403
217 19
425 277
518 270
1 263
121 374
207 414
102 307
172 322
515 269
275 504
497 454
374 296
535 229
532 504
521 487
401 275
396 210
373 59
411 326
156 503
195 404
8 322
299 506
76 154
497 62
323 233
102 366
154 75
283 144
339 497
146 263
108 144
211 436
423 42
199 312
313 295
56 525
340 256
245 52
222 333
194 177
78 290
259 262
316 195
333 316
504 175
450 423
32 521
164 502
296 189
408 10
362 96
455 371
225 503
105 46
502 504
161 367
229 506
383 38
535 161
241 354
515 70
154 51
56 21
539 181
313 354
534 127
419 279
310 351
225 373
147 470
412 389
13 274
396 450
276 205
299 231
454 463
30 445
240 210
275 193
365 10
389 17
59 387
159 345
419 495
120 520
440 535
100 311
513 290
239 263
372 122
254 4
365 541
365 480
70 42
225 294
215 232
394 170
122 161
253 275
296 530
98 322
443 476
414 317
191 87
417 511
392 197
535 387
259 542
224 299
125 8
304 357
280 304
377 334
46 18
132 31
122 73
351 275
511 232
146 56
303 73
269 105
31 183
455 384
497 167
175 8
497 373
455 386
144 348
299 62
199 254
39 473
425 233
356 299
506 72
419 502
227 255
504 241
356 473
164 327
19 488
319 150
233 150
179 380
326 217
230 495
509 515
225 61
504 367
515 67
345 292
219 380
454 357
85 404
144 389
172 299
358 521
70 224
438 505
521 6
345 56
144 156
219 434
184 332
389 5
313 310
183 8
524 69
278 520
132 114
357 137
474 274
256 125
506 413
359 467
228 313
13 185
503 296
521 504
356 213
169 418
125 22
253 451
399 33
495 327
145 95
69 334
442 473
60 39
86 76
389 520
530 370
18 200
351 310
373 314
504 267
105 515
130 386
433 457
102 430
51 403
217 279
13 278
389 56
13 133
330 233
195 300
225 404
368 541
414 264
98 443
56 490
87 345
383 413
488 144
86 22
535 338
414 225
310 333
163 351
468 479
207 193
193 280
345 193
121 59
521 207
518 117
119 372
59 145
193 345
461 144
120 154
502 372
277 207
56 454
18 47
56 274
63 219
105 106
219 284
454 214
154 377
505 218
164 318
311 504
515 470
504 260
364 254
451 18
411 188
86 521
184 391
28 59
13 491
226 195
303 191
311 147
45 97
338 326
467 197
9 228
487 408
127 367
407 298
461 274
100 253
408 299
296 28
294 256
225 302
147 105
480 365
180 190
425 28
533 380
208 394
295 413
194 116
408 429
9 503
321 38
253 41
244 466
189 207
472 406
303 47
359 357
216 362
66 216
24 391
538 530
56 37
306 322
361 141
85 411
160 233
239 474
119 351
398 224
159 289
175 303
117 403
32 167
256 535
333 104
299 423
535 199
396 386
283 457
283 373
357 87
281 114
230 419
267 67
224 95
195 391
358 263
191 21
41 122
163 193
197 415
521 444
389 142
104 182
96 295
313 358
399 125
480 212
502 193
114 197
147 311
263 104
218 15
8 292
227 457
160 341
193 156
239 134
155 104
137 437
302 85
355 467
159 242
357 263
263 362
299 434
158 191
495 222
443 69
513 523
359 391
373 278
435 184
228 56
13 197
457 389
274 2
474 287
372 534
483 60
473 312
296 214
299 36
443 145
276 86
44 326
383 284
193 197
70 138
357 36
263 389
308 530
86 59
338 332
263 313
455 211
122 401
268 339
331 450
465 437
442 321
268 274
141 542
32 28
503 532
13 296
425 514
396 102
263 39
469 371
101 473
6 181
207 488
352 362
462 129
163 389
287 133
521 184
89 28
56 521
317 56
361 389
290 404
104 521
530 320
225 411
356 232
64 165
356 533
151 8
467 263
119 275
15 10
73 311
56 71
32 339
163 504
147 532
542 197
496 56
499 332
542 535
431 408
503 267
99 380
410 263
225 389
411 520
180 375
393 371
6 225
408 434
102 434
185 403
521 86
108 195
523 202
383 64
375 455
480 396
295 399
521 163
532 193
380 69
179 138
439 105
121 362
224 102
172 197
56 519
408 60
13 1
313 274
361 480
13 320
230 164
261 406
217 357
455 10
311 100
504 46
259 466
438 521
108 279
41 227
18 327
375 391
225 414
538 308
228 454
478 408
86 497
220 20
438 426
95 487
387 59
515 105
521 461
400 283
263 228
233 463
299 301
515 509
59 21
357 333
516 455
357 305
47 260
191 474
345 226
108 149
360 38
284 487
411 521
211 244
241 269
280 296
521 294
200 241
411 195
32 191
27 505
44 197
317 279
70 218
274 521
411 274
333 8
313 333
534 105
101 539
383 210
122 34
61 197
6 535
218 384
484 334
59 389
503 216
207 278
521 278
491 538
66 207
39 480
340 69
179 465
239 316
326 276
21 535
200 303
290 484
419 156
501 290
215 66
154 315
41 401
313 156
345 239
503 18
380 179
15 218
275 515
189 28
535 225
477 99
95 442
311 151
433 197
351 488
473 284
121 458
342 450
438 28
159 191
525 125
336 230
119 502
150 197
503 401
102 388
471 8
9 451
513 154
334 332
317 450
215 62
306 262
411 32
389 398
294 497
73 217
419 35
521 280
503 207
10 516
278 467
516 383
419 191
35 200
199 454
150 256
532 161
521 59
444 521
73 497
542 65
156 333
435 332
144 317
70 328
534 402
516 326
372 303
473 42
193 296
365 413
150 361
47 147
218 8
167 454
151 457
515 47
514 376
346 52
497 182
233 173
244 408
387 189
515 230
167 270
70 95
35 260
351 279
451 161
333 56
520 59
239 303
362 225
193 119
454 217
336 151
8 86
56 121
408 539
541 437
13 457
444 263
545 488
242 125
198 305
506 128
207 280
31 28
176 151
75 69
520 454
443 444
134 85
125 411
373 338
435 117
86 141
164 532
418 10
13 239
389 454
207 241
197 433
342 262
400 8
304 21
321 244
521 225
521 374
471 217
69 377
317 155
160 22
389 425
233 220
200 105
529 339
503 263
542 389
532 495
368 263
13 362
163 474
535 445
230 303
197 16
389 25
188 195
207 59
513 403
314 317
521 151
534 267
166 28
13 66
225 56
373 66
15 365
1 19
342 442
199 302
276 387
344 387
233 129
85 242
106 247
362 351
328 533
6 505
164 105
481 38
230 470
70 43
268 292
390 145
520 499
102 397
421 526
318 197
439 502
225 356
263 368
414 131
225 81
13 106
409 345
418 266
278 197
504 40
438 59
299 99
59 357
167 6
225 132
131 274
488 163
535 44
70 413
131 279
15 70
73 489
114 274
383 437
218 349
253 402
145 180
211 102
63 69
530 304
217 299
197 136
125 333
164 399
159 385
515 13
389 542
443 217
247 13
306 66
504 311
263 497
100 327
151 73
119 47
342 102
451 503
101 124
521 358
85 114
410 389
1 133
114 521
219 505
180 505
66 389
326 409
132 44
230 310
499 365
425 66
474 191
530 521
461 28
247 502
454 225
530 131
155 317
311 230
294 20
523 266
102 465
535 150
12 228
78 218
200 119
13 438
228 147
535 256
100 495
333 66
461 389
303 151
418 442
199 345
200 41
100 372
60 160
434 15
225 173
310 100
515 267
160 304
75 404
163 458
360 270
119 228
515 316
389 526
521 141
521 391
454 184
197 137
104 339
85 159
528 290
189 345
499 211
241 535
176 40
134 389
223 94
95 26
451 327
365 240
268 535
397 299
201 207
344 276
31 457
506 430
163 503
530 69
497 520
163 191
514 371
339 344
483 42
399 362
530 468
333 439
530 317
521 491
413 244
425 341
409 197
230 43
467 1
86 308
317 485
506 299
353 334
239 121
191 13
146 85
154 522
47 207
465 422
96 333
256 129
197 66
330 129
85 294
199 531
504 35
520 344
333 520
454 95
147 161
317 140
41 521
227 41
520 207
521 480
146 206
372 503
362 59
18 260
373 363
299 210
43 211
161 200
340 205
353 64
303 336
159 69
336 241
490 403
15 473
104 195
411 132
372 164
365 356
263 276
487 321
207 501
122 47
338 316
227 207
418 356
310 151
338 362
389 384
242 188
108 454
523 72
69 117
535 45
528 458
6 263
454 87
454 317
146 535
119 46
87 193
487 284
147 333
220 129
299 435
95 38
43 64
70 483
345 540
60 435
472 290
505 423
417 197
339 144
9 35
495 372
201 154
502 164
299 115
207 294
423 348
164 458
193 87
6 56
8 348
389 433
529 56
164 100
220 173
471 280
225 308
70 130
242 302
326 338
173 535
197 53
400 129
276 521
303 35
308 317
414 220
197 391
296 345
443 454
228 413
535 403
432 516
389 172
504 127
438 279
419 263
387 146
387 21
106 362
454 268
310 489
473 138
199 28
345 317
339 461
495 351
454 478
225 375
521 131
46 161
198 191
28 345
103 69
32 535
389 182
316 520
454 34
342 434
425 104
102 325
303 228
268 299
277 425
243 109
54 505
94 223
411 63
134 333
274 21
217 308
122 12
12 521
144 217
261 285
191 374
408 437
127 489
454 401
229 116
523 331
47 336
200 310
173 134
259 36
530 485
155 188
408 487
275 263
489 303
301 391
86 387
303 502
336 147
255 333
372 333
132 389
502 253
156 287
13 39
455 43
225 423
278 283
310 227
471 97
145 154
264 518
534 502
56 354
211 381
122 100
239 191
128 64
131 414
521 263
443 125
467 497
405 333
434 450
425 271
299 212
455 483
135 371
76 315
233 520
296 140
118 69
1 280
39 42
489 176
328 219
6 32
304 56
430 523
15 371
26 184
315 154
43 394
201 62
94 273
268 86
495 40
173 521
389 50
497 314
308 191
461 530
408 398
41 515
59 438
253 303
222 67
86 421
207 286
343 290
56 320
304 144
18 122
223 530
31 80
70 290
389 124
31 371
169 102
102 368
96 30
321 328
534 41
239 217
280 333
399 440
467 515
106 374
34 21
207 502
504 253
489 521
515 197
489 207
306 239
105 275
173 197
431 507
521 144
207 127
197 129
179 505
35 263
179 356
451 151
488 545
163 296
520 181
535 400
144 28
396 365
105 521
119 147
274 59
150 173
308 459
86 21
245 75
495 18
454 433
465 218
168 56
333 106
269 367
63 290
263 356
255 310
275 333
451 227
520 271
276 418
406 346
127 419
467 333
85 44
296 450
161 489
147 40
144 278
70 516
41 176
333 295
280 283
225 191
230 401
45 19
365 270
269 311
306 450
376 181
28 173
199 171
282 472
73 402
69 181
276 459
538 225
345 351
477 168
35 247
506 332
455 396
6 216
69 404
163 287
88 392
336 345
254 389
333 362
389 144
521 272
530 189
383 102
176 255
333 227
197 223
69 403
467 258
33 189
102 232
488 36
425 368
108 270
200 47
32 454
308 480
454 156
349 438
164 280
242 290
365 321
418 270
501 317
310 230
8 387
124 541
76 521
296 341
373 204
147 351
357 354
191 326
454 425
225 485
18 230
1 357
283 197
163 277
264 154
142 6
134 225
302 520
418 413
102 356
274 400
345 34
45 287
13 273
299 422
315 69
474 263
54 418
285 69
390 375
303 495
457 435
299 397
521 132
225 400
279 354
435 466
355 296
268 189
316 287
233 457
515 495
104 85
95 356
199 7
383 60
188 521
296 272
159 189
242 345
422 307
197 190
495 191
191 410
351 502
267 46
528 472
46 193
406 261
338 225
303 521
521 200
161 18
225 233
333 59
124 219
339 341
333 263
33 207
346 484
451 260
266 102
163 255
506 307
419 127
389 11
411 375
278 133
80 457
259 197
241 400
521 230
267 253
176 402
103 403
523 70
442 523
487 521
451 495
217 370
389 544
176 327
280 1
35 439
127 100
47 400
455 356
411 530
344 95
197 499
349 218
356 116
413 328
511 218
411 167
440 389
263 217
304 458
215 409
191 283
131 217
304 385
513 394
473 391
104 344
239 362
290 346
500 202
328 356
346 404
267 439
126 6
56 357
230 534
389 477
214 60
413 116
340 129
497 485
114 189
535 497
233 125
418 30
345 488
253 217
401 402
454 530
179 218
31 225
308 86
393 328
466 203
455 218
73 362
411 535
282 406
199 220
41 532
232 299
294 33
324 437
160 356
423 95
99 271
535 295
334 75
303 227
295 239
389 418
233 69
163 200
129 150
365 290
73 241
418 224
269 419
100 367
340 220
224 383
46 176
269 509
50 393
538 345
133 295
219 455
163 333
100 73
542 316
8 207
127 521
534 311
95 375
193 73
506 537
489 230
28 333
296 160
364 315
134 304
211 383
535 457
7 282
241 228
12 311
18 503
317 387
410 225
101 483
365 179
215 218
504 489
396 418
399 314
27 423
269 147
454 144
530 276
269 151
86 28
314 146
385 257
221 88
161 327
438 274
303 253
193 133
450 434
125 235
502 73
411 8
85 454
405 144
127 372
28 444
35 47
69 371
299 396
215 292
228 144
474 313
162 457
197 475
3 332
493 191
163 13
227 439
207 277
442 481
383 165
534 333
76 507
295 278
199 514
199 125
299 427
13 97
173 345
520 76
239 287
46 402
319 256
161 193
127 176
227 47
520 304
362 45
13 360
191 243
119 253
104 207
164 275
333 357
254 290
303 534
193 467
497 283
445 211
451 46
15 224
230 222
102 324
389 166
217 283
475 16
521 96
247 327
528 304
368 465
483 473
44 85
241 105
326 108
352 519
336 310
161 230
69 315
542 36
408 418
269 333
28 225
21 56
419 303
365 348
526 160
272 42
277 389
323 369
163 471
10 219
508 457
295 351
440 277
95 365
311 47
118 75
408 384
253 122
278 333
155 535
503 9
515 327
506 383
336 176
70 356
421 28
164 367
266 348
24 245
400 193
220 201
162 210
13 318
488 191
419 193
455 423
197 392
358 191
21 34
435 154
106 333
371 135
392 389
443 350
362 474
15 124
411 239
299 322
276 497
299 430
410 216
145 102
513 371
310 122
474 13
134 93
9 367
296 399
218 418
155 129
517 499
454 344
423 218
389 153
263 134
501 411
253 263
474 521
56 154
520 17
334 290
176 119
263 333
45 354
455 262
105 228
56 263
516 513
454 365
374 106
411 299
59 333
326 308
451 439
515 119
278 279
311 401
290 472
263 274
515 156
102 84
151 100
502 176
151 303
372 151
73 367
495 161
207 191
357 211
521 365
179 170
155 32
226 485
247 191
280 389
461 217
56 39
241 41
534 521
478 423
8 96
467 362
117 301
319 201
122 345
377 420
191 357
163 274
418 483
443 535
199 340
362 352
496 486
274 114
343 219
411 370
368 60
199 353
454 199
134 197
461 32
189 302
336 532
164 207
311 470
150 32
167 184
145 315
299 466
387 276
357 278
189 357
420 117
191 105
95 290
181 184
193 100
156 274
365 75
530 8
451 105
263 521
87 191
515 176
411 2
356 408
299 384
57 391
183 361
454 523
127 228
278 280
532 311
57 332
294 340
311 532
225 314
454 375
506 425
20 197
383 516
392 345
311 35
313 535
117 192
125 31
308 169
288 197
85 444
85 256
247 333
73 144
408 145
321 290
446 66
41 303
355 278
193 217
227 230
358 471
294 197
266 42
239 59
117 128
494 181
389 80
119 534
344 535
342 386
85 134
127 217
521 392
79 440
460 225
230 227
532 253
163 405
419 351
280 351
326 144
471 45
179 384
396 322
523 124
372 228
199 389
339 34
176 253
191 352
208 202
389 513
218 299
509 532
134 6
333 168
345 32
389 141
169 505
192 391
473 43
217 289
96 57
338 194
345 333
275 151
188 399
355 521
296 316
537 393
383 338
70 284
455 480
383 450
297 30
159 146
33 28
32 263
361 449
266 270
176 200
100 164
125 339
413 95
299 346
365 396
54 411
72 398
42 321
197 300
192 154
383 334
442 380
44 39
225 444
10 418
134 317
100 535
66 86
275 509
305 373
222 336
277 70
277 411
365 380
422 4
479 468
336 253
396 523
535 318
520 490
344 155
308 69
463 80
413 348
279 1
385 148
134 521
228 367
268 389
520 370
75 236
483 513
226 21
6 308
480 262
338 211
365 537
387 144
239 19
389 335
163 401
383 384
95 69
255 18
485 197
95 348
19 345
268 138
42 418
202 348
336 351
211 356
393 441
176 73
502 345
410 314
356 284
144 189
222 515
301 377
247 73
227 275
191 247
273 94
234 399
105 191
145 343
383 137
202 380
193 105
333 336
199 281
56 514
267 504
439 275
534 509
503 230
26 3
308 62
197 486
41 402
411 383
504 372
488 462
274 85
229 356
105 253
339 6
306 344
278 339
479 243
263 163
34 235
220 414
504 18
362 263
393 69
134 173
302 389
280 263
521 299
278 316
521 228
515 46
357 191
410 191
199 256
108 263
21 59
456 190
229 505
504 327
62 437
389 408
443 239
399 333
314 183
345 389
419 267
56 296
163 373
339 520
472 184
387 263
284 418
489 367
365 231
515 521
521 375
22 457
503 362
233 450
525 463
299 15
523 483
191 365
418 299
532 230
274 132
537 505
523 101
100 521
147 263
8 218
317 220
18 191
359 129
183 129
18 515
95 70
512 270
304 520
454 197
326 197
264 38
268 217
310 336
256 154
245 403
239 521
191 336
9 351
506 384
395 109
389 537
534 67
59 188
389 465
104 199
95 128
411 86
198 497
125 134
200 372
144 530
189 21
164 451
535 146
191 426
326 443
277 164
418 218
142 126
361 225
530 391
541 219
336 502
411 381
225 21
105 372
193 413
439 227
122 175
288 296
35 73
352 238
239 490
443 263
114 263
200 495
95 4
399 133
496 297
6 132
310 275
103 484
241 534
221 389
313 357
43 408
159 317
15 95
371 377
430 72
122 23
472 282
454 537
263 411
87 288
86 520
480 70
333 345
34 32
222 532
535 69
515 358
102 50
333 35
535 274
308 521
212 262
272 436
19 313
180 145
164 303
35 18
315 282
124 15
266 423
23 46
506 516
13 475
207 232
373 207
76 28
161 310
137 499
179 137
199 399
232 356
202 95
419 402
450 371
516 116
501 454
197 389
503 354
410 34
400 274
399 505
509 228
389 523
317 274
280 197
389 102
513 413
95 10
189 197
299 371
155 62
168 86
200 367
419 247
70 207
419 200
496 457
339 362
333 287
176 230
523 95
8 535
131 125
422 218
267 402
521 333
430 115
532 402
8 121
521 304
345 218
418 423
296 521
317 225
201 129
20 173
268 308
389 342
372 207
383 299
345 21
279 28
220 233
521 30
95 321
509 521
483 450
487 95
333 144
222 35
167 438
72 450
154 453
362 191
59 497
349 290
338 185
197 293
70 246
276 155
193 19
258 467
477 434
537 437
15 356
197 508
362 283
275 191
535 454
351 333
163 440
511 62
181 270
317 183
338 177
125 345
73 197
127 509
269 230
317 188
126 78
534 457
18 67
379 112
317 195
193 8
162 392
521 104
276 134
489 419
389 317
425 488
87 362
6 339
516 480
191 413
472 152
272 266
483 102
163 204
345 485
205 394
333 280
226 530
342 480
373 497
296 497
228 336
35 401
278 471
191 91
506 450
535 217
247 253
515 228
320 191
542 237
495 122
219 457
211 445
356 290
389 449
454 311
80 28
304 535
122 275
450 420
288 355
499 473
299 42
10 321
20 201
261 290
241 73
305 521
276 542
188 56
411 263
225 339
444 530
197 538
12 327
455 143
73 164
389 356
411 114
13 515
311 327
215 411
35 255
505 384
27 160
454 389
269 495
299 321
326 268
414 183
368 239
501 62
405 345
306 189
440 314
345 87
34 167
192 117
6 197
521 454
506 321
303 532
294 389
440 278
485 345
480 356
317 19
336 402
396 266
371 125
46 147
311 122
313 351
310 222
274 217
390 383
241 161
294 233
144 76
133 156
339 104
399 317
263 114
368 523
454 383
151 164
506 212
219 423
504 9
418 102
197 94
46 100
411 290
62 501
43 393
362 288
400 535
175 515
423 39
159 239
13 300
167 263
163 151
137 450
100 333
333 354
13 225
387 314
478 487
313 263
443 195
461 497
103 371
389 450
188 326
12 67
108 159
199 62
145 194
59 191
384 437
134 299
108 314
313 197
362 13
227 228
534 495
225 345
466 457
534 12
56 106
228 9
85 299
207 240
480 368
198 362
440 410
228 345
100 378
215 345
411 257
8 191
15 343
509 333
18 509
8 87
421 341
362 521
228 374
114 132
530 497
274 45
345 173
495 275
355 288
46 470
261 346
389 90
535 423
376 183
43 219
515 18
211 523
444 114
188 279
166 235
303 100
241 310
411 308
126 438
457 233
461 59
333 351
421 86
372 47
197 491
501 207
197 39
255 9
102 408
365 312
43 328
408 335
217 21
414 242
274 191
356 403
535 414
9 100
310 73
333 228
122 222
413 42
225 475
161 532
357 391
79 450
355 280
180 432
460 52
344 85
423 75
322 434
197 191
362 438
356 102
276 296
290 218
125 256
525 536
32 62
233 323
48 315
355 19
207 440
520 281
86 144
217 132
144 474
193 354
317 411
211 284
495 207
172 66
204 386
361 201
253 504
161 67
441 185
521 28
8 232
278 317
163 316
535 438
197 338
311 164
311 310
46 105
229 115
502 288
146 317
443 370
383 348
133 13
10 95
70 115
279 39
32 520
119 470
283 389
412 354
296 410
35 175
542 462
73 56
338 209
15 262
299 386
239 45
345 191
179 480
334 346
411 154
119 180
100 419
184 64
95 396
240 455
299 413
444 225
513 375
419 355
244 210
313 191
122 230
1 225
274 443
263 308
120 146
34 263
473 95
268 387
15 213
188 344
217 13
521 185
193 357
344 104
304 217
287 1
256 345
223 191
362 239
516 179
336 200
33 294
439 310
338 262
161 127
119 41
336 156
537 60
299 64
133 263
506 99
162 170
396 95
398 72
400 191
35 164
438 6
503 311
456 389
144 339
523 262
495 193
530 28
521 455
503 303
473 210
521 287
249 58
346 420
423 418
176 303
117 236
435 522
127 470
302 199
141 225
86 225
310 127
266 483
509 147
56 47
161 503
317 33
521 523
303 401
299 4
445 450
529 304
396 321
258 445
408 115
99 219
333 421
125 191
411 345
389 104
117 334
444 242
197 196
35 230
455 523
253 193
56 223
225 8
183 69
389 224
489 119
280 400
207 70
480 342
147 495
413 4
154 290
521 542
15 437
502 105
522 154
313 327
509 336
220 345
501 281
389 111
165 154
515 278
394 457
203 184
19 355
451 47
483 435
303 489
188 69
475 493
105 303
338 391
20 345
256 340
193 372
383 8
474 351
85 281
401 127
393 365
515 279
119 402
229 177
164 147
488 59
504 47
515 503
423 207
480 124
46 532
278 239
195 197
489 260
35 532
100 534
193 204
51 391
534 260
191 467
372 35
71 273
311 502
411 229
193 164
305 440
279 274
18 12
164 18
532 327
15 212
100 200
242 199
502 333
410 156
47 119
389 212
96 197
286 129
425 172
226 308
138 64
233 181
278 287
296 14
345 263
497 28
105 351
197 36
268 511
144 344
383 244
507 76
9 372
163 470
430 539
199 460
179 299
509 419
164 119
480 15
195 270
155 438
256 69
164 176
266 64
131 375
389 54
278 8
47 222
345 457
13 129
197 296
199 95
42 39
520 6
373 516
163 34
502 336
535 333
267 35
176 46
521 396
95 394
163 362
495 503
189 125
35 495
120 234
290 537
439 534
373 305
276 59
151 18
535 207
387 370
438 535
413 533
193 520
215 322
163 230
485 189
513 386
355 59
461 21
515 217
481 442
391 117
535 263
239 279
164 230
2 69
76 290
304 195
418 284
296 191
219 533
459 492
413 64
383 332
163 156
191 239
46 35
303 269
535 173
520 296
179 413
122 119
279 289
9 40
263 279
241 470
247 105
480 224
85 535
306 521
1 287
431 284
114 389
114 188
122 241
495 402
263 488
276 263
375 437
339 86
504 147
222 255
488 313
516 219
515 239
102 15
13 332
225 104
180 96
64 413
18 147
537 322
434 477
483 384
389 369
389 181
198 59
521 95
35 303
224 408
511 437
147 119
275 267
239 535
401 12
521 474
299 455
425 545
144 422
433 191
499 244
219 299
411 125
156 1
542 233
341 233
295 274
95 413
530 184
175 336
313 419
303 200
211 480
175 534
302 270
368 521
34 166
61 345
521 467
383 411
521 443
488 28
66 129
467 193
100 161
227 164
303 310
168 259
296 322
436 258
50 533
269 502
450 324
521 137
339 505
239 345
197 14
241 532
253 495
283 345
520 438
299 505
131 528
389 366
420 154
454 442
211 483
211 513
444 63
167 520
342 473
419 515
47 46
108 217
233 414
1 217
495 532
228 59
121 191
199 317
98 417
217 339
418 138
392 400
42 533
299 497
75 245
10 328
239 437
28 69
13 399
532 127
219 145
365 513
122 151
8 32
277 163
362 345
504 12
215 314
256 85
268 345
296 97
73 451
530 56
495 267
255 303
296 17
341 526
306 197
131 229
444 339
269 336
521 355
370 28
315 353
425 333
240 418
70 375
241 255
200 260
229 102
283 355
194 423
321 299
236 334
115 371
523 437
521 348
412 535
95 450
356 218
131 197
424 102
155 125
276 62
163 241
478 348
467 45
199 497
278 216
56 538
268 239
241 333
417 400
76 197
46 351
351 336
400 197
207 361
283 497
28 104
515 303
495 41
276 326
250 15
94 71
375 505
504 269
188 317
364 154
304 317
155 134
1 339
137 500
489 515
45 474
278 389
366 72
411 225
535 444
410 345
423 290
127 18
351 280
446 221
296 374
303 127
542 272
299 490
509 263
503 217
96 432
121 239
70 310
338 505
422 22
207 199
365 533
62 505
131 69
351 19
296 352
529 32
102 99
435 377
401 333
459 76
454 362
247 9
72 224
266 170
253 419
225 362
146 339
411 234
532 372
18 23
503 471
520 278
87 144
389 134
253 164
134 462
317 182
259 271
438 199
166 34
478 380
363 373
521 41
268 383
326 461
375 487
239 189
521 147
84 425
528 152
188 44
253 327
13 91
296 523
13 195
125 514
1 474
419 217
283 362
334 184
333 197
114 199
427 383
47 127
147 515
85 197
288 345
217 383
333 47
125 505
28 290
86 217
521 325
95 203
375 411
345 85
288 362
242 520
535 178
357 352
389 68
191 521
515 389
344 497
487 328
218 145
443 345
369 323
255 46
489 247
21 225
119 367
515 336
535 159
152 154
45 471
239 529
317 302
234 149
396 348
219 211
390 454
455 240
532 521
528 355
73 18
164 457
56 165
105 263
163 488
132 438
24 192
535 399
521 233
467 133
216 129
268 418
168 262
121 197
70 38
193 336
325 394
321 450
211 325
225 167
303 122
152 346
519 352
37 56
244 481
1 313
284 478
530 197
414 233
296 275
102 473
411 289
228 200
278 355
501 189
521 78
311 495
22 60
47 303
220 256
217 521
234 289
39 481
305 96
20 319
442 284
514 135
414 125
339 326
85 154
310 253
217 461
147 41
278 217
276 66
294 129
455 95
410 70
339 184
345 296
86 341
222 367
269 504
314 59
48 154
478 95
26 371
313 345
336 18
217 520
105 509
357 37
355 287
230 127
313 200
299 236
255 176
497 354
521 38
478 403
12 267
377 154
148 389
509 327
160 183
191 461
146 86
146 120
142 181
273 185
217 288
392 109
9 200
191 121
13 14
351 217
232 408
418 262
211 455
411 427
132 462
279 287
313 133
326 232
515 193
317 59
414 346
199 315
131 132
276 182
395 517
195 354
200 227
313 1
173 361
183 22
127 467
439 9
263 345
134 513
497 339
283 228
534 9
408 307
45 279
408 541
443 8
346 403
119 509
275 367
410 198
529 381
345 538
333 147
399 197
85 206
21 375
446 521
217 6
128 38
76 458
46 47
299 343
419 362
73 47
173 220
114 85
538 296
501 216
515 535
61 245
365 263
18 193
253 470
133 193
530 314
434 232
233 160
471 239
540 345
144 357
70 418
313 279
127 402
372 402
6 207
264 290
306 8
495 260
454 104
189 270
397 505
28 62
70 240
323 507
13 263
142 349
299 513
333 422
163 176
326 304
276 32
383 473
276 535
401 336
188 114
217 362
163 515
23 191
211 95
276 21
134 104
334 95
191 85
488 8
307 211
193 200
12 147
13 277
233 90
164 313
225 361
57 180
155 345
454 418
533 437
46 503
454 326
275 9
73 336
219 135
239 454
121 333
442 244
342 84
333 207
489 161
418 42
259 132
306 535
383 375
18 228
444 270
284 219
310 311
219 408
471 400
507 544
344 339
199 93
302 225
130 513
495 439
132 206
413 321
484 285
42 365
277 30
271 259
152 472
397 102
69 406
13 348
383 217
189 326
521 414
333 97
64 290
159 535
225 109
321 408
299 262
133 239
456 221
253 367
119 400
535 191
366 343
266 60
34 521
233 225
324 299
530 529
284 328
425 239
516 380
217 28
471 207
203 466
471 295
314 234
279 184
432 96
222 269
520 371
141 28
21 389
100 40
47 327
230 100
241 247
283 96
228 303
504 119
221 325
317 193
121 263
268 28
215 511
179 322
227 489
197 170
521 189
217 278
497 348
282 346
104 317
400 373
232 380
179 418
409 8
333 532
98 437
208 356
468 530
199 294
101 430
237 514
480 523
108 239
159 389
73 267
535 13
517 266
217 413
183 345
154 64
11 418
467 503
485 223
411 317
411 390
211 170
349 184
319 389
272 457
281 302
340 262
125 182
104 520
375 284
414 93
285 406
73 470
101 39
28 339
86 191
359 191
418 371
35 147
241 151
111 466
190 57
516 240
357 189
188 308
268 183
410 488
399 339
104 263
399 13
481 394
420 403
162 3
408 383
160 500
336 275
34 520
62 146
285 346
194 413
521 133
13 207
222 147
493 403
163 275
181 377
530 352
78 521
59 345
497 59
454 189
73 105
389 322
454 457
35 222
228 296
362 278
397 335
70 396
326 226
43 365
280 156
35 470
304 299
408 450
256 361
194 262
156 535
317 308
413 39
534 310
317 440
296 60
333 13
276 490
23 247
450 95
168 296
53 185
520 333
473 219
389 252
310 9
164 535
274 154
365 42
275 147
229 346
419 401
274 225
530 357
363 185
408 386
201 315
414 411
299 214
409 511
385 339
176 9
472 371
85 34
288 304
241 345
233 411
35 9
410 144
18 502
501 262
532 100
296 520
373 468
351 474
295 535
14 479
472 154
98 215
180 331
61 32
284 413
160 505
233 20
121 1
333 275
535 184
387 385
221 216
515 339
9 310
419 176
520 433
520 125
489 327
377 128
294 146
61 52
473 375
247 46
23 18
430 101
434 403
119 45
28 167
184 69
159 365
534 35
456 211
6 302
339 28
414 8
122 41
223 485
125 263
85 319
256 520
394 272
299 154
165 143
247 419
520 157
278 277
108 125
366 454
420 48
308 59
451 515
280 535
520 170
304 438
411 344
295 394
469 377
62 314
280 345
197 187
523 442
189 535
268 262
317 535
454 274
42 423
530 339
357 109
224 331
43 478
225 355
156 45
239 280
513 43
144 197
145 299
311 515
467 499
478 299
443 215
496 30
497 207
389 536
414 144
433 56
321 10
127 439
119 35
9 521
467 391
279 351
317 97
313 105
338 270
100 336
241 515
477 505
225 317
513 244
503 67
119 439
27 346
471 19
147 336
350 385
105 127
127 451
283 400
73 207
62 414
225 201
129 220
306 389
446 191
541 537
305 354
478 185
159 104
515 451
271 29
195 184
506 60
275 310
479 403
159 444
535 132
401 175
317 345
370 165
150 225
59 198
255 495
241 336
456 196
304 344
215 240
497 6
219 365
164 439
119 97
34 457
46 401
156 19
484 346
326 131
226 461
199 414
542 446
188 262
461 454
13 521
401 151
511 538
76 466
15 290
304 245
346 472
467 225
304 346
530 226
485 216
481 403
11 102
343 214
502 269
389 407
399 501
497 95
523 480
233 521
241 12
311 241
225 217
534 253
521 451
144 438
147 253
151 217
120 399
194 229
413 284
56 317
274 199
282 285
437 219
159 217
277 28
189 146
132 344
356 384
488 437
487 192
23 372
456 392
357 348
122 147
487 380
363 190
226 32
218 143
373 13
411 443
490 332
226 144
13 178
75 518
9 227
523 4
228 263
423 301
133 392
383 356
8 356
262 39
217 159
199 406
93 109
489 127
28 371
127 119
59 399
336 46
399 189
56 362
193 502
176 419
365 28
363 464
47 534
408 394
57 190
152 69
376 490
45 239
389 330
132 108
372 100
130 84
520 197
317 239
181 403
515 400
350 257
125 326
373 283
197 26
255 457
279 19
534 175
451 122
304 362
321 413
191 274
485 104
399 276
217 354
521 421
454 132
515 280
499 26
515 351
383 138
108 184
521 384
333 304
219 262
389 386
299 138
185 192
515 310
259 541
296 314
299 487
535 467
184 403
146 234
361 36
193 474
230 18
1 156
127 47
520 21
271 526
461 239
150 129
59 87
317 263
86 296
336 164
57 74
241 389
317 357
431 450
19 333
161 470
420 24
451 401
184 290
119 267
222 241
105 336
454 121
86 129
530 268
105 495
114 444
141 361
537 403
288 454
339 235
119 310
408 523
423 321
132 454
535 28
336 378
167 225
70 380
228 87
241 230
224 72
351 193
362 497
473 334
299 332
274 56
28 154
417 129
86 159
360 521
344 389
506 154
528 154
127 263
338 115
339 125
42 244
46 228
373 542
45 345
497 399
506 70
70 227
208 290
454 8
287 351
132 144
230 191
159 438
239 520
207 313
105 378
374 521
225 129
279 154
151 197
299 331
126 290
44 443
414 150
247 521
277 440
422 102
102 442
41 310
70 513
60 42
193 253
287 45
105 327
25 525
146 438
463 28
320 223
19 59
310 40
374 263
419 509
163 269
471 521
418 145
32 304
278 305
535 501
280 316
289 245
521 538
188 155
338 325
133 515
310 207
372 193
266 272
299 284
439 164
530 438
308 197
503 520
300 485
521 10
170 55
487 371
443 197
375 348
10 284
499 517
495 230
168 66
273 174
524 472
28 34
86 263
199 33
175 401
296 538
155 276
326 521
509 351
191 69
56 76
64 43
146 155
278 70
156 313
47 310
163 267
389 92
520 120
216 467
440 129
454 308
241 401
529 263
241 263
340 225
44 444
9 502
362 338
418 214
176 164
35 310
8 197
520 239
313 164
147 275
151 200
18 504
489 311
144 39
504 402
23 336
372 105
211 39
333 133
91 296
175 521
333 327
211 422
463 90
444 34
163 253
356 154
151 275
59 197
515 45
454 390
230 336
30 74
283 204
22 28
423 455
515 354
32 226
461 189
345 43
283 278
100 263
18 401
41 9
43 333
311 12
278 180
475 300
520 22
413 60
33 62
232 413
121 217
122 470
389 72
280 503
400 503
255 275
161 239
303 197
87 263
413 232
164 310
373 109
165 69
389 339
76 263
336 327
454 521
47 311
294 62
443 148
225 279
299 437
520 36
216 197
59 45
119 503
134 62
535 182
233 259
28 389
133 278
483 262
540 28
9 230
173 317
450 331
30 190
168 477
506 324
465 130
542 332
46 9
41 200
145 356
304 263
130 483
117 494
176 521
401 372
523 143
339 226
125 472
14 530
43 487
277 161
408 480
69 285
148 56
349 69
288 458
207 95
473 365
146 33
376 129
371 290
355 389
414 381
326 400
535 345
425 371
338 491
145 96
70 102
523 384
233 262
375 218
333 217
425 418
1 279
336 222
401 439
56 345
119 8
508 389
95 42
504 122
346 494
495 228
261 472
451 241
154 334
99 95
197 179
503 127
503 313
389 457
276 197
529 239
488 97
389 480
167 32
146 28
435 391
78 396
6 276
165 403
163 399
523 431
119 100
507 183
303 176
488 86
114 270
167 8
35 161
46 241
385 314
465 138
389 421
444 239
202 27
188 263
151 269
102 480
280 497
46 327
361 535
418 137
163 197
86 36
207 340
506 42
338 520
70 210
422 262
145 365
538 191
197 112
345 514
535 95
102 394
56 461
145 143
12 310
253 197
304 199
263 344
488 197
356 99
7 261
485 304
521 311
380 328
131 485
207 354
72 473
35 193
225 263
302 103
240 437
361 330
388 450
532 35
299 383
372 9
345 356
344 189
137 95
73 502
267 333
228 18
505 386
86 488
431 299
387 535
287 263
197 251
523 116
44 535
161 345
173 514
503 200
514 261
371 293
530 59
304 106
75 118
365 411
383 211
304 450
138 473
261 154
46 247
114 104
359 225
419 534
8 357
207 164
503 467
521 167
345 28
417 207
490 466
355 474
483 386
351 295
299 75
387 239
117 391
276 339
484 472
225 468
70 506
401 327
279 521
20 340
44 188
515 419
356 455
70 121
451 489
127 207
355 520
351 105
513 69
499 137
521 40
207 8
454 465
85 173
472 353
13 70
220 340
471 263
513 473
56 290
114 344
368 233
338 354
227 333
520 349
207 336
101 356
256 290
296 157
334 181
375 138
95 404
538 109
443 98
356 244
504 378
313 497
96 464
86 462
175 18
299 102
299 69
168 129
338 521
323 65
144 191
69 184
37 223
299 59
151 176
317 354
200 402
102 124
86 197
34 376
59 279
372 535
344 505
425 263
377 490
502 13
370 149
345 246
227 310
438 296
497 220
288 228
45 313
338 418
121 400
340 233
467 535
227 217
6 167
474 354
191 217
276 6
389 466
345 497
163 263
537 533
242 114
176 515
9 175
195 108
411 279
119 495
326 102
129 233
357 400
529 195
244 190
59 34
333 288
530 13
538 178
474 488
217 389
413 138
299 240
147 401
10 356
223 38
526 60
418 455
54 197
509 372
39 393
380 70
373 8
255 521
422 465
145 232
144 425
520 184
228 389
535 38
41 419
294 317
411 476
156 521
239 144
487 43
60 170
119 127
344 520
326 44
538 262
132 520
411 302
158 521
483 533
535 319
108 535
148 385
521 305
151 534
333 489
22 368
344 21
131 184
192 377
225 460
321 39
76 459
136 170
176 372
39 380
266 356
13 279
302 197
86 268
314 263
213 422
225 543
183 418
499 39
339 389
76 438
295 156
274 34
439 267
288 217
199 291
443 28
1 175
405 339
454 500
396 246
473 533
451 147
521 345
515 34
296 499
163 304
345 358
290 353
467 122
164 96
358 515
45 193
125 262
163 303
9 41
199 146
154 524
224 523
383 154
523 99
511 418
326 229
267 521
296 102
356 39
225 189
502 303
253 35
225 352
233 507
268 66
484 261
146 182
439 200
389 343
134 199
420 377
338 438
85 399
365 117
247 127
433 225
357 374
147 241
198 318
421 333
274 44
310 228
288 339
399 389
336 419
12 40
410 400
533 422
228 532
534 470
272 446
183 389
19 189
469 391
191 303
280 13
388 516
275 100
401 241
70 386
326 485
520 155
480 102
425 450
365 244
419 535
433 454
269 18
372 311
306 6
296 22
317 13
278 59
387 345
399 146
359 216
411 21
342 15
259 322
247 535
276 505
99 473
299 194
376 104
310 47
199 152
450 128
44 270
532 255
207 201
471 313
10 145
336 504
207 327
523 541
211 418
227 46
133 1
241 8
105 147
86 274
147 327
438 411
59 400
222 275
320 389
383 505
268 188
253 247
534 372
411 165
296 233
15 450
373 440
464 30
101 466
221 436
197 71
530 296
225 114
41 502
503 535
268 146
193 327
356 404
430 262
47 402
240 380
141 449
50 465
221 392
176 401
495 241
62 8
62 299
401 255
122 402
336 247
275 260
70 164
35 311
188 290
278 13
31 520
253 9
137 383
41 333
497 225
35 253
225 454
13 189
290 190
311 222
521 373
145 418
102 537
198 317
485 184
102 396
263 357
217 497
361 183
255 267
493 475
42 537
41 161
42 383
515 147
515 471
380 533
278 191
217 333
343 325
427 521
269 534
442 4
296 8
28 85
267 534
401 227
73 230
304 189
503 247
518 435
411 6
435 181
34 278
542 191
299 539
84 15
33 521
56 338
188 184
491 535
176 147
21 339
410 199
521 316
221 457
47 41
163 305
168 183
161 521
535 210
299 172
474 535
515 274
193 216
219 240
521 159
57 464
230 151
351 247
155 93
419 45
334 375
521 419
78 126
228 400
119 504
125 120
73 122
357 426
146 387
18 263
85 132
471 225
207 467
211 38
303 470
535 354
229 386
345 461
233 201
523 455
521 119
199 134
344 126
230 47
308 437
323 76
131 326
164 345
314 207
502 457
410 45
63 450
119 311
338 426
168 466
122 228
71 519
219 231
15 322
474 87
362 14
280 207
179 437
411 404
535 167
495 12
239 182
362 333
355 156
451 41
434 299
321 284
356 537
193 471
399 199
275 296
345 304
512 391
278 144
59 362
519 457
193 534
224 322
163 336
283 440
24 75
521 9
511 207
6 62
133 419
269 100
197 535
1 333
358 313
232 229
361 199
379 403
319 281
66 56
527 403
229 331
294 155
227 495
200 222
263 226
239 488
279 535
168 271
311 372
207 344
43 537
275 521
59 535
144 97
56 411
199 423
253 241
372 509
15 138
515 263
191 389
274 313
361 256
70 383
167 217
191 19
13 43
43 270
114 233
360 36
277 183
207 362
295 515
368 144
411 306
22 125
399 56
189 191
287 333
530 154
336 100
321 478
131 39
263 365
333 160
163 228
267 311
86 326
316 45
282 7
387 497
47 9
150 294
343 102
137 516
421 36
193 59
450 30
317 280
399 457
146 189
420 490
489 41
197 403
199 290
502 67
321 262
425 523
537 523
542 259
18 151
357 279
299 457
440 225
280 354
127 175
151 327
250 299
170 60
242 414
465 262
326 215
45 333
477 317
160 290
227 119
66 341
520 55
239 165
163 520
455 437
131 383
161 488
352 13
46 515
201 294
197 512
220 225
386 204
189 104
241 502
306 225
453 154
141 129
376 521
310 509
410 454
320 530
28 153
517 321
44 199
319 423
146 521
161 73
195 475
413 211
276 520
151 495
56 206
487 245
108 197
310 269
156 467
383 42
394 325
28 233
163 457
474 144
343 450
413 218
227 303
411 56
303 503
281 225
35 41
144 134
199 329
138 262
199 543
333 296
535 20
59 278
480 366
383 130
333 76
134 411
413 356
166 144
303 193
162 446
295 96
345 339
189 134
341 168
259 233
104 387
451 255
280 355
478 533
163 239
199 484
119 191
521 405
352 332
537 299
208 505
285 329
534 100
101 422
35 122
125 69
419 316
167 144
207 437
15 135
399 281
41 119
225 427
299 70
313 19
361 20
534 164
469 420
313 287
396 224
18 241
224 418
219 386
191 225
