1 6
1 13
1 43
1 67
1 111
1 113
1 119
1 143
1 191
1 202
1 211
2 3
2 35
2 41
2 45
2 57
2 60
2 94
2 118
2 123
2 143
2 166
2 212
2 235
3 2
3 18
3 22
3 34
3 45
3 46
3 47
3 48
3 53
3 62
3 65
3 69
3 87
3 94
3 99
3 104
3 119
3 126
3 131
3 132
3 133
3 160
3 161
3 163
3 190
3 191
3 207
3 215
3 222
3 227
3 232
3 254
3 256
3 270
3 274
4 2
4 8
4 12
4 16
4 24
4 25
4 26
4 29
4 45
4 46
4 50
4 73
4 81
4 85
4 93
4 104
4 110
4 124
4 125
4 126
4 141
4 172
4 177
4 179
4 192
4 198
4 235
4 250
4 272
5 3
5 21
5 34
5 45
5 53
5 61
5 64
5 80
5 85
5 99
5 111
5 126
5 136
5 137
5 142
5 152
5 173
5 179
5 191
5 192
5 200
5 232
5 266
6 4
6 14
6 15
6 50
6 124
6 180
6 191
6 203
6 222
7 14
7 20
7 21
7 23
7 24
7 45
7 84
7 87
7 98
7 120
7 160
7 164
7 170
7 177
7 179
7 191
7 214
7 222
7 232
7 239
7 276
7 277
8 87
8 113
8 119
8 198
8 208
9 3
9 4
9 14
9 15
9 18
9 66
9 85
9 86
9 87
9 90
9 108
9 114
9 119
9 126
9 139
10 35
10 45
10 49
10 119
10 128
10 139
10 146
10 161
10 179
10 257
11 43
11 232
12 45
12 100
12 105
12 222
13 2
13 3
13 4
13 5
13 14
13 15
13 31
13 35
13 40
13 43
13 45
13 46
13 47
13 48
13 52
13 56
13 60
13 72
13 74
13 85
13 87
13 100
13 112
13 118
13 138
13 164
13 166
13 177
13 179
13 183
13 188
13 191
13 196
13 201
13 203
13 205
13 213
13 219
13 220
14 22
14 23
14 28
14 91
14 118
14 119
14 138
14 178
14 215
14 233
14 265
15 12
15 45
15 65
15 74
15 75
15 126
15 133
15 166
16 23
16 43
16 45
16 46
16 53
16 118
16 119
16 168
16 169
16 191
16 247
16 272
17 3
17 12
17 21
17 23
17 34
17 43
17 45
17 75
17 88
17 89
17 94
17 113
17 114
17 123
17 126
17 130
17 131
17 143
17 181
17 188
17 198
17 200
17 213
17 215
17 219
17 239
18 4
18 13
18 39
18 85
18 90
18 180
18 201
19 2
19 3
19 5
19 13
19 45
19 56
19 73
19 85
19 113
19 119
19 120
19 136
19 183
19 239
20 7
20 45
20 47
20 98
20 131
20 264
21 3
21 10
21 45
21 63
21 75
21 99
21 104
21 131
21 133
21 164
21 267
22 3
22 7
22 8
22 38
22 45
22 68
22 126
22 154
22 173
23 153
24 65
25 5
25 23
25 45
27 5
27 43
27 73
27 85
27 105
27 151
27 182
28 3
28 4
28 45
28 54
28 72
28 79
28 96
28 162
28 183
28 185
28 194
28 213
28 218
28 234
28 235
28 247
29 27
29 34
29 48
29 50
29 63
29 109
29 119
29 211
30 45
30 143
30 164
30 203
30 211
30 232
31 7
31 9
31 42
31 45
31 60
31 88
31 89
31 103
31 112
31 114
31 118
31 180
31 181
31 186
31 201
31 234
32 9
32 44
32 45
32 50
32 61
32 77
32 85
32 87
32 97
32 111
32 115
32 124
32 139
32 149
32 161
32 178
32 196
33 114
35 99
35 133
35 152
35 162
35 167
35 276
36 3
36 45
37 12
37 61
37 191
37 204
37 232
38 142
39 49
39 93
39 95
39 138
39 277
41 23
41 53
41 69
41 79
41 88
41 91
42 4
42 14
42 45
42 49
42 85
42 87
42 133
42 152
42 156
42 161
42 164
42 166
42 173
42 186
42 190
42 212
42 234
43 2
43 3
43 5
43 10
43 23
43 45
43 65
43 85
43 87
43 91
43 98
43 102
43 103
43 139
43 153
43 165
43 167
43 191
43 192
43 200
43 220
43 222
43 228
43 234
43 235
43 270
43 272
44 7
44 24
44 25
44 143
44 207
46 45
46 136
47 14
47 98
48 23
48 45
48 87
48 98
48 110
48 126
48 173
49 18
49 45
49 163
49 273
51 4
51 6
51 7
51 13
51 37
51 45
51 56
51 76
51 115
51 126
51 130
51 189
51 196
51 199
51 234
51 276
52 119
53 13
53 45
53 88
53 142
53 196
54 4
54 13
54 45
54 77
54 90
54 104
54 114
54 115
54 132
54 178
54 191
54 198
54 199
54 201
54 222
54 284
55 11
55 45
55 191
55 235
56 40
56 70
56 194
56 211
57 45
57 127
57 133
57 191
57 245
58 4
58 85
58 119
58 196
58 204
58 214
58 294
59 3
59 4
59 5
59 10
59 14
59 36
59 45
59 47
59 75
59 85
59 120
59 146
59 152
59 167
59 187
59 219
59 223
59 234
59 267
59 274
60 7
60 8
60 13
60 14
60 16
60 22
60 23
60 45
60 51
60 74
60 75
60 109
60 114
60 121
60 131
60 136
60 161
60 168
60 188
60 190
60 192
60 194
60 198
60 228
60 257
60 272
61 74
61 91
61 232
62 22
62 44
62 45
62 70
62 115
62 163
62 180
62 191
63 45
63 50
63 74
63 87
63 99
63 104
63 120
63 140
63 141
63 153
63 164
63 165
63 191
63 200
63 201
63 228
63 232
63 277
64 3
64 4
64 5
64 11
64 13
64 15
64 32
64 40
64 73
64 90
64 107
64 112
64 116
64 119
64 125
64 126
64 132
64 133
64 161
64 171
64 181
64 186
64 215
64 235
65 142
65 179
66 4
66 11
66 16
66 21
66 45
66 60
66 108
66 125
66 126
66 131
66 187
66 198
66 220
66 226
66 253
67 3
67 5
67 13
67 45
67 78
67 105
67 123
67 131
67 140
67 158
67 207
67 219
67 254
68 3
68 4
68 15
68 32
68 45
68 52
68 62
68 78
68 88
68 99
68 109
68 115
68 116
68 155
68 156
68 165
68 177
68 190
68 192
68 221
68 272
68 276
69 24
69 45
69 51
69 166
70 4
70 13
70 23
70 24
70 45
70 77
70 96
70 131
70 138
70 155
70 167
70 219
70 228
70 232
70 277
71 5
71 13
71 32
71 49
71 80
71 165
71 188
71 265
72 3
72 4
72 5
72 26
72 34
72 45
72 49
72 78
72 90
72 110
72 145
72 154
72 166
72 173
72 178
72 201
72 228
72 230
72 234
72 239
72 272
73 22
73 48
73 114
73 124
73 161
73 163
73 170
73 181
73 218
73 277
74 14
74 165
74 179
74 253
75 49
76 3
76 45
76 143
76 167
76 168
76 256
77 213
77 226
77 276
78 56
78 103
78 131
78 142
78 238
79 69
79 117
82 3
82 7
82 45
83 7
83 61
83 87
83 126
83 143
83 149
83 191
83 200
84 15
84 34
84 173
84 205
84 276
85 24
85 43
85 47
85 48
85 49
85 87
85 90
85 99
85 125
85 158
85 184
85 290
86 51
86 85
86 235
87 8
87 13
87 15
87 20
87 22
87 28
87 34
87 45
87 49
87 52
87 75
87 108
87 152
87 153
87 173
87 180
87 195
88 2
88 7
88 10
88 21
88 22
88 36
88 45
88 47
88 48
88 77
88 98
88 111
88 115
88 118
88 119
88 120
88 123
88 126
88 140
88 162
88 164
88 186
88 188
88 214
88 250
89 45
89 88
90 32
90 45
90 49
90 106
90 191
91 13
91 15
91 45
91 46
91 48
91 63
91 75
91 87
91 98
91 99
91 103
91 138
91 147
91 159
91 163
91 168
91 169
91 204
91 205
91 250
91 264
91 269
91 270
92 5
92 9
92 49
92 51
92 74
92 87
92 107
92 118
92 127
92 138
92 163
93 114
93 214
94 2
94 9
94 12
94 45
94 65
94 87
94 99
94 111
94 115
94 118
94 125
94 131
94 143
94 156
94 191
94 203
94 214
94 228
94 233
94 274
95 235
96 2
96 4
96 8
96 26
96 45
96 53
96 73
96 107
96 119
96 131
96 139
96 160
96 167
96 188
96 190
96 213
96 214
96 269
96 270
96 276
97 45
98 8
98 45
98 105
98 198
98 257
99 3
99 4
99 6
99 14
99 47
99 48
99 53
99 60
99 75
99 104
99 112
99 115
99 198
99 200
100 152
100 186
101 30
101 45
101 46
101 107
101 112
101 123
101 173
102 13
102 14
102 21
102 23
102 44
102 45
102 47
102 63
102 99
102 118
102 121
102 126
102 161
102 203
102 210
102 239
103 85
103 117
103 120
103 191
103 192
103 196
103 204
103 214
103 220
103 235
103 274
104 5
104 11
104 37
104 45
104 46
104 49
104 87
104 155
104 209
104 217
104 222
104 228
104 270
105 2
105 76
105 85
105 237
105 241
106 38
106 43
106 45
106 57
106 146
106 150
106 180
106 190
106 205
106 225
107 4
107 7
107 30
107 36
107 44
107 45
107 59
107 86
107 99
108 45
108 63
109 3
109 7
109 8
109 16
109 23
109 30
109 74
109 118
109 127
109 139
109 198
109 235
109 278
110 2
110 3
110 5
110 13
110 37
110 45
110 80
110 99
110 120
110 123
110 176
110 180
110 191
110 209
111 13
111 45
111 75
111 124
111 212
111 234
112 6
112 13
112 44
112 45
112 62
112 99
112 100
112 107
112 114
112 116
112 118
112 124
112 126
112 198
112 221
112 234
113 23
113 98
113 126
113 210
114 3
114 10
114 15
114 65
114 68
114 73
114 76
114 87
114 115
114 125
114 138
114 190
114 203
114 277
115 4
115 26
115 61
115 101
115 165
115 166
115 222
116 12
116 15
116 18
116 86
116 88
116 97
116 158
116 173
116 182
116 191
116 202
116 253
116 269
117 5
117 45
117 65
117 74
117 104
117 118
117 125
117 173
117 206
117 284
118 4
118 5
118 14
118 18
118 24
118 34
118 68
118 74
118 85
118 113
118 119
118 124
118 131
118 171
118 175
118 190
118 195
118 205
118 234
118 246
118 256
119 7
119 20
119 29
119 36
119 40
119 43
119 45
119 48
119 61
119 75
119 85
119 96
119 101
119 104
119 106
119 114
119 120
119 166
119 190
119 214
119 219
119 227
119 274
119 276
120 5
120 36
120 41
120 45
120 50
120 68
120 72
120 84
120 85
120 86
120 89
120 95
120 107
120 115
120 119
120 138
120 143
120 155
120 164
120 168
120 170
120 173
120 186
120 200
120 201
120 272
121 3
121 87
121 118
121 124
121 191
121 222
122 7
122 14
122 32
122 38
122 42
122 45
122 89
122 103
122 112
122 126
122 138
122 142
122 149
122 178
122 182
122 226
122 232
123 3
123 4
123 45
123 87
123 137
123 155
123 163
123 266
124 7
124 14
124 30
124 35
124 45
124 49
124 85
124 86
124 98
124 118
124 119
124 159
124 164
124 191
124 214
124 221
124 274
125 5
125 6
125 15
125 28
125 36
125 45
125 70
125 110
125 154
125 156
125 169
125 185
125 210
125 245
126 6
126 7
126 9
126 14
126 21
126 22
126 28
126 34
126 43
126 45
126 57
126 85
126 86
126 94
126 98
126 115
126 118
126 119
126 131
126 136
126 157
126 158
126 166
126 167
126 173
126 179
126 188
126 191
126 201
126 218
126 227
126 238
126 239
126 246
126 265
126 276
127 101
127 105
128 13
128 48
128 61
128 122
128 153
128 218
128 220
128 232
128 274
130 13
130 45
130 73
130 74
130 82
130 86
130 87
130 110
130 119
130 154
130 158
130 205
130 272
131 2
131 13
131 29
131 45
131 48
131 49
131 76
131 91
131 134
131 148
131 156
131 195
131 208
131 220
131 235
132 45
132 119
132 192
133 4
133 7
133 25
133 45
133 49
133 70
133 85
133 138
133 157
133 192
133 193
133 208
133 277
134 2
134 3
134 45
134 51
134 85
134 87
134 96
134 126
134 158
134 208
134 221
134 247
135 32
135 36
135 86
135 129
135 164
135 178
135 188
135 191
135 201
135 203
136 12
136 15
136 45
136 65
136 90
136 109
136 112
136 157
136 187
136 228
137 5
137 8
137 20
137 85
137 87
137 118
137 232
137 234
137 239
138 3
138 4
138 5
138 8
138 9
138 10
138 13
138 35
138 37
138 45
138 48
138 50
138 75
138 76
138 78
138 85
138 115
138 118
138 126
138 131
138 140
138 142
138 151
138 156
138 167
138 170
138 173
138 177
138 186
138 188
138 191
138 201
138 237
138 245
138 247
138 265
138 276
139 45
139 106
139 178
139 191
139 201
139 235
139 239
140 13
140 39
140 124
140 126
141 3
141 110
141 120
142 75
142 76
142 79
143 4
143 5
143 13
143 45
143 56
143 102
143 115
143 120
143 131
143 133
143 149
143 157
143 173
143 175
143 178
143 179
143 181
143 188
143 201
143 220
143 232
143 245
143 274
143 286
144 5
144 45
144 108
144 131
145 45
145 56
145 164
146 7
146 14
146 15
146 18
146 21
146 23
146 45
146 75
146 87
146 118
146 133
146 205
146 235
146 265
147 8
147 42
147 191
148 4
148 13
148 274
149 3
149 5
149 13
149 80
149 91
149 113
149 119
149 141
149 171
149 180
149 194
149 211
150 3
150 6
150 7
150 45
150 47
150 87
150 123
150 183
150 194
150 197
150 200
150 201
150 203
150 217
150 227
150 250
150 254
150 270
151 3
151 45
151 115
151 120
151 131
151 178
151 190
151 201
152 45
153 48
153 87
153 173
154 24
154 33
154 50
154 52
154 75
154 169
154 274
155 44
155 45
155 118
155 190
155 214
156 45
156 65
156 104
156 225
157 83
157 170
158 45
158 110
158 148
159 37
159 131
159 254
160 22
160 234
161 4
161 43
161 45
161 46
161 163
161 250
162 7
162 13
162 65
162 68
162 89
162 138
162 191
162 235
162 245
163 3
163 10
163 33
163 45
163 109
163 176
163 190
164 3
164 118
164 211
165 3
165 36
165 103
165 118
165 119
165 177
165 198
165 247
166 14
166 21
166 45
166 90
166 119
166 174
167 45
167 73
167 123
167 192
167 199
167 211
168 3
168 44
168 45
168 258
168 278
169 3
169 45
169 51
169 108
169 115
169 165
170 3
170 4
170 12
170 74
170 85
170 113
171 5
171 44
171 45
171 121
172 2
172 4
172 45
172 59
172 75
172 85
172 146
172 161
172 174
172 194
172 232
172 234
172 250
172 272
173 4
173 7
173 8
173 13
173 24
173 25
173 32
173 43
173 45
173 47
173 84
173 94
173 110
173 114
173 120
173 123
173 125
173 130
173 133
173 140
173 146
173 155
173 158
173 162
173 168
173 169
173 186
173 191
173 195
173 208
173 216
174 101
174 123
175 2
175 26
175 68
175 85
176 6
177 4
177 24
177 48
177 85
177 97
177 115
177 119
177 228
178 14
178 46
178 60
178 100
178 138
178 157
178 166
178 220
178 278
179 39
180 37
180 85
180 186
180 214
180 245
181 74
181 76
181 160
182 4
182 26
182 35
182 45
182 146
182 174
182 187
182 194
183 85
183 86
183 120
183 271
184 65
184 74
184 276
185 3
185 45
185 85
185 119
185 188
185 191
185 192
185 195
185 286
186 2
186 3
186 24
186 36
186 45
186 64
186 143
186 173
186 188
187 44
187 215
188 2
188 13
188 14
188 15
188 16
188 32
188 33
188 37
188 43
188 45
188 57
188 85
188 86
188 99
188 103
188 112
188 116
188 123
188 148
188 270
188 274
188 277
189 126
189 191
189 206
189 234
190 3
190 70
190 85
190 277
192 3
192 4
192 7
192 9
192 12
192 13
192 25
192 36
192 75
192 76
192 86
192 92
192 104
192 115
192 119
192 121
192 131
192 150
192 156
192 162
192 178
192 200
192 201
192 207
192 212
192 213
192 215
192 222
192 250
193 4
193 45
193 50
193 75
193 162
193 174
193 175
194 4
194 29
194 45
194 99
194 104
194 115
194 119
194 134
194 163
194 180
194 191
194 220
194 267
194 277
195 4
195 99
195 126
195 146
196 7
196 36
196 41
196 72
196 76
196 112
196 115
196 119
196 141
196 173
196 189
196 191
196 198
196 199
196 212
196 220
196 221
196 232
196 247
197 8
197 36
197 59
197 103
197 133
197 173
198 45
198 179
198 191
199 3
199 7
199 10
199 13
199 28
199 45
199 74
199 89
199 96
199 120
199 146
199 160
199 188
199 207
199 210
199 222
199 250
199 272
199 287
200 2
200 3
200 4
200 45
200 52
200 131
200 143
200 145
200 209
200 253
201 118
202 7
202 13
202 34
202 48
202 51
202 71
202 76
202 85
202 95
202 99
202 104
202 116
202 120
202 126
202 132
202 138
202 142
202 161
202 188
202 190
202 196
202 204
202 210
202 253
203 5
203 45
203 66
203 69
203 76
203 138
203 142
203 210
203 244
203 250
203 263
203 270
204 2
204 4
204 14
204 35
204 45
204 47
204 80
204 106
204 126
204 142
204 152
204 171
204 210
204 238
205 5
205 14
205 15
205 23
205 32
205 34
205 40
205 65
205 68
205 85
205 87
205 98
205 109
205 115
205 143
205 156
205 169
205 177
205 193
205 196
205 203
206 15
206 45
206 98
206 119
206 123
206 125
206 142
206 173
206 219
206 226
206 265
207 21
207 24
207 30
207 40
207 45
207 48
207 49
207 66
207 87
207 104
207 109
207 110
207 155
207 163
207 167
208 2
208 10
208 14
208 20
208 34
208 36
208 38
208 40
208 53
208 82
208 87
208 102
208 124
208 143
208 148
208 154
208 162
208 164
208 173
208 174
208 190
208 206
208 232
208 269
209 7
209 36
209 86
209 142
210 14
210 36
210 76
210 85
210 99
210 123
210 153
210 168
210 169
210 178
210 186
210 196
210 219
211 21
211 85
211 126
211 190
211 234
211 278
212 2
212 11
212 13
212 21
212 53
212 104
212 136
212 188
212 235
213 37
213 132
214 25
214 39
214 49
214 60
214 70
214 76
214 98
214 146
214 156
214 172
214 173
214 236
214 247
214 254
215 123
215 138
215 191
215 198
216 13
216 20
216 77
216 143
216 166
216 191
216 200
216 220
216 228
217 4
217 6
217 45
217 113
217 143
217 162
217 186
217 190
217 234
218 11
218 16
218 44
218 45
218 92
218 107
218 119
218 126
218 211
218 257
218 272
219 3
219 13
219 24
219 36
219 45
219 57
219 59
219 75
219 85
219 86
219 87
219 98
219 119
219 167
219 169
219 198
219 263
220 59
220 115
220 156
221 47
221 105
221 162
221 268
221 270
222 128
222 276
223 214
224 159
225 15
225 29
225 36
225 45
225 148
225 193
225 220
226 2
226 4
226 9
226 11
226 45
226 48
226 66
226 85
226 113
226 146
226 183
227 2
227 3
227 4
227 9
227 10
227 19
227 21
227 22
227 23
227 25
227 34
227 42
227 60
227 65
227 79
227 87
227 98
227 113
227 143
227 154
227 168
227 169
227 190
227 220
227 226
227 235
227 268
229 45
229 61
229 90
229 93
229 108
229 115
229 117
229 143
229 191
229 193
229 227
230 2
230 12
230 134
230 200
231 13
231 44
231 75
231 143
231 192
232 173
233 5
233 13
233 45
233 75
233 87
233 119
233 139
233 188
233 191
233 192
234 23
234 45
234 276
235 45
235 177
236 14
236 45
236 168
237 4
237 45
237 119
237 138
237 276
238 61
238 85
238 115
238 177
238 179
238 190
238 277
239 50
239 85
239 86
239 156
239 201
239 202
240 2
240 7
240 16
240 29
240 74
240 158
240 176
240 216
241 5
241 45
241 87
241 133
241 203
242 7
242 45
242 60
242 74
242 114
242 179
242 184
242 192
242 205
242 214
243 85
245 3
245 5
245 45
245 87
245 154
245 169
245 175
245 198
245 218
246 3
246 5
246 26
246 29
246 69
246 94
246 99
246 126
246 131
246 152
246 189
246 202
246 205
246 208
246 219
246 276
247 4
247 5
247 13
247 40
247 119
247 201
248 4
248 86
248 87
248 141
248 203
249 76
249 85
249 126
249 172
251 7
251 59
251 143
252 75
253 26
253 36
253 186
254 3
254 45
254 85
254 109
254 124
254 138
255 96
255 232
256 13
256 45
256 87
256 124
257 12
257 24
257 45
257 62
257 197
257 228
257 250
257 268
258 9
258 40
258 45
258 104
258 113
258 131
258 145
258 245
259 4
259 16
259 47
259 91
259 276
260 4
260 86
260 98
260 167
260 207
260 210
260 226
260 227
261 5
262 22
262 85
262 119
262 157
262 198
262 272
264 14
264 126
265 22
265 116
266 22
266 45
266 205
266 217
267 118
267 173
267 191
268 7
268 9
268 13
268 103
268 131
268 158
268 269
270 49
271 39
272 17
272 45
272 212
273 30
273 99
274 89
275 5
275 10
275 45
275 85
275 87
276 8
276 45
276 126
276 157
276 220
276 228
277 45
277 96
277 178
277 179
278 22
278 119
278 126
278 133
279 14
279 87
279 104
279 179
279 186
279 239
280 5
280 7
280 22
280 47
280 83
280 201
281 1
281 115
283 3
283 42
283 45
283 126
283 152
283 239
284 45
284 86
284 109
284 179
284 190
284 191
285 28
285 45
285 85
285 99
285 131
285 155
285 182
285 277
285 278
286 2
286 112
287 199
288 200
290 113
290 255
291 113
291 133
295 49
295 136
295 196
296 74
296 132
296 170
297 1
297 115
