1 6
1 15
1 21
1 46
1 72
1 98
1 127
1 129
1 180
1 184
1 188
1 224
1 269
1 275
1 279
1 299
1 302
1 303
1 322
1 336
1 345
1 351
1 362
1 367
1 372
1 400
1 408
1 423
1 450
1 465
1 488
1 495
1 515
1 521
1 530
2 95
2 197
2 511
3 41
3 106
3 184
3 191
3 199
3 269
3 272
3 317
3 389
3 401
3 419
3 437
3 530
3 532
4 32
6 12
6 21
6 35
6 46
6 47
6 121
6 122
6 125
6 129
6 132
6 173
6 183
6 193
6 197
6 198
6 263
6 275
6 292
6 315
6 345
6 348
6 399
6 401
6 404
6 411
6 413
6 450
6 521
6 533
6 534
6 535
6 541
7 70
7 197
7 262
7 275
7 313
7 317
7 333
7 521
7 535
8 20
8 35
8 42
8 43
8 57
8 60
8 69
8 96
8 108
8 164
8 191
8 197
8 209
8 232
8 247
8 253
8 262
8 263
8 266
8 278
8 279
8 296
8 333
8 344
8 345
8 350
8 356
8 357
8 365
8 380
8 389
8 393
8 398
8 411
8 420
8 439
8 454
8 457
8 470
8 473
8 485
8 497
8 505
8 515
8 520
8 521
8 535
8 537
9 15
9 28
9 30
9 34
9 41
9 56
9 62
9 65
9 70
9 77
9 125
9 147
9 168
9 181
9 183
9 189
9 191
9 197
9 200
9 230
9 239
9 255
9 266
9 274
9 280
9 294
9 296
9 303
9 304
9 308
9 316
9 317
9 321
9 326
9 327
9 345
9 366
9 384
9 400
9 426
9 437
9 439
9 444
9 450
9 457
9 472
9 480
9 483
9 485
9 521
9 533
9 535
9 538
10 8
10 28
10 41
10 46
10 67
10 102
10 125
10 133
10 141
10 225
10 262
10 274
10 306
10 308
10 314
10 351
10 372
10 373
10 446
10 458
10 462
10 485
10 521
11 105
11 457
12 27
12 28
12 44
12 93
12 98
12 111
12 144
12 146
12 154
12 165
12 314
12 357
12 389
12 402
12 404
12 408
12 419
12 457
12 466
12 479
12 505
12 515
12 521
12 532
13 8
13 28
13 30
13 35
13 39
13 43
13 44
13 45
13 46
13 47
13 56
13 57
13 59
13 66
13 69
13 70
13 86
13 91
13 95
13 97
13 99
13 115
13 122
13 125
13 132
13 143
13 144
13 145
13 157
13 160
13 170
13 174
13 178
13 188
13 189
13 193
13 197
13 198
13 199
13 200
13 207
13 216
13 217
13 218
13 225
13 231
13 239
13 241
13 250
13 262
13 263
13 266
13 267
13 270
13 274
13 275
13 280
13 288
13 290
13 292
13 294
13 296
13 299
13 310
13 313
13 317
13 329
13 332
13 336
13 339
13 345
13 348
13 354
13 356
13 362
13 367
13 371
13 384
13 389
13 391
13 394
13 401
13 411
13 413
13 418
13 421
13 423
13 429
13 439
13 454
13 474
13 487
13 489
13 490
13 492
13 497
13 501
13 502
13 503
13 509
13 515
13 519
13 520
13 521
13 535
14 20
14 70
14 354
14 497
14 519
14 521
15 9
15 21
15 26
15 28
15 38
15 43
15 69
15 100
15 102
15 105
15 106
15 125
15 154
15 185
15 191
15 193
15 207
15 214
15 217
15 225
15 228
15 239
15 240
15 243
15 260
15 263
15 274
15 275
15 288
15 315
15 333
15 342
15 345
15 348
15 358
15 375
15 389
15 419
15 432
15 437
15 444
15 451
15 466
15 488
15 489
15 495
15 497
15 503
15 505
15 515
15 521
16 18
16 218
16 270
16 325
16 353
17 193
17 331
17 345
18 14
18 21
18 28
18 34
18 62
18 65
18 66
18 86
18 98
18 101
18 102
18 119
18 127
18 130
18 132
18 179
18 197
18 198
18 217
18 225
18 233
18 239
18 241
18 262
18 263
18 275
18 282
18 284
18 291
18 299
18 308
18 313
18 317
18 322
18 325
18 333
18 339
18 345
18 348
18 357
18 365
18 375
18 383
18 386
18 391
18 402
18 403
18 404
18 411
18 418
18 436
18 437
18 440
18 454
18 461
18 470
18 473
18 480
18 497
18 505
18 534
18 535
18 542
19 28
19 119
19 125
19 163
19 270
19 271
19 322
19 345
19 472
19 504
19 521
19 535
20 69
20 102
20 144
20 195
20 219
20 244
20 247
20 263
20 279
20 290
20 420
20 461
20 497
20 521
20 538
21 13
21 16
21 144
21 146
21 184
21 197
21 207
21 218
21 227
21 230
21 239
21 263
21 270
21 275
21 309
21 336
21 338
21 344
21 351
21 352
21 380
21 400
21 437
21 440
21 480
21 488
21 497
21 504
21 520
21 521
22 8
22 85
22 95
22 105
22 152
22 173
22 197
22 251
22 273
22 274
22 290
22 299
22 311
22 314
22 401
22 435
22 503
22 505
23 8
23 39
23 59
23 64
23 69
23 144
23 191
23 193
23 228
23 246
23 278
23 288
23 333
23 348
23 384
23 433
23 437
23 475
23 520
23 535
24 19
24 38
24 132
24 197
24 400
24 403
24 497
25 97
25 244
25 275
25 520
26 28
26 119
26 225
26 253
26 327
26 368
26 535
27 22
27 30
27 47
27 62
27 73
27 87
27 147
27 155
27 307
27 322
27 346
27 357
27 362
27 385
27 391
27 400
27 454
27 515
28 13
28 14
28 46
28 47
28 56
28 69
28 86
28 95
28 102
28 116
28 120
28 129
28 144
28 147
28 161
28 182
28 189
28 193
28 197
28 219
28 225
28 242
28 247
28 258
28 260
28 263
28 267
28 271
28 278
28 281
28 285
28 288
28 295
28 299
28 316
28 324
28 326
28 334
28 339
28 351
28 367
28 372
28 375
28 377
28 384
28 389
28 400
28 404
28 405
28 413
28 435
28 437
28 451
28 480
28 503
28 520
28 535
28 537
29 193
29 278
29 354
30 99
30 121
30 163
30 188
30 205
30 263
30 274
30 339
30 355
30 385
30 439
30 457
30 465
30 500
31 8
31 19
31 34
31 56
31 100
31 151
31 154
31 283
31 333
31 336
31 356
31 373
31 450
31 514
31 535
32 8
32 13
32 28
32 30
32 34
32 66
32 95
32 96
32 99
32 127
32 131
32 134
32 137
32 147
32 154
32 167
32 181
32 227
32 231
32 241
32 253
32 261
32 277
32 295
32 296
32 303
32 317
32 332
32 333
32 335
32 336
32 341
32 345
32 352
32 391
32 401
32 408
32 431
32 479
32 497
32 502
32 513
32 515
32 523
32 526
33 15
33 28
33 62
33 132
33 191
33 193
33 197
33 207
33 225
33 270
33 304
33 333
33 357
33 362
33 420
33 444
33 474
33 495
33 502
34 1
34 12
34 43
34 62
34 69
34 70
34 100
34 102
34 114
34 115
34 117
34 120
34 144
34 164
34 178
34 182
34 188
34 191
34 197
34 202
34 218
34 219
34 259
34 303
34 310
34 346
34 348
34 354
34 369
34 384
34 402
34 403
34 410
34 413
34 418
34 437
34 451
34 504
34 521
35 10
35 56
35 72
35 105
35 125
35 126
35 133
35 144
35 160
35 161
35 167
35 184
35 191
35 193
35 195
35 204
35 207
35 217
35 218
35 224
35 225
35 230
35 239
35 262
35 263
35 274
35 284
35 287
35 290
35 295
35 296
35 303
35 321
35 326
35 334
35 339
35 345
35 353
35 354
35 357
35 364
35 372
35 377
35 389
35 400
35 403
35 418
35 485
35 488
35 491
35 497
35 516
35 520
35 521
35 534
36 19
36 454
37 176
37 225
37 299
37 336
37 349
37 458
37 514
38 263
39 6
39 137
39 143
39 153
39 193
39 217
39 227
39 276
39 284
39 345
39 371
39 374
39 389
39 422
39 457
39 520
39 535
41 13
41 15
41 28
41 43
41 62
41 64
41 69
41 73
41 87
41 103
41 122
41 175
41 188
41 199
41 228
41 230
41 235
41 241
41 247
41 253
41 255
41 262
41 263
41 279
41 283
41 310
41 322
41 333
41 336
41 339
41 342
41 345
41 348
41 354
41 362
41 400
41 403
41 408
41 411
41 438
41 454
41 467
41 474
41 480
41 497
41 499
41 503
41 509
41 539
42 64
42 66
42 67
42 144
42 165
42 191
42 197
42 198
42 253
42 270
42 275
42 310
42 321
42 333
42 372
42 435
42 437
42 450
42 457
42 502
43 7
43 9
43 10
43 28
43 59
43 67
43 155
43 161
43 176
43 183
43 199
43 207
43 217
43 219
43 255
43 263
43 275
43 294
43 301
43 302
43 303
43 339
43 345
43 356
43 361
43 385
43 388
43 406
43 414
43 438
43 444
43 445
43 450
43 520
43 521
43 532
43 534
44 62
44 123
44 129
44 144
44 157
44 191
44 241
44 345
44 367
44 368
44 400
44 417
44 473
44 474
44 485
44 521
45 22
45 32
45 102
45 105
45 138
45 156
45 168
45 174
45 181
45 210
45 230
45 241
45 263
45 278
45 333
45 345
45 352
45 362
45 367
45 389
45 403
45 419
45 439
45 442
45 457
45 490
45 495
45 521
46 15
46 26
46 33
46 39
46 56
46 69
46 86
46 89
46 128
46 132
46 135
46 151
46 160
46 168
46 176
46 181
46 191
46 193
46 197
46 217
46 262
46 275
46 277
46 279
46 296
46 299
46 304
46 310
46 321
46 322
46 332
46 336
46 344
46 345
46 346
46 361
46 367
46 371
46 389
46 393
46 394
46 403
46 413
46 414
46 418
46 423
46 451
46 455
46 483
46 495
46 497
46 521
46 530
46 533
47 6
47 36
47 38
47 59
47 69
47 119
47 121
47 125
47 130
47 144
47 149
47 161
47 176
47 191
47 192
47 195
47 220
47 239
47 244
47 260
47 269
47 274
47 278
47 280
47 290
47 299
47 311
47 317
47 321
47 327
47 330
47 345
47 348
47 356
47 357
47 362
47 371
47 375
47 384
47 389
47 391
47 402
47 405
47 437
47 463
47 470
47 473
47 503
47 513
47 515
47 521
47 529
47 533
48 497
50 65
50 188
50 191
50 195
50 197
50 219
50 255
50 278
50 279
50 391
50 521
50 534
51 59
51 191
52 514
53 485
54 184
54 278
54 345
54 388
54 435
54 459
54 535
55 36
56 2
56 6
56 10
56 12
56 13
56 30
56 32
56 34
56 38
56 39
56 40
56 41
56 61
56 69
56 74
56 75
56 86
56 93
56 95
56 100
56 102
56 104
56 105
56 109
56 114
56 119
56 133
56 143
56 149
56 151
56 161
56 181
56 184
56 190
56 195
56 197
56 199
56 200
56 207
56 213
56 218
56 219
56 223
56 232
56 233
56 245
56 255
56 259
56 260
56 263
56 269
56 274
56 279
56 283
56 287
56 290
56 296
56 299
56 308
56 321
56 327
56 333
56 334
56 345
56 351
56 355
56 357
56 365
56 371
56 375
56 385
56 389
56 394
56 403
56 405
56 411
56 413
56 418
56 423
56 438
56 450
56 451
56 455
56 457
56 463
56 465
56 478
56 483
56 488
56 497
56 509
56 520
56 521
56 523
56 530
56 532
56 533
56 535
56 537
57 18
57 22
57 72
57 147
57 154
57 193
57 222
57 230
57 261
57 278
57 290
57 304
57 308
57 326
57 336
57 339
57 347
57 411
57 443
57 495
57 516
57 520
58 425
58 505
59 34
59 39
59 43
59 62
59 69
59 84
59 154
59 161
59 184
59 191
59 193
59 197
59 210
59 217
59 228
59 230
59 239
59 260
59 263
59 267
59 276
59 295
59 296
59 299
59 315
59 326
59 328
59 329
59 332
59 338
59 348
59 350
59 351
59 358
59 363
59 364
59 365
59 378
59 383
59 384
59 413
59 420
59 423
59 433
59 437
59 467
59 471
59 474
59 502
59 515
59 520
59 521
59 542
60 28
60 104
60 119
60 168
60 184
60 197
60 200
60 377
60 387
60 461
60 503
60 515
60 520
61 144
61 164
61 242
61 290
61 322
61 497
61 517
61 538
62 34
62 87
62 102
62 119
62 154
62 170
62 189
62 197
62 216
62 241
62 328
62 389
62 414
62 471
62 478
62 495
63 8
63 28
63 41
63 89
63 127
63 138
63 184
63 191
63 197
63 218
63 276
63 299
63 345
63 387
63 506
63 535
64 6
64 13
64 28
64 45
64 47
64 60
64 62
64 336
64 345
64 365
64 442
64 518
64 520
64 521
64 532
65 102
65 119
65 225
65 231
65 263
65 311
65 346
65 356
65 361
65 404
65 413
65 521
65 535
66 26
66 28
66 56
66 69
66 73
66 132
66 135
66 146
66 155
66 183
66 191
66 197
66 280
66 289
66 327
66 345
66 389
66 450
66 500
66 521
66 533
68 218
69 14
69 21
69 28
69 66
69 67
69 86
69 102
69 198
69 216
69 227
69 262
69 263
69 283
69 308
69 333
69 336
69 345
69 351
69 354
69 383
69 384
69 402
69 423
69 497
69 520
69 521
69 530
70 10
70 12
70 13
70 28
70 35
70 39
70 42
70 59
70 60
70 66
70 69
70 72
70 73
70 76
70 93
70 95
70 102
70 105
70 106
70 115
70 117
70 125
70 129
70 137
70 143
70 145
70 149
70 152
70 156
70 191
70 200
70 210
70 216
70 217
70 218
70 224
70 228
70 241
70 253
70 261
70 262
70 263
70 273
70 274
70 278
70 283
70 290
70 299
70 306
70 309
70 315
70 316
70 317
70 332
70 345
70 351
70 354
70 356
70 357
70 362
70 365
70 366
70 371
70 386
70 389
70 411
70 437
70 438
70 440
70 450
70 451
70 458
70 462
70 474
70 480
70 485
70 487
70 497
70 498
70 504
70 515
70 521
70 522
70 533
70 535
70 541
71 138
71 375
71 457
71 485
71 505
72 38
72 59
72 67
72 69
72 103
72 129
72 191
72 260
72 290
72 292
72 317
72 318
72 336
72 348
72 389
72 395
72 499
72 534
73 6
73 8
73 21
73 28
73 32
73 34
73 43
73 46
73 47
73 53
73 56
73 59
73 69
73 70
73 75
73 100
73 102
73 119
73 125
73 131
73 138
73 151
73 154
73 164
73 170
73 189
73 200
73 205
73 218
73 220
73 223
73 224
73 225
73 234
73 256
73 274
73 275
73 278
73 281
73 283
73 289
73 290
73 296
73 299
73 303
73 310
73 313
73 321
73 322
73 333
73 351
73 354
73 360
73 362
73 389
73 396
73 405
73 406
73 411
73 413
73 423
73 425
73 437
73 438
73 451
73 454
73 462
73 465
73 467
73 470
73 473
73 488
73 495
73 497
73 505
73 521
73 524
73 533
74 535
75 46
75 70
75 147
75 191
75 207
75 232
75 283
75 336
75 354
75 356
75 367
75 377
75 380
75 461
75 502
76 19
76 28
76 32
76 34
76 53
76 55
76 59
76 70
76 85
76 86
76 116
76 147
76 154
76 170
76 173
76 183
76 189
76 193
76 197
76 233
76 236
76 263
76 275
76 282
76 290
76 312
76 313
76 317
76 333
76 346
76 351
76 359
76 366
76 403
76 408
76 418
76 438
76 457
76 488
76 520
76 530
76 532
78 69
78 425
79 356
79 438
79 523
80 12
80 24
80 28
80 34
80 43
80 46
80 85
80 122
80 210
80 280
80 287
80 299
80 304
80 403
80 419
80 450
80 521
80 529
80 535
81 217
81 271
82 67
82 102
82 117
84 66
84 278
84 345
84 351
84 389
84 481
84 489
84 520
84 535
85 15
85 24
85 30
85 34
85 35
85 39
85 66
85 76
85 103
85 119
85 121
85 144
85 154
85 157
85 168
85 179
85 191
85 193
85 197
85 199
85 202
85 205
85 217
85 227
85 242
85 267
85 279
85 296
85 299
85 316
85 317
85 333
85 365
85 373
85 378
85 389
85 403
85 421
85 437
85 443
85 450
85 457
85 485
85 500
85 503
85 525
85 532
85 535
86 15
86 18
86 19
86 34
86 56
86 64
86 67
86 88
86 90
86 130
86 134
86 154
86 164
86 191
86 197
86 213
86 219
86 232
86 247
86 259
86 263
86 284
86 287
86 290
86 308
86 317
86 332
86 339
86 356
86 357
86 365
86 367
86 370
86 387
86 389
86 399
86 404
86 405
86 410
86 418
86 438
86 454
86 504
86 505
86 518
86 521
86 523
86 530
87 55
87 62
87 125
87 127
87 133
87 144
87 167
87 191
87 225
87 263
87 270
87 329
87 336
87 368
87 389
87 413
87 438
87 473
87 489
87 521
87 534
88 8
88 9
88 18
88 37
88 184
88 215
88 233
88 326
88 356
88 437
88 450
88 485
88 521
89 327
89 378
89 437
91 43
91 197
91 218
91 267
91 312
91 367
91 521
91 530
91 535
92 197
92 263
93 28
93 315
94 87
94 104
94 141
94 202
94 357
94 400
94 502
94 533
95 8
95 15
95 19
95 86
95 100
95 101
95 105
95 119
95 166
95 184
95 189
95 191
95 223
95 225
95 228
95 299
95 308
95 311
95 328
95 336
95 366
95 367
95 381
95 400
95 408
95 450
95 454
95 474
95 503
95 513
95 520
95 532
95 535
96 8
96 9
96 15
96 21
96 22
96 28
96 30
96 62
96 108
96 181
96 262
96 263
96 276
96 332
96 345
96 351
96 364
96 384
96 411
96 450
96 457
96 473
96 505
96 521
96 526
96 532
98 18
98 35
98 56
98 122
98 125
98 127
98 150
98 303
98 336
98 440
98 459
99 45
99 87
99 95
99 163
99 173
99 182
99 184
99 268
99 269
99 271
99 399
99 402
99 403
99 437
99 485
99 513
99 521
100 28
100 72
100 73
100 154
100 176
100 190
100 191
100 230
100 267
100 270
100 275
100 278
100 279
100 310
100 313
100 322
100 325
100 332
100 333
100 341
100 362
100 383
100 391
100 399
100 419
100 454
100 457
100 484
100 508
100 509
100 515
100 520
100 530
100 533
100 535
100 539
101 45
101 59
101 69
101 97
101 197
101 217
101 225
101 232
101 256
101 272
101 314
101 332
101 333
101 356
101 372
101 422
101 520
101 526
102 18
102 22
102 46
102 64
102 69
102 70
102 96
102 127
102 133
102 152
102 197
102 199
102 206
102 207
102 211
102 217
102 222
102 225
102 227
102 228
102 260
102 269
102 274
102 280
102 287
102 314
102 316
102 320
102 321
102 327
102 332
102 333
102 336
102 339
102 356
102 383
102 389
102 399
102 401
102 403
102 419
102 423
102 437
102 440
102 451
102 454
102 462
102 467
102 473
102 478
102 484
102 515
102 520
102 531
102 540
102 542
103 45
103 91
103 105
103 122
103 290
103 320
103 333
103 354
103 368
103 383
103 438
103 467
104 4
104 12
104 19
104 28
104 39
104 40
104 42
104 59
104 60
104 76
104 119
104 120
104 145
104 159
104 164
104 191
104 197
104 228
104 244
104 247
104 260
104 263
104 321
104 332
104 333
104 336
104 339
104 344
104 345
104 356
104 375
104 383
104 384
104 391
104 401
104 452
104 503
104 505
104 513
104 518
104 521
104 523
104 542
105 10
105 37
105 39
105 45
105 53
105 59
105 65
105 73
105 103
105 134
105 180
105 189
105 191
105 193
105 195
105 216
105 218
105 219
105 238
105 239
105 247
105 263
105 270
105 274
105 280
105 296
105 299
105 314
105 327
105 339
105 345
105 351
105 372
105 391
105 402
105 404
105 411
105 419
105 425
105 466
105 474
105 488
105 499
105 518
105 523
105 540
106 8
106 9
106 38
106 105
106 195
106 259
106 327
106 399
106 505
106 521
106 535
107 34
108 10
108 20
108 59
108 66
108 107
108 122
108 125
108 152
108 250
108 263
108 276
108 306
108 356
108 371
108 420
108 437
108 533
109 87
111 344
112 104
113 263
114 7
114 8
114 28
114 35
114 55
114 56
114 66
114 104
114 125
114 150
114 159
114 175
114 197
114 199
114 290
114 304
114 311
114 345
114 351
114 356
114 362
114 368
114 377
114 389
114 402
114 420
114 438
114 440
114 451
114 454
114 457
114 471
114 489
114 518
114 535
114 540
115 95
115 97
115 191
115 197
115 333
115 360
115 520
116 310
116 356
116 530
117 4
117 8
117 39
117 45
117 199
117 206
117 211
117 217
117 279
117 303
117 345
117 372
117 495
118 191
118 272
118 279
118 362
118 419
118 520
119 10
119 21
119 28
119 32
119 38
119 39
119 69
119 76
119 81
119 95
119 103
119 104
119 106
119 114
119 125
119 134
119 143
119 146
119 151
119 154
119 161
119 164
119 191
119 199
119 207
119 216
119 218
119 230
119 256
119 257
119 270
119 275
119 279
119 303
119 313
119 314
119 316
119 317
119 327
119 329
119 332
119 345
119 346
119 348
119 353
119 354
119 371
119 374
119 375
119 389
119 399
119 400
119 401
119 402
119 404
119 410
119 413
119 419
119 423
119 435
119 437
119 439
119 455
119 457
119 461
119 467
119 468
119 470
119 474
119 490
119 497
119 502
119 509
119 514
119 520
119 530
119 533
119 534
120 28
120 59
120 95
120 197
120 263
120 333
120 365
120 380
120 389
120 403
120 418
120 428
120 495
120 521
120 530
121 18
121 39
121 46
121 99
121 155
121 168
121 173
121 175
121 183
121 189
121 197
121 263
121 278
121 288
121 296
121 320
121 346
121 371
121 374
121 411
121 437
121 444
121 497
121 502
121 535
122 15
122 26
122 35
122 39
122 41
122 52
122 55
122 84
122 95
122 100
122 125
122 127
122 138
122 146
122 182
122 188
122 189
122 197
122 200
122 204
122 207
122 210
122 224
122 225
122 227
122 228
122 235
122 248
122 256
122 270
122 279
122 284
122 313
122 322
122 327
122 333
122 356
122 358
122 368
122 372
122 373
122 389
122 391
122 411
122 419
122 423
122 425
122 438
122 450
122 457
122 461
122 470
122 491
122 507
122 516
122 520
122 521
124 38
124 191
124 228
124 333
124 355
124 389
124 405
124 411
125 20
125 21
125 28
125 46
125 52
125 59
125 70
125 87
125 88
125 96
125 122
125 129
125 144
125 158
125 161
125 167
125 193
125 199
125 218
125 225
125 229
125 247
125 253
125 292
125 293
125 296
125 299
125 303
125 342
125 345
125 346
125 354
125 365
125 367
125 373
125 381
125 389
125 394
125 399
125 401
125 402
125 403
125 411
125 419
125 437
125 466
125 474
125 496
125 499
125 517
125 520
125 521
125 523
125 530
125 542
126 28
126 39
126 100
126 146
126 225
126 255
126 279
126 419
126 497
127 6
127 8
127 9
127 21
127 26
127 28
127 33
127 38
127 42
127 45
127 46
127 59
127 63
127 65
127 76
127 88
127 118
127 124
127 125
127 154
127 155
127 159
127 164
127 180
127 188
127 191
127 197
127 199
127 204
127 218
127 219
127 230
127 247
127 253
127 262
127 263
127 270
127 274
127 275
127 283
127 294
127 296
127 304
127 305
127 308
127 310
127 311
127 314
127 316
127 319
127 326
127 330
127 332
127 339
127 345
127 348
127 351
127 354
127 356
127 365
127 367
127 371
127 387
127 391
127 392
127 394
127 402
127 403
127 413
127 414
127 419
127 425
127 437
127 438
127 441
127 450
127 451
127 458
127 467
127 471
127 472
127 481
127 485
127 486
127 495
127 496
127 506
127 509
127 515
127 518
127 521
127 522
127 523
127 525
127 534
127 535
128 46
128 435
128 510
128 535
129 4
129 154
129 189
129 214
129 224
129 241
129 269
129 280
129 521
130 19
130 66
130 85
130 129
130 160
130 191
130 197
130 200
130 217
130 220
130 225
130 333
130 423
130 454
130 477
130 480
130 504
130 521
130 538
131 8
131 12
131 43
131 85
131 91
131 96
131 114
131 154
131 180
131 205
131 207
131 216
131 233
131 250
131 254
131 304
131 313
131 333
131 334
131 336
131 351
131 360
131 372
131 389
131 399
131 401
131 402
131 403
131 450
131 458
131 467
131 478
131 495
131 515
131 516
131 535
132 17
132 28
132 46
132 69
132 70
132 104
132 124
132 144
132 147
132 150
132 168
132 184
132 191
132 197
132 239
132 263
132 274
132 310
132 316
132 317
132 333
132 342
132 348
132 367
132 376
132 399
132 400
132 413
132 420
132 423
132 457
132 464
132 471
132 489
132 505
132 506
132 520
132 521
132 538
132 541
133 1
133 28
133 34
133 41
133 43
133 69
133 86
133 99
133 104
133 146
133 220
133 310
133 338
133 339
133 354
133 371
133 377
133 398
133 406
133 411
133 439
133 450
133 457
133 495
133 504
133 519
133 521
133 523
134 4
134 28
134 34
134 38
134 56
134 70
134 85
134 100
134 102
134 116
134 122
134 144
134 154
134 156
134 175
134 210
134 220
134 224
134 225
134 227
134 270
134 276
134 278
134 290
134 303
134 305
134 311
134 323
134 336
134 345
134 358
134 372
134 373
134 375
134 391
134 403
134 411
134 418
134 423
134 431
134 433
134 435
134 450
134 457
134 467
134 489
134 503
134 514
134 516
134 521
134 531
134 538
135 125
135 191
135 263
135 506
135 521
136 69
136 181
136 200
136 317
136 414
137 35
137 66
137 119
137 184
137 200
137 230
137 271
137 282
137 304
137 308
137 341
137 383
137 389
137 457
137 497
137 521
138 15
138 46
138 200
138 202
138 207
138 208
138 226
138 243
138 285
138 299
138 304
138 333
138 354
138 387
138 402
138 408
138 434
138 439
138 521
138 535
139 183
141 47
141 173
141 210
141 239
141 262
141 275
141 316
141 322
142 45
142 88
142 112
142 167
142 185
142 189
142 191
142 193
142 217
142 274
142 333
142 361
142 375
142 383
142 391
142 392
142 399
142 440
142 454
142 505
144 17
144 18
144 28
144 35
144 43
144 52
144 66
144 69
144 70
144 85
144 87
144 88
144 94
144 95
144 99
144 104
144 116
144 127
144 129
144 145
144 151
144 161
144 162
144 170
144 188
144 191
144 193
144 194
144 197
144 198
144 201
144 205
144 216
144 218
144 219
144 225
144 230
144 234
144 239
144 241
144 270
144 279
144 295
144 327
144 328
144 333
144 339
144 344
144 345
144 365
144 366
144 373
144 391
144 404
144 421
144 425
144 433
144 438
144 473
144 483
144 494
144 505
144 506
144 521
144 534
145 6
145 8
145 14
145 20
145 28
145 47
145 59
145 69
145 127
145 143
145 175
145 193
145 202
145 207
145 217
145 220
145 225
145 239
145 253
145 274
145 276
145 288
145 296
145 309
145 310
145 328
145 333
145 339
145 340
145 354
145 372
145 373
145 380
145 389
145 400
145 437
145 471
145 509
145 515
145 516
145 521
145 529
145 530
145 532
145 533
146 9
146 34
146 38
146 59
146 114
146 127
146 154
146 175
146 181
146 183
146 191
146 210
146 211
146 217
146 219
146 224
146 230
146 240
146 241
146 247
146 276
146 279
146 329
146 339
146 354
146 356
146 365
146 372
146 375
146 380
146 384
146 417
146 455
146 457
146 467
146 473
146 479
146 489
146 490
146 491
146 505
146 513
146 515
146 521
146 523
146 532
146 534
146 535
147 20
147 21
147 35
147 36
147 66
147 67
147 69
147 91
147 96
147 102
147 103
147 124
147 125
147 132
147 156
147 168
147 184
147 189
147 191
147 193
147 213
147 220
147 228
147 239
147 250
147 263
147 278
147 279
147 280
147 281
147 290
147 299
147 303
147 327
147 329
147 336
147 344
147 345
147 346
147 354
147 357
147 361
147 389
147 395
147 413
147 437
147 439
147 450
147 456
147 467
147 488
147 495
147 501
147 505
147 508
147 521
147 530
147 535
147 542
148 132
148 151
148 189
148 197
148 290
148 402
148 454
148 473
150 6
150 59
150 102
150 146
150 184
150 201
150 217
150 283
150 345
150 413
150 418
150 443
150 495
150 505
150 523
151 6
151 35
151 45
151 55
151 56
151 86
151 125
151 128
151 129
151 144
151 164
151 191
151 195
151 197
151 210
151 216
151 269
151 270
151 278
151 290
151 294
151 314
151 317
151 332
151 333
151 355
151 367
151 372
151 374
151 389
151 391
151 437
151 451
151 471
151 485
151 489
151 504
151 521
152 18
152 28
152 137
152 191
152 253
152 321
152 383
152 387
152 515
154 1
154 19
154 28
154 40
154 59
154 69
154 133
154 147
154 204
154 210
154 260
154 266
154 274
154 279
154 304
154 314
154 327
154 333
154 355
154 371
154 372
154 375
154 394
154 408
154 423
154 425
154 485
154 489
154 509
154 525
154 542
155 4
155 20
155 28
155 43
155 46
155 85
155 106
155 119
155 138
155 147
155 159
155 177
155 189
155 200
155 217
155 218
155 224
155 225
155 226
155 263
155 269
155 284
155 286
155 290
155 296
155 325
155 345
155 351
155 353
155 371
155 376
155 389
155 398
155 437
155 443
155 480
155 497
155 520
155 535
156 8
156 13
156 17
156 31
156 39
156 44
156 46
156 109
156 119
156 138
156 145
156 154
156 159
156 179
156 184
156 195
156 197
156 203
156 210
156 227
156 228
156 262
156 264
156 271
156 296
156 316
156 333
156 336
156 340
156 345
156 354
156 355
156 356
156 365
156 372
156 373
156 389
156 394
156 438
156 450
156 515
156 521
156 532
156 538
157 182
158 100
158 154
158 361
158 533
159 8
159 28
159 35
159 36
159 40
159 42
159 43
159 60
159 86
159 88
159 127
159 147
159 156
159 184
159 191
159 193
159 200
159 216
159 217
159 220
159 239
159 255
159 270
159 303
159 310
159 311
159 315
159 317
159 319
159 327
159 345
159 356
159 362
159 365
159 373
159 381
159 400
159 418
159 440
159 473
159 488
159 493
159 513
159 521
159 534
159 543
160 45
160 59
160 69
160 102
160 106
160 116
160 119
160 120
160 122
160 127
160 137
160 144
160 161
160 179
160 180
160 191
160 195
160 197
160 216
160 217
160 225
160 228
160 233
160 259
160 264
160 270
160 278
160 290
160 299
160 304
160 313
160 342
160 383
160 403
160 438
160 520
161 8
161 22
161 35
161 38
161 66
161 69
161 70
161 73
161 86
161 108
161 114
161 122
161 127
161 137
161 181
161 184
161 188
161 191
161 210
161 216
161 219
161 227
161 238
161 239
161 257
161 263
161 278
161 315
161 316
161 320
161 327
161 328
161 333
161 336
161 370
161 371
161 392
161 400
161 403
161 429
161 437
161 463
161 467
161 480
161 484
161 489
161 503
161 515
161 520
161 532
162 40
162 43
162 67
162 86
162 100
162 135
162 152
162 233
162 375
162 521
162 528
163 4
163 6
163 8
163 17
163 26
163 28
163 30
163 32
163 33
163 34
163 35
163 36
163 42
163 43
163 46
163 56
163 61
163 69
163 77
163 85
163 86
163 88
163 95
163 97
163 99
163 100
163 102
163 104
163 105
163 106
163 109
163 117
163 118
163 119
163 120
163 122
163 124
163 127
163 142
163 143
163 144
163 146
163 149
163 154
163 156
163 161
163 164
163 168
163 170
163 176
163 177
163 181
163 182
163 184
163 188
163 189
163 191
163 192
163 197
163 198
163 199
163 204
163 207
163 212
163 218
163 224
163 227
163 228
163 255
163 259
163 262
163 263
163 266
163 270
163 274
163 275
163 276
163 279
163 280
163 290
163 299
163 302
163 303
163 310
163 312
163 314
163 317
163 327
163 333
163 336
163 338
163 339
163 340
163 345
163 351
163 356
163 357
163 358
163 362
163 365
163 368
163 371
163 373
163 374
163 375
163 380
163 383
163 391
163 394
163 395
163 397
163 399
163 400
163 411
163 419
163 427
163 435
163 437
163 438
163 450
163 451
163 458
163 461
163 462
163 465
163 467
163 472
163 480
163 487
163 488
163 497
163 499
163 501
163 503
163 510
163 516
163 517
163 520
163 521
163 529
163 532
163 533
163 537
164 13
164 26
164 28
164 33
164 39
164 41
164 56
164 62
164 72
164 73
164 95
164 97
164 109
164 121
164 149
164 156
164 157
164 167
164 182
164 191
164 197
164 199
164 201
164 211
164 219
164 228
164 230
164 233
164 236
164 239
164 241
164 244
164 250
164 262
164 263
164 274
164 279
164 299
164 310
164 311
164 314
164 333
164 334
164 340
164 345
164 351
164 354
164 355
164 356
164 366
164 367
164 371
164 380
164 389
164 401
164 408
164 410
164 411
164 416
164 423
164 430
164 438
164 450
164 451
164 454
164 457
164 467
164 472
164 489
164 490
164 509
164 513
164 515
164 517
164 520
164 521
164 524
164 530
164 532
164 533
164 537
164 542
165 106
165 162
165 193
165 204
165 220
165 228
165 263
165 278
165 281
165 499
165 504
165 513
165 518
165 534
165 539
166 28
166 217
166 262
166 362
166 521
167 9
167 10
167 40
167 45
167 88
167 100
167 109
167 117
167 127
167 155
167 193
167 198
167 210
167 222
167 263
167 269
167 290
167 295
167 303
167 310
167 327
167 330
167 353
167 367
167 400
167 401
167 423
167 435
167 454
167 466
167 485
167 518
167 521
167 525
167 535
167 542
168 29
168 39
168 60
168 64
168 69
168 73
168 93
168 102
168 114
168 133
168 144
168 150
168 182
168 184
168 191
168 197
168 199
168 217
168 225
168 228
168 239
168 241
168 263
168 267
168 303
168 317
168 343
168 345
168 346
168 351
168 374
168 381
168 383
168 389
168 408
168 457
168 471
168 478
168 487
168 505
168 523
168 535
169 39
169 200
169 313
169 365
169 521
170 101
170 520
172 66
172 138
172 165
172 284
172 290
172 373
172 406
172 418
172 422
172 454
172 535
173 6
173 28
173 39
173 46
173 59
173 119
173 144
173 200
173 207
173 213
173 261
173 278
173 299
173 303
173 308
173 310
173 345
173 352
173 361
173 386
173 389
173 450
173 457
173 505
173 516
173 520
173 534
173 535
174 199
174 423
174 532
175 9
175 10
175 18
175 30
175 32
175 90
175 95
175 117
175 133
175 143
175 144
175 156
175 195
175 207
175 217
175 239
175 262
175 267
175 299
175 303
175 313
175 314
175 333
175 357
175 373
175 423
175 467
175 489
175 495
175 515
175 518
175 523
175 525
176 26
176 28
176 34
176 40
176 56
176 61
176 67
176 69
176 86
176 104
176 117
176 127
176 152
176 167
176 173
176 175
176 182
176 184
176 190
176 191
176 206
176 228
176 233
176 270
176 273
176 299
176 304
176 310
176 311
176 317
176 327
176 333
176 339
176 340
176 344
176 368
176 380
176 400
176 403
176 419
176 454
176 457
176 497
176 504
176 507
176 521
176 523
176 525
176 535
179 13
179 69
179 70
179 87
179 95
179 96
179 97
179 102
179 119
179 136
179 155
179 182
179 227
179 269
179 279
179 283
179 295
179 328
179 333
179 339
179 345
179 351
179 356
179 371
179 399
179 454
179 488
179 521
179 535
180 46
180 130
180 191
180 217
180 225
180 231
180 263
180 333
180 362
180 380
180 453
180 523
180 533
181 35
181 138
181 353
181 467
183 28
183 64
183 69
183 119
183 197
183 213
183 247
183 264
183 356
183 373
183 415
183 420
183 423
183 457
183 458
183 466
183 509
184 40
184 46
184 127
184 189
184 233
184 247
184 262
184 296
184 317
184 373
184 409
184 432
184 434
184 450
184 488
184 523
184 525
184 534
185 125
185 176
185 535
188 21
188 39
188 59
188 67
188 87
188 95
188 96
188 99
188 100
188 102
188 117
188 119
188 120
188 176
188 180
188 182
188 189
188 217
188 218
188 225
188 231
188 232
188 263
188 270
188 275
188 278
188 281
188 296
188 309
188 311
188 317
188 322
188 327
188 333
188 345
188 362
188 371
188 389
188 391
188 392
188 403
188 408
188 411
188 413
188 434
188 455
188 461
188 497
188 504
188 515
188 521
188 533
188 536
189 10
189 18
189 28
189 38
189 45
189 60
189 86
189 95
189 143
189 154
189 161
189 178
189 190
189 191
189 216
189 225
189 232
189 235
189 255
189 259
189 270
189 274
189 281
189 284
189 301
189 311
189 322
189 334
189 345
189 371
189 380
189 454
189 461
189 503
189 504
189 520
189 522
189 523
189 532
189 535
189 545
190 21
190 69
190 133
190 195
190 224
190 231
190 239
190 290
190 352
190 367
190 454
190 464
190 487
191 1
191 6
191 8
191 22
191 30
191 43
191 59
191 64
191 66
191 69
191 73
191 90
191 96
191 102
191 106
191 119
191 123
191 129
191 138
191 145
191 147
191 154
191 184
191 189
191 193
191 215
191 217
191 220
191 225
191 227
191 240
191 241
191 244
191 266
191 279
191 283
191 285
191 289
191 290
191 294
191 299
191 303
191 308
191 311
191 317
191 321
191 322
191 325
191 333
191 334
191 339
191 344
191 345
191 348
191 357
191 372
191 377
191 385
191 387
191 389
191 400
191 403
191 411
191 413
191 414
191 425
191 439
191 441
191 442
191 451
191 457
191 459
191 461
191 483
191 484
191 485
191 490
191 497
191 505
191 520
191 521
191 522
191 523
191 532
192 28
192 32
192 210
192 217
192 218
192 263
192 320
192 345
192 348
192 387
192 394
192 411
192 413
192 497
192 530
193 4
193 6
193 13
193 21
193 28
193 34
193 45
193 59
193 69
193 95
193 98
193 101
193 103
193 120
193 122
193 133
193 137
193 144
193 151
193 152
193 154
193 159
193 170
193 189
193 191
193 205
193 211
193 217
193 220
193 225
193 232
193 234
193 239
193 242
193 270
193 271
193 274
193 276
193 278
193 279
193 280
193 283
193 288
193 290
193 296
193 303
193 312
193 320
193 322
193 333
193 339
193 345
193 351
193 355
193 362
193 364
193 365
193 385
193 387
193 389
193 391
193 402
193 410
193 426
193 435
193 438
193 450
193 454
193 457
193 472
193 473
193 495
193 502
193 511
193 515
193 532
193 533
193 537
193 538
194 35
194 36
194 59
194 129
194 132
194 137
194 217
194 332
194 437
194 442
194 484
194 515
195 8
195 28
195 73
195 83
195 109
195 144
195 147
195 167
195 217
195 228
195 239
195 267
195 299
195 307
195 308
195 322
195 344
195 345
195 362
195 371
195 387
195 389
195 401
195 403
195 422
195 467
195 505
195 520
197 8
197 19
197 20
197 24
197 28
197 35
197 39
197 40
197 44
197 47
197 55
197 56
197 59
197 60
197 62
197 66
197 67
197 69
197 73
197 76
197 86
197 96
197 100
197 102
197 103
197 116
197 122
197 125
197 126
197 127
197 129
197 143
197 144
197 145
197 156
197 167
197 185
197 190
197 192
197 193
197 201
197 204
197 217
197 220
197 222
197 228
197 230
197 232
197 233
197 239
197 241
197 255
197 262
197 263
197 267
197 270
197 274
197 275
197 288
197 294
197 295
197 299
197 307
197 310
197 322
197 329
197 333
197 334
197 343
197 344
197 345
197 348
197 349
197 352
197 354
197 355
197 356
197 357
197 362
197 366
197 367
197 389
197 394
197 399
197 400
197 403
197 408
197 411
197 414
197 418
197 423
197 431
197 432
197 433
197 434
197 437
197 445
197 457
197 467
197 473
197 477
197 489
197 494
197 495
197 497
197 502
197 505
197 513
197 519
197 520
197 521
197 522
197 523
197 534
198 10
198 46
198 122
198 132
198 155
198 156
198 170
198 176
198 182
198 184
198 225
198 247
198 278
198 281
198 299
198 346
198 373
198 423
198 438
198 488
198 521
199 4
199 13
199 15
199 18
199 28
199 39
199 41
199 43
199 45
199 46
199 47
199 56
199 57
199 66
199 69
199 73
199 75
199 76
199 80
199 85
199 87
199 93
199 97
199 100
199 105
199 109
199 115
199 120
199 125
199 127
199 132
199 133
199 145
199 146
199 156
199 167
199 179
199 182
199 185
199 189
199 191
199 197
199 200
199 202
199 205
199 207
199 212
199 221
199 228
199 231
199 236
199 240
199 241
199 256
199 270
199 274
199 275
199 280
199 284
199 296
199 299
199 310
199 314
199 317
199 321
199 322
199 333
199 345
199 346
199 354
199 365
199 367
199 368
199 373
199 377
199 389
199 399
199 402
199 411
199 413
199 418
199 435
199 436
199 437
199 450
199 457
199 480
199 484
199 490
199 495
199 497
199 499
199 502
199 506
199 509
199 513
199 515
199 516
199 518
199 520
199 521
199 528
199 533
199 534
199 535
199 544
200 18
200 30
200 32
200 35
200 39
200 40
200 43
200 47
200 59
200 62
200 85
200 91
200 99
200 106
200 141
200 146
200 151
200 165
200 166
200 188
200 189
200 191
200 199
200 201
200 203
200 231
200 253
200 263
200 270
200 278
200 280
200 290
200 310
200 339
200 348
200 351
200 357
200 367
200 379
200 389
200 391
200 411
200 413
200 425
200 438
200 450
200 454
200 466
200 480
200 485
200 488
200 516
200 521
200 529
200 534
201 12
201 34
201 35
201 43
201 95
201 114
201 191
201 192
201 210
201 211
201 214
201 228
201 253
201 321
201 333
201 369
201 383
201 387
201 399
201 423
201 443
201 466
201 467
201 470
201 474
201 540
202 18
202 69
202 138
202 197
202 227
202 345
202 400
202 402
202 418
202 438
202 450
202 490
203 197
203 263
203 275
203 385
203 389
204 59
204 233
205 46
207 1
207 15
207 18
207 21
207 28
207 35
207 41
207 45
207 46
207 59
207 66
207 69
207 70
207 76
207 84
207 86
207 94
207 119
207 125
207 133
207 137
207 149
207 156
207 161
207 181
207 182
207 194
207 195
207 198
207 217
207 225
207 228
207 230
207 242
207 245
207 246
207 247
207 274
207 276
207 278
207 288
207 302
207 303
207 314
207 321
207 326
207 327
207 333
207 339
207 344
207 345
207 352
207 361
207 371
207 372
207 374
207 375
207 377
207 388
207 389
207 393
207 400
207 403
207 411
207 413
207 418
207 419
207 435
207 457
207 466
207 470
207 473
207 488
207 495
207 502
207 504
207 520
207 523
207 532
207 535
207 537
208 6
208 303
208 420
208 503
210 154
210 514
211 2
211 12
211 45
211 69
211 73
211 97
211 108
211 124
211 125
211 133
211 144
211 156
211 193
211 214
211 217
211 230
211 239
211 246
211 308
211 339
211 351
211 354
211 358
211 365
211 366
211 367
211 368
211 386
211 396
211 434
211 439
211 450
211 473
211 484
211 489
211 519
211 533
212 15
212 195
212 225
212 389
212 502
212 521
213 389
214 28
214 259
214 270
214 274
214 299
214 345
215 8
215 15
215 60
215 69
215 70
215 78
215 99
215 115
215 123
215 133
215 164
215 184
215 199
215 255
215 258
215 290
215 319
215 340
215 352
215 359
215 365
215 402
215 418
215 420
215 423
215 428
215 440
215 467
215 505
215 507
215 511
215 521
216 30
216 191
216 227
216 321
216 345
216 402
216 414
216 537
217 6
217 8
217 17
217 23
217 28
217 41
217 46
217 56
217 66
217 69
217 73
217 86
217 104
217 108
217 122
217 145
217 147
217 151
217 164
217 175
217 194
217 229
217 233
217 234
217 257
217 278
217 283
217 287
217 311
217 354
217 372
217 374
217 378
217 385
217 411
217 420
217 438
217 449
217 465
217 477
217 497
218 18
218 43
218 202
218 217
218 227
218 245
218 266
218 341
218 374
218 375
218 389
218 451
218 520
218 534
219 15
219 21
219 26
219 33
219 42
219 43
219 70
219 95
219 97
219 104
219 109
219 127
219 144
219 147
219 148
219 161
219 178
219 189
219 191
219 192
219 193
219 203
219 217
219 225
219 232
219 239
219 244
219 260
219 262
219 269
219 278
219 279
219 283
219 288
219 290
219 299
219 310
219 311
219 317
219 321
219 327
219 333
219 339
219 361
219 362
219 370
219 376
219 399
219 402
219 411
219 434
219 439
219 450
219 454
219 455
219 467
219 468
219 474
219 495
219 497
219 503
219 506
219 513
219 515
219 517
219 521
219 530
219 534
220 1
220 8
220 39
220 59
220 82
220 86
220 95
220 104
220 140
220 154
220 193
220 198
220 218
220 219
220 308
220 312
220 345
220 356
220 389
220 403
220 411
220 414
220 437
220 441
220 451
220 468
220 483
220 524
221 8
221 35
221 102
221 131
221 144
221 145
221 154
221 189
221 193
221 280
221 282
221 389
221 462
221 495
221 520
221 521
222 4
222 28
222 34
222 36
222 56
222 76
222 87
222 96
222 100
222 119
222 133
222 137
222 154
222 161
222 187
222 188
222 191
222 195
222 199
222 211
222 262
222 275
222 277
222 293
222 295
222 311
222 332
222 357
222 362
222 385
222 403
222 414
222 425
222 450
222 458
222 487
222 501
222 518
222 521
223 34
223 38
223 42
223 46
223 69
223 159
223 189
223 191
223 260
223 263
223 278
223 320
223 326
223 355
223 372
223 386
223 403
223 411
223 465
223 473
223 515
223 521
223 535
224 12
224 45
224 134
224 156
224 179
224 191
224 206
224 210
224 214
224 216
224 225
224 238
224 263
224 269
224 314
224 333
224 384
224 401
224 402
224 408
224 458
224 483
224 495
224 500
224 505
224 520
224 521
224 532
224 534
225 6
225 9
225 13
225 18
225 21
225 26
225 34
225 35
225 38
225 43
225 45
225 46
225 47
225 50
225 56
225 59
225 60
225 70
225 77
225 94
225 95
225 99
225 101
225 103
225 104
225 112
225 122
225 125
225 132
225 138
225 140
225 141
225 142
225 151
225 154
225 156
225 157
225 161
225 170
225 172
225 173
225 175
225 184
225 187
225 188
225 189
225 191
225 193
225 194
225 200
225 203
225 207
225 217
225 222
225 223
225 228
225 230
225 232
225 236
225 240
225 253
225 255
225 259
225 264
225 270
225 274
225 275
225 279
225 281
225 283
225 284
225 288
225 290
225 296
225 307
225 308
225 309
225 317
225 320
225 321
225 322
225 325
225 326
225 331
225 339
225 342
225 343
225 351
225 354
225 357
225 358
225 362
225 373
225 385
225 387
225 389
225 393
225 395
225 398
225 403
225 408
225 411
225 413
225 418
225 419
225 439
225 453
225 458
225 470
225 488
225 493
225 499
225 505
225 506
225 509
225 515
225 517
225 520
225 521
225 523
225 530
225 532
225 535
225 537
225 538
226 18
226 23
226 38
226 85
226 102
226 104
226 125
226 138
226 230
226 275
226 303
226 333
226 345
226 348
226 355
226 427
226 440
226 450
226 466
226 473
226 497
226 504
226 515
226 535
227 10
227 34
227 38
227 42
227 70
227 76
227 91
227 95
227 99
227 104
227 106
227 125
227 135
227 151
227 180
227 182
227 191
227 193
227 219
227 225
227 233
227 239
227 253
227 261
227 263
227 334
227 336
227 342
227 345
227 356
227 365
227 384
227 389
227 403
227 411
227 423
227 443
227 454
227 459
227 467
227 474
227 506
227 514
227 521
227 532
228 18
228 20
228 21
228 36
228 46
228 47
228 55
228 65
228 119
228 129
228 138
228 147
228 154
228 160
228 180
228 184
228 189
228 193
228 199
228 210
228 221
228 224
228 225
228 229
228 233
228 266
228 267
228 270
228 294
228 310
228 311
228 313
228 317
228 327
228 332
228 344
228 354
228 356
228 362
228 365
228 371
228 408
228 433
228 437
228 450
228 454
228 461
228 467
228 473
228 509
228 528
228 535
228 542
229 40
229 67
229 69
229 90
229 97
229 121
229 181
229 184
229 189
229 225
229 239
229 278
229 316
229 333
229 344
229 351
229 373
229 381
229 391
229 438
229 458
229 490
229 523
229 535
230 6
230 8
230 12
230 19
230 32
230 36
230 38
230 41
230 60
230 70
230 96
230 103
230 109
230 116
230 135
230 141
230 144
230 164
230 173
230 189
230 191
230 193
230 202
230 219
230 222
230 225
230 241
230 263
230 278
230 281
230 303
230 307
230 314
230 322
230 336
230 341
230 345
230 352
230 357
230 373
230 408
230 438
230 439
230 470
230 488
230 515
230 521
230 524
231 362
231 409
232 16
232 18
232 69
232 197
232 199
232 214
232 216
232 284
232 290
232 345
232 347
232 348
232 351
232 394
232 418
232 450
232 457
232 458
232 486
232 503
232 505
233 12
233 18
233 20
233 29
233 34
233 42
233 61
233 62
233 100
233 119
233 147
233 150
233 154
233 178
233 195
233 214
233 227
233 239
233 241
233 246
233 262
233 263
233 268
233 273
233 280
233 299
233 303
233 308
233 311
233 319
233 326
233 346
233 354
233 356
233 374
233 380
233 389
233 410
233 418
233 454
233 483
233 516
233 532
233 539
234 66
234 69
234 119
234 122
234 145
234 154
234 189
234 191
234 207
234 217
234 333
234 371
234 418
234 442
234 520
235 183
236 8
236 296
236 333
236 478
237 9
237 175
237 230
237 279
237 357
237 454
238 395
239 9
239 13
239 34
239 55
239 75
239 80
239 86
239 95
239 98
239 100
239 105
239 114
239 125
239 173
239 190
239 191
239 197
239 198
239 199
239 200
239 207
239 217
239 225
239 228
239 230
239 232
239 234
239 247
239 263
239 278
239 294
239 296
239 299
239 313
239 324
239 327
239 332
239 333
239 336
239 353
239 354
239 361
239 367
239 387
239 389
239 404
239 411
239 414
239 418
239 450
239 470
239 471
239 473
239 475
239 478
239 485
239 489
239 520
239 521
239 530
239 535
239 545
240 8
240 97
240 102
240 104
240 259
240 261
240 280
240 307
240 353
240 389
240 403
240 465
240 516
241 15
241 18
241 30
241 41
241 66
241 84
241 97
241 101
241 102
241 104
241 127
241 133
241 146
241 182
241 191
241 193
241 200
241 201
241 216
241 217
241 220
241 228
241 239
241 243
241 263
241 267
241 290
241 295
241 303
241 304
241 306
241 307
241 314
241 315
241 317
241 325
241 333
241 334
241 339
241 344
241 345
241 348
241 357
241 375
241 391
241 397
241 398
241 400
241 403
241 418
241 435
241 437
241 454
241 456
241 484
241 489
241 504
241 505
241 518
241 520
241 530
241 534
241 536
241 539
241 541
242 9
242 41
242 95
242 122
242 126
242 134
242 170
242 178
242 189
242 191
242 197
242 214
242 225
242 230
242 262
242 267
242 274
242 290
242 299
242 317
242 328
242 339
242 357
242 365
242 366
242 444
242 478
242 485
242 503
242 521
243 28
243 106
243 230
243 338
244 8
244 28
244 88
244 132
244 154
244 276
244 278
244 303
244 308
244 317
244 394
244 454
245 22
245 64
245 129
245 207
245 263
245 290
245 295
245 345
245 401
245 456
245 521
245 542
246 389
247 18
247 32
247 39
247 69
247 87
247 105
247 133
247 143
247 191
247 195
247 204
247 224
247 239
247 274
247 292
247 295
247 327
247 333
247 345
247 354
247 361
247 365
247 401
247 406
247 414
247 418
247 427
247 454
247 457
247 463
247 491
247 501
247 503
247 504
247 520
247 521
247 532
248 224
250 9
250 120
250 289
250 381
250 392
250 418
250 438
250 523
250 534
251 253
252 204
252 228
252 255
252 310
252 394
252 521
253 6
253 29
253 34
253 35
253 41
253 60
253 73
253 95
253 122
253 129
253 144
253 154
253 161
253 176
253 188
253 191
253 210
253 217
253 222
253 225
253 226
253 230
253 279
253 283
253 293
253 299
253 303
253 317
253 332
253 333
253 345
253 351
253 358
253 371
253 375
253 384
253 389
253 396
253 400
253 403
253 408
253 419
253 455
253 457
253 461
253 478
253 517
253 535
254 27
254 183
254 220
254 385
254 386
254 470
254 535
255 4
255 18
255 136
255 141
255 191
255 197
255 222
255 225
255 227
255 228
255 253
255 263
255 274
255 279
255 290
255 299
255 317
255 333
255 351
255 353
255 362
255 403
255 419
255 450
255 454
255 497
255 502
255 506
255 520
255 534
255 535
256 8
256 16
256 18
256 35
256 56
256 73
256 129
256 159
256 175
256 181
256 189
256 193
256 197
256 230
256 270
256 298
256 308
256 313
256 314
256 316
256 320
256 325
256 355
256 357
256 362
256 372
256 389
256 392
256 411
256 418
256 425
256 442
256 457
256 465
256 467
256 503
256 504
256 505
256 533
258 56
258 106
258 151
258 226
258 355
258 403
258 419
259 7
259 13
259 47
259 75
259 87
259 108
259 145
259 191
259 208
259 210
259 228
259 239
259 339
259 351
259 362
259 372
259 385
259 391
259 400
259 440
259 503
259 504
259 521
259 523
259 534
260 33
261 9
261 21
261 106
261 137
261 138
261 207
261 247
261 367
261 371
261 413
261 418
261 497
261 521
262 39
262 180
262 301
262 339
262 362
262 389
262 521
263 8
263 13
263 25
263 32
263 46
263 50
263 56
263 60
263 69
263 95
263 102
263 120
263 121
263 124
263 125
263 138
263 161
263 164
263 167
263 176
263 181
263 184
263 189
263 191
263 193
263 199
263 200
263 207
263 219
263 228
263 229
263 250
263 260
263 267
263 270
263 276
263 278
263 290
263 296
263 303
263 316
263 317
263 322
263 325
263 327
263 333
263 345
263 354
263 367
263 372
263 391
263 402
263 423
263 437
263 446
263 461
263 466
263 467
263 468
263 478
263 480
263 483
263 490
263 497
263 516
263 520
263 521
263 532
263 534
263 535
263 542
264 41
264 56
264 62
264 247
264 290
264 306
264 326
264 345
264 495
264 521
264 538
266 10
266 56
266 98
266 109
266 119
266 120
266 125
266 127
266 130
266 146
266 151
266 159
266 246
266 290
266 303
266 311
266 362
266 471
266 520
266 521
266 534
266 535
267 41
267 102
267 106
267 134
267 193
267 197
267 222
267 228
267 239
267 241
267 293
267 294
267 295
267 319
267 354
267 383
267 391
267 400
267 454
267 515
267 521
268 26
268 38
268 39
268 41
268 45
268 50
268 57
268 58
268 66
268 69
268 70
268 99
268 104
268 117
268 119
268 127
268 129
268 133
268 134
268 144
268 151
268 168
268 180
268 188
268 189
268 197
268 217
268 219
268 225
268 262
268 276
268 299
268 317
268 322
268 336
268 339
268 345
268 348
268 354
268 355
268 357
268 365
268 372
268 381
268 386
268 410
268 419
268 478
268 482
268 487
268 490
268 497
268 506
268 515
268 535
269 46
269 56
269 59
269 95
269 102
269 163
269 206
269 214
269 218
269 222
269 225
269 228
269 239
269 263
269 274
269 287
269 291
269 296
269 299
269 310
269 322
269 333
269 336
269 374
269 386
269 389
269 400
269 402
269 437
269 454
269 497
269 499
269 534
269 539
271 8
271 67
271 217
271 247
271 337
271 389
271 530
271 541
271 545
272 45
272 282
272 346
272 413
272 457
272 473
272 497
272 502
272 521
272 534
273 91
273 296
273 345
273 404
273 502
273 516
274 8
274 28
274 39
274 43
274 46
274 59
274 62
274 74
274 97
274 120
274 129
274 141
274 159
274 164
274 178
274 180
274 183
274 207
274 230
274 240
274 255
274 260
274 276
274 313
274 314
274 344
274 351
274 357
274 399
274 411
274 454
274 457
274 467
274 470
274 485
274 489
274 520
274 528
274 534
274 535
274 537
274 543
275 14
275 15
275 28
275 46
275 59
275 62
275 69
275 70
275 100
275 102
275 143
275 144
275 163
275 167
275 176
275 190
275 192
275 197
275 230
275 239
275 256
275 257
275 269
275 288
275 310
275 311
275 314
275 336
275 339
275 354
275 400
275 403
275 413
275 418
275 437
275 470
275 489
275 497
275 502
275 505
275 515
275 520
276 28
276 37
276 42
276 44
276 60
276 69
276 87
276 102
276 106
276 125
276 133
276 134
276 138
276 144
276 153
276 183
276 184
276 185
276 201
276 205
276 214
276 224
276 228
276 247
276 274
276 275
276 283
276 290
276 292
276 311
276 339
276 341
276 346
276 350
276 351
276 354
276 362
276 365
276 366
276 368
276 371
276 386
276 404
276 408
276 409
276 419
276 420
276 435
276 446
276 458
276 461
276 466
276 470
276 485
276 495
276 503
276 504
276 506
276 520
276 521
276 535
276 537
277 18
277 28
277 35
277 46
277 86
277 116
277 125
277 151
277 166
277 183
277 189
277 193
277 228
277 272
277 279
277 294
277 296
277 301
277 342
277 345
277 348
277 356
277 362
277 398
277 403
277 419
277 438
277 450
277 468
277 473
277 521
277 530
277 535
278 28
278 32
278 34
278 35
278 38
278 46
278 56
278 59
278 69
278 73
278 80
278 105
278 106
278 108
278 132
278 151
278 154
278 159
278 160
278 161
278 191
278 199
278 207
278 213
278 217
278 227
278 233
278 253
278 260
278 266
278 267
278 274
278 287
278 290
278 303
278 317
278 322
278 325
278 339
278 345
278 346
278 351
278 362
278 371
278 380
278 381
278 389
278 393
278 411
278 413
278 437
278 450
278 452
278 464
278 466
278 467
278 473
278 478
278 488
278 490
278 492
278 497
278 513
278 514
278 520
278 521
278 535
278 537
279 8
279 24
279 34
279 74
279 104
279 147
279 197
279 199
279 205
279 210
279 219
279 225
279 231
279 263
279 267
279 308
279 333
279 355
279 365
279 372
279 387
279 389
279 399
279 403
279 413
279 436
279 437
279 495
279 509
279 521
279 523
280 21
280 28
280 32
280 36
280 40
280 64
280 70
280 95
280 100
280 102
280 133
280 147
280 149
280 163
280 179
280 180
280 186
280 189
280 200
280 207
280 210
280 218
280 225
280 253
280 262
280 263
280 266
280 267
280 270
280 290
280 302
280 303
280 317
280 339
280 344
280 358
280 365
280 383
280 389
280 394
280 408
280 418
280 446
280 457
280 466
280 470
280 473
280 503
280 513
280 515
280 521
281 56
281 59
281 167
281 218
281 358
281 371
281 403
281 427
281 485
281 488
282 95
282 97
282 253
282 274
282 438
282 449
282 495
282 511
283 43
283 102
283 106
283 120
283 144
283 147
283 154
283 167
283 181
283 195
283 197
283 219
283 225
283 247
283 263
283 272
283 284
283 288
283 315
283 327
283 328
283 331
283 348
283 371
283 372
283 389
283 394
283 414
283 437
283 438
283 474
283 480
283 495
283 520
283 521
283 524
283 538
284 28
284 86
284 105
284 144
284 146
284 185
284 189
284 191
284 193
284 201
284 214
284 239
284 241
284 247
284 296
284 304
284 327
284 394
284 403
284 410
284 419
284 425
284 433
284 454
284 505
284 515
284 520
284 535
285 66
285 263
285 310
285 405
285 455
285 521
285 523
286 128
286 314
286 362
287 15
287 60
287 66
287 126
287 127
287 133
287 156
287 165
287 197
287 207
287 270
287 279
287 310
287 333
287 348
287 352
287 392
287 400
287 438
287 442
287 457
287 489
287 497
287 505
288 66
288 115
288 117
288 119
288 197
288 207
288 218
288 219
288 259
288 303
288 310
288 320
288 521
288 523
288 537
288 542
289 43
289 45
289 109
289 197
289 200
289 219
289 371
290 6
290 41
290 102
290 119
290 193
290 199
290 256
290 333
290 344
290 418
290 494
290 520
290 535
291 514
292 304
293 356
294 6
294 13
294 18
294 21
294 62
294 95
294 122
294 127
294 154
294 170
294 182
294 211
294 221
294 224
294 225
294 232
294 244
294 262
294 263
294 272
294 296
294 345
294 413
294 466
294 468
294 488
294 497
294 502
294 514
294 515
294 516
294 521
294 528
294 534
295 9
295 10
295 40
295 57
295 70
295 85
295 95
295 105
295 119
295 125
295 127
295 129
295 183
295 197
295 207
295 215
295 224
295 225
295 230
295 239
295 254
295 270
295 296
295 304
295 313
295 321
295 328
295 332
295 342
295 402
295 410
295 419
295 437
295 457
295 466
295 474
295 480
295 497
295 515
295 516
295 520
295 521
295 534
296 35
296 38
296 41
296 43
296 45
296 59
296 64
296 69
296 83
296 85
296 87
296 93
296 97
296 100
296 104
296 106
296 114
296 122
296 124
296 140
296 144
296 149
296 150
296 154
296 182
296 193
296 197
296 199
296 204
296 207
296 216
296 217
296 218
296 219
296 220
296 223
296 225
296 228
296 230
296 233
296 240
296 245
296 253
296 260
296 268
296 269
296 270
296 282
296 284
296 287
296 290
296 294
296 299
296 309
296 310
296 314
296 315
296 320
296 321
296 322
296 325
296 326
296 327
296 328
296 333
296 336
296 339
296 341
296 345
296 354
296 359
296 368
296 372
296 389
296 394
296 399
296 403
296 437
296 438
296 450
296 454
296 457
296 474
296 485
296 488
296 489
296 495
296 504
296 505
296 509
296 516
296 520
296 532
296 534
296 535
297 59
297 373
297 521
298 352
298 542
299 1
299 10
299 18
299 28
299 30
299 39
299 41
299 51
299 56
299 57
299 59
299 67
299 69
299 80
299 84
299 95
299 96
299 97
299 105
299 108
299 109
299 114
299 119
299 125
299 129
299 132
299 144
299 147
299 149
299 154
299 156
299 164
299 165
299 176
299 179
299 181
299 185
299 189
299 191
299 192
299 193
299 198
299 202
299 204
299 210
299 214
299 218
299 220
299 222
299 230
299 233
299 239
299 244
299 253
299 260
299 261
299 263
299 276
299 277
299 278
299 280
299 290
299 310
299 313
299 317
299 322
299 325
299 326
299 333
299 334
299 336
299 339
299 354
299 355
299 357
299 373
299 375
299 381
299 383
299 384
299 387
299 389
299 392
299 399
299 400
299 403
299 411
299 419
299 426
299 427
299 430
299 432
299 437
299 450
299 451
299 454
299 455
299 457
299 461
299 467
299 473
299 486
299 490
299 493
299 495
299 497
299 504
299 505
299 518
299 519
299 520
299 521
299 523
299 524
299 530
299 532
299 534
299 535
299 543
300 146
300 176
300 371
300 520
301 28
301 466
302 8
302 15
302 28
302 46
302 47
302 56
302 75
302 104
302 122
302 154
302 191
302 193
302 197
302 219
302 224
302 226
302 232
302 239
302 269
302 290
302 299
302 314
302 316
302 334
302 354
302 361
302 371
302 372
302 396
302 436
302 460
302 505
302 521
302 530
303 15
303 18
303 28
303 40
303 47
303 49
303 62
303 66
303 72
303 87
303 95
303 102
303 104
303 121
303 125
303 132
303 141
303 156
303 158
303 188
303 189
303 195
303 197
303 200
303 210
303 225
303 232
303 274
303 290
303 299
303 316
303 326
303 333
303 334
303 339
303 346
303 356
303 362
303 375
303 391
303 399
303 401
303 408
303 413
303 418
303 454
303 461
303 470
303 471
303 497
303 515
303 520
303 521
303 523
303 532
303 535
304 22
304 28
304 35
304 41
304 45
304 46
304 47
304 64
304 69
304 75
304 95
304 100
304 105
304 106
304 133
304 134
304 138
304 144
304 147
304 151
304 164
304 165
304 173
304 175
304 184
304 191
304 193
304 197
304 199
304 214
304 225
304 233
304 255
304 262
304 266
304 296
304 299
304 308
304 311
304 313
304 316
304 326
304 332
304 333
304 346
304 348
304 351
304 354
304 357
304 362
304 380
304 389
304 400
304 401
304 411
304 422
304 430
304 437
304 456
304 473
304 495
304 504
304 517
304 521
304 523
305 24
305 114
305 132
305 277
305 290
305 294
305 315
305 336
305 357
305 362
305 520
305 530
305 535
306 31
306 66
306 133
306 148
306 154
306 156
306 165
306 174
306 191
306 225
306 228
306 253
306 263
306 278
306 296
306 299
306 311
306 326
306 330
306 339
306 355
306 389
306 396
306 414
306 418
306 451
306 482
306 495
306 504
306 528
306 530
306 533
306 535
306 537
306 544
307 34
307 97
307 190
307 238
307 521
308 42
308 46
308 109
308 125
308 129
308 144
308 184
308 199
308 217
308 225
308 239
308 247
308 253
308 263
308 274
308 285
308 287
308 288
308 290
308 296
308 309
308 317
308 321
308 345
308 354
308 361
308 371
308 393
308 422
308 425
308 439
308 459
308 506
308 514
308 516
309 437
309 532
310 8
310 20
310 28
310 32
310 35
310 43
310 46
310 47
310 56
310 60
310 61
310 69
310 121
310 132
310 133
310 138
310 143
310 144
310 149
310 151
310 155
310 161
310 163
310 167
310 184
310 189
310 197
310 201
310 210
310 217
310 219
310 225
310 226
310 228
310 232
310 252
310 262
310 270
310 275
310 283
310 287
310 288
310 290
310 296
310 304
310 313
310 314
310 333
310 344
310 356
310 365
310 372
310 387
310 389
310 396
310 400
310 401
310 402
310 437
310 438
310 439
310 455
310 464
310 466
310 474
310 495
310 497
310 502
310 505
310 520
310 521
310 523
310 532
311 32
311 35
311 52
311 73
311 120
311 122
311 150
311 176
311 184
311 191
311 197
311 219
311 239
311 245
311 253
311 262
311 263
311 267
311 278
311 280
311 288
311 290
311 294
311 295
311 299
311 301
311 303
311 321
311 322
311 327
311 328
311 351
311 394
311 404
311 414
311 419
311 421
311 435
311 438
311 450
311 464
311 473
311 485
311 488
311 495
311 504
311 505
311 542
313 15
313 18
313 20
313 28
313 41
313 42
313 43
313 55
313 59
313 69
313 85
313 96
313 102
313 105
313 125
313 133
313 150
313 151
313 164
313 183
313 189
313 197
313 218
313 223
313 225
313 227
313 236
313 244
313 259
313 263
313 270
313 275
313 276
313 288
313 294
313 299
313 321
313 322
313 327
313 333
313 334
313 356
313 357
313 362
313 367
313 372
313 380
313 385
313 387
313 392
313 401
313 403
313 411
313 413
313 445
313 450
313 467
313 489
313 497
313 518
313 521
313 523
313 530
313 537
313 538
314 6
314 35
314 119
314 184
314 231
314 299
314 311
314 354
314 419
314 513
314 523
315 23
315 97
315 100
315 127
315 135
315 191
315 255
315 276
315 285
315 300
315 310
315 357
315 367
315 372
315 390
315 457
315 537
316 8
316 43
316 96
316 188
316 193
316 197
316 199
316 217
316 225
316 308
316 333
316 378
316 413
316 438
316 487
316 513
316 521
316 534
317 6
317 9
317 26
317 28
317 43
317 46
317 59
317 60
317 64
317 75
317 76
317 85
317 122
317 129
317 144
317 151
317 154
317 161
317 176
317 180
317 184
317 188
317 191
317 197
317 198
317 199
317 200
317 206
317 207
317 219
317 220
317 222
317 224
317 228
317 239
317 240
317 241
317 245
317 262
317 263
317 266
317 267
317 273
317 284
317 290
317 296
317 327
317 332
317 333
317 339
317 345
317 352
317 354
317 371
317 374
317 375
317 380
317 383
317 385
317 387
317 389
317 401
317 402
317 403
317 418
317 437
317 438
317 450
317 451
317 457
317 466
317 479
317 495
317 497
317 515
317 520
317 521
317 533
317 534
317 535
317 539
317 541
317 542
318 217
318 545
319 9
319 18
319 30
319 73
319 102
319 106
319 138
319 144
319 147
319 154
319 191
319 225
319 267
319 279
319 296
319 333
319 362
319 389
319 457
319 480
319 500
320 18
320 129
320 151
320 197
320 210
320 219
320 227
320 239
320 356
320 367
320 439
320 461
320 497
320 521
320 535
320 537
321 36
321 40
321 47
321 62
321 106
321 144
321 145
321 160
321 164
321 178
321 200
321 224
321 239
321 259
321 279
321 311
321 327
321 331
321 333
321 345
321 346
321 418
321 437
321 451
321 454
321 489
321 495
321 497
321 503
321 506
321 515
321 521
321 535
322 85
322 478
322 515
322 521
323 105
323 207
323 245
323 348
323 400
323 520
324 69
324 99
324 282
324 339
324 384
324 521
325 32
325 197
325 198
325 239
325 266
325 333
326 7
326 15
326 18
326 21
326 28
326 35
326 39
326 43
326 46
326 55
326 62
326 63
326 70
326 95
326 96
326 100
326 105
326 106
326 114
326 117
326 120
326 144
326 151
326 154
326 164
326 195
326 200
326 202
326 216
326 218
326 233
326 239
326 253
326 262
326 263
326 296
326 299
326 310
326 317
326 321
326 327
326 328
326 334
326 336
326 339
326 342
326 343
326 344
326 349
326 352
326 353
326 358
326 362
326 368
326 372
326 381
326 386
326 387
326 390
326 402
326 403
326 408
326 411
326 413
326 418
326 430
326 450
326 454
326 457
326 473
326 495
326 505
326 506
326 511
326 514
326 516
326 521
326 533
326 537
328 1
328 197
328 355
330 8
330 62
330 70
330 95
330 503
331 270
331 333
331 351
331 535
333 6
333 9
333 13
333 14
333 15
333 18
333 21
333 22
333 40
333 46
333 57
333 59
333 67
333 70
333 72
333 93
333 102
333 109
333 125
333 135
333 142
333 154
333 155
333 170
333 175
333 184
333 189
333 191
333 197
333 207
333 213
333 217
333 219
333 220
333 225
333 228
333 230
333 244
333 254
333 261
333 263
333 266
333 274
333 277
333 278
333 281
333 288
333 290
333 294
333 296
333 304
333 317
333 321
333 322
333 332
333 336
333 338
333 339
333 346
333 348
333 352
333 356
333 367
333 370
333 375
333 383
333 386
333 389
333 398
333 402
333 408
333 411
333 414
333 418
333 423
333 433
333 435
333 436
333 438
333 439
333 444
333 450
333 451
333 454
333 457
333 458
333 465
333 466
333 467
333 470
333 473
333 480
333 495
333 502
333 505
333 509
333 521
333 534
333 535
334 66
334 130
334 143
334 193
334 202
334 225
334 233
334 253
334 256
334 283
334 284
334 287
334 299
334 311
334 314
334 326
334 333
334 336
334 345
334 389
334 395
334 419
334 437
334 439
334 444
334 502
334 503
334 513
334 521
334 535
334 539
336 8
336 19
336 27
336 35
336 41
336 43
336 46
336 47
336 67
336 73
336 85
336 97
336 119
336 154
336 181
336 182
336 193
336 197
336 225
336 228
336 239
336 259
336 261
336 268
336 274
336 279
336 288
336 296
336 299
336 303
336 310
336 313
336 341
336 356
336 365
336 389
336 400
336 401
336 402
336 403
336 410
336 414
336 450
336 454
336 470
336 473
336 489
336 503
336 505
336 521
336 535
336 541
338 22
338 28
338 33
338 43
338 45
338 69
338 96
338 127
338 133
338 143
338 144
338 145
338 154
338 165
338 188
338 193
338 197
338 199
338 200
338 204
338 211
338 217
338 228
338 232
338 234
338 239
338 244
338 260
338 262
338 270
338 281
338 283
338 284
338 339
338 341
338 342
338 351
338 353
338 354
338 356
338 362
338 365
338 367
338 380
338 385
338 389
338 401
338 402
338 422
338 423
338 437
338 439
338 442
338 454
338 455
338 470
338 474
338 483
338 500
338 505
338 509
338 518
338 520
338 521
338 534
339 4
339 9
339 28
339 39
339 45
339 56
339 66
339 86
339 100
339 144
339 166
339 191
339 197
339 207
339 216
339 217
339 239
339 244
339 266
339 267
339 269
339 297
339 303
339 310
339 325
339 404
339 411
339 412
339 418
339 419
339 423
339 454
339 455
339 457
339 489
339 495
339 497
339 513
339 516
339 521
339 523
339 533
340 28
340 87
340 134
340 143
340 144
340 146
340 173
340 230
340 244
340 260
340 263
340 282
340 312
340 345
340 355
340 385
340 387
340 389
340 418
340 461
340 474
341 28
341 64
341 127
341 165
341 190
341 191
341 322
341 333
341 373
341 515
341 532
342 18
342 28
342 39
342 42
342 105
342 133
342 185
342 188
342 191
342 200
342 217
342 244
342 253
342 266
342 275
342 333
342 351
342 386
342 403
342 410
342 414
342 418
342 430
342 434
342 505
342 508
342 515
342 521
343 8
343 32
343 70
343 86
343 193
343 333
344 28
344 39
344 61
344 69
344 138
344 144
344 176
344 182
344 183
344 193
344 197
344 214
344 230
344 231
344 233
344 253
344 255
344 258
344 263
344 283
344 299
344 314
344 320
344 325
344 327
344 345
344 351
344 395
344 396
344 400
344 402
344 410
344 418
344 419
344 457
344 488
344 535
345 8
345 13
345 19
345 29
345 32
345 38
345 46
345 56
345 59
345 62
345 66
345 67
345 69
345 70
345 75
345 93
345 96
345 104
345 106
345 116
345 124
345 127
345 129
345 144
345 147
345 154
345 156
345 159
345 160
345 168
345 176
345 181
345 182
345 191
345 193
345 195
345 197
345 200
345 201
345 210
345 214
345 218
345 220
345 241
345 246
345 247
345 253
345 255
345 262
345 267
345 270
345 275
345 276
345 279
345 281
345 283
345 287
345 290
345 310
345 317
345 321
345 326
345 333
345 336
345 339
345 352
345 356
345 357
345 373
345 385
345 389
345 391
345 408
345 413
345 437
345 455
345 489
345 497
345 502
345 503
345 509
345 520
345 521
345 535
346 47
346 102
346 144
346 211
346 239
346 259
346 263
346 271
346 279
346 334
346 336
346 344
346 354
346 358
346 365
346 385
346 389
346 404
346 437
347 227
347 245
347 274
347 345
349 97
349 165
349 182
349 184
349 255
349 263
349 290
349 380
349 455
349 501
349 520
349 521
350 275
350 451
351 26
351 28
351 33
351 38
351 46
351 66
351 72
351 95
351 96
351 119
351 122
351 125
351 129
351 134
351 138
351 180
351 197
351 199
351 210
351 217
351 228
351 239
351 243
351 255
351 280
351 299
351 304
351 345
351 354
351 355
351 361
351 367
351 372
351 373
351 404
351 406
351 423
351 434
351 437
351 450
351 515
351 520
351 521
351 535
351 542
352 8
352 59
352 161
352 200
352 214
352 223
352 263
352 309
352 371
352 374
352 435
353 41
353 57
353 96
353 97
353 164
353 207
353 230
353 262
353 299
353 355
353 403
353 418
353 425
353 521
354 380
355 35
355 38
355 62
355 69
355 95
355 119
355 125
355 138
355 147
355 193
355 199
355 214
355 230
355 259
355 279
355 308
355 313
355 322
355 339
355 344
355 345
355 383
355 384
355 401
355 411
355 413
355 432
355 450
355 457
355 472
355 497
355 505
355 513
355 521
355 538
356 6
356 8
356 22
356 28
356 32
356 41
356 55
356 73
356 103
356 127
356 129
356 144
356 159
356 176
356 184
356 191
356 197
356 240
356 241
356 243
356 262
356 264
356 266
356 269
356 276
356 278
356 289
356 290
356 305
356 327
356 371
356 380
356 381
356 383
356 389
356 397
356 399
356 406
356 411
356 425
356 441
356 449
356 485
356 489
356 497
356 502
356 513
356 521
356 538
357 4
357 7
357 9
357 12
357 13
357 15
357 18
357 21
357 39
357 64
357 67
357 76
357 85
357 95
357 100
357 122
357 125
357 129
357 164
357 197
357 199
357 207
357 239
357 241
357 262
357 269
357 271
357 274
357 276
357 280
357 303
357 310
357 322
357 327
357 338
357 351
357 372
357 380
357 387
357 418
357 442
357 444
357 450
357 474
357 488
357 490
357 502
357 504
357 520
357 521
357 540
358 6
358 32
358 45
358 52
358 62
358 125
358 154
358 182
358 183
358 189
358 191
358 197
358 211
358 233
358 236
358 245
358 274
358 275
358 276
358 296
358 333
358 341
358 365
358 380
358 434
358 480
358 482
358 485
358 530
358 532
359 43
359 69
359 109
359 124
359 125
359 129
359 132
359 134
359 184
359 189
359 218
359 230
359 236
359 239
359 240
359 241
359 263
359 286
359 287
359 288
359 299
359 345
359 352
359 356
359 384
359 389
359 400
359 403
359 438
359 445
359 473
359 478
359 480
359 485
359 503
359 504
359 534
359 535
359 538
359 542
360 28
360 45
360 69
360 207
360 216
360 233
360 310
360 504
360 521
361 59
361 100
361 133
361 143
361 154
361 164
361 198
361 218
361 275
361 277
361 280
361 336
361 403
361 434
361 457
361 466
361 504
361 520
361 521
361 533
361 535
362 6
362 9
362 18
362 22
362 30
362 33
362 35
362 52
362 59
362 67
362 73
362 95
362 96
362 99
362 102
362 119
362 126
362 134
362 145
362 176
362 188
362 191
362 196
362 199
362 214
362 216
362 233
362 239
362 241
362 255
362 275
362 281
362 282
362 287
362 299
362 303
362 314
362 321
362 325
362 339
362 345
362 366
362 371
362 391
362 403
362 438
362 443
362 444
362 454
362 457
362 476
362 484
362 485
362 489
362 505
362 509
362 521
362 523
362 534
362 535
363 12
363 18
363 26
363 62
363 95
363 193
363 200
363 207
363 454
363 503
364 60
364 473
365 14
365 15
365 19
365 27
365 31
365 35
365 41
365 43
365 44
365 45
365 50
365 55
365 60
365 66
365 86
365 102
365 130
365 147
365 151
365 164
365 176
365 183
365 189
365 197
365 201
365 207
365 217
365 218
365 257
365 262
365 263
365 270
365 274
365 313
365 314
365 319
365 327
365 333
365 339
365 356
365 367
365 371
365 383
365 384
365 385
365 386
365 389
365 399
365 408
365 411
365 423
365 434
365 438
365 439
365 454
365 478
365 489
365 500
365 505
365 511
365 515
365 521
365 523
365 532
366 28
366 87
366 119
366 193
366 310
366 326
366 351
366 438
366 504
366 516
367 228
368 35
368 64
368 69
368 84
368 114
368 176
368 197
368 226
368 232
368 240
368 250
368 263
368 287
368 296
368 339
368 345
368 354
368 360
368 365
368 394
368 397
368 411
368 450
368 507
368 530
368 541
369 41
369 299
370 43
370 46
370 95
370 102
370 134
370 182
370 215
370 232
370 275
370 299
370 345
370 399
370 514
370 530
371 8
371 47
371 69
371 144
371 170
371 176
371 217
371 225
371 232
371 277
371 362
371 389
371 419
371 495
371 503
372 28
372 32
372 43
372 69
372 75
372 86
372 99
372 106
372 108
372 127
372 135
372 144
372 154
372 156
372 165
372 184
372 185
372 199
372 207
372 222
372 225
372 241
372 246
372 262
372 263
372 270
372 277
372 284
372 285
372 311
372 313
372 314
372 325
372 332
372 333
372 345
372 354
372 355
372 360
372 362
372 366
372 367
372 373
372 402
372 406
372 408
372 426
372 441
372 457
372 480
372 497
372 501
372 513
372 520
372 521
372 535
373 34
373 39
373 98
373 101
373 104
373 105
373 107
373 144
373 155
373 156
373 176
373 182
373 189
373 190
373 195
373 199
373 200
373 227
373 239
373 270
373 278
373 320
373 342
373 389
373 408
373 418
373 423
373 467
373 468
373 508
373 534
373 535
374 45
374 222
374 430
375 19
375 32
375 133
375 191
375 200
375 211
375 239
375 244
375 279
375 281
375 290
375 333
375 380
375 429
375 444
375 454
375 497
375 516
375 520
375 521
376 30
376 196
376 266
376 267
376 317
376 355
376 385
376 480
376 503
376 521
377 34
377 44
377 70
377 73
377 151
377 193
377 228
377 263
377 354
377 389
377 399
377 520
377 521
377 530
379 420
380 20
380 28
380 31
380 36
380 53
380 69
380 97
380 100
380 105
380 143
380 176
380 180
380 210
380 228
380 230
380 371
380 438
380 465
380 520
380 535
383 10
383 20
383 34
383 44
383 45
383 56
383 59
383 69
383 75
383 95
383 102
383 103
383 122
383 124
383 133
383 146
383 147
383 154
383 160
383 188
383 189
383 200
383 207
383 216
383 223
383 228
383 229
383 233
383 239
383 240
383 250
383 259
383 260
383 263
383 270
383 274
383 299
383 303
383 310
383 314
383 319
383 327
383 333
383 357
383 358
383 362
383 371
383 378
383 385
383 389
383 399
383 404
383 411
383 419
383 456
383 461
383 477
383 488
383 489
383 491
383 497
383 503
383 520
383 532
383 535
383 541
384 6
384 38
384 39
384 75
384 101
384 144
384 155
384 214
384 232
384 263
384 333
384 418
384 454
384 489
384 509
385 69
385 96
385 134
385 191
385 197
385 262
385 356
385 373
385 438
385 504
385 541
386 197
386 263
386 293
386 403
386 488
387 28
387 56
387 69
387 85
387 102
387 128
387 134
387 148
387 151
387 154
387 161
387 168
387 188
387 189
387 197
387 225
387 228
387 232
387 233
387 253
387 266
387 280
387 281
387 296
387 310
387 321
387 354
387 389
387 398
387 405
387 454
387 489
387 503
387 513
387 530
388 28
388 104
388 129
388 197
388 345
389 2
389 4
389 7
389 10
389 12
389 13
389 20
389 28
389 29
389 38
389 40
389 41
389 43
389 45
389 46
389 51
389 52
389 55
389 56
389 57
389 62
389 69
389 70
389 72
389 73
389 75
389 84
389 85
389 87
389 95
389 96
389 101
389 102
389 105
389 106
389 119
389 122
389 125
389 129
389 132
389 133
389 138
389 144
389 145
389 146
389 156
389 160
389 181
389 189
389 191
389 193
389 197
389 200
389 202
389 207
389 217
389 225
389 228
389 230
389 232
389 239
389 241
389 253
389 260
389 262
389 267
389 270
389 272
389 278
389 280
389 281
389 290
389 292
389 295
389 296
389 304
389 308
389 310
389 311
389 313
389 315
389 317
389 333
389 338
389 339
389 342
389 345
389 346
389 352
389 354
389 366
389 371
389 372
389 375
389 383
389 385
389 386
389 387
389 394
389 400
389 402
389 403
389 411
389 413
389 414
389 418
389 423
389 425
389 437
389 438
389 442
389 444
389 447
389 451
389 454
389 457
389 463
389 467
389 470
389 471
389 473
389 474
389 478
389 480
389 484
389 485
389 486
389 489
389 490
389 493
389 495
389 497
389 501
389 504
389 505
389 515
389 516
389 518
389 519
389 521
389 533
389 534
389 535
389 537
390 10
390 39
390 97
390 138
390 170
390 279
390 454
390 465
391 66
391 69
391 234
391 246
391 284
391 293
391 354
391 402
391 433
392 6
392 20
392 28
392 45
392 85
392 102
392 149
392 152
392 197
392 233
392 250
392 263
392 267
392 344
392 365
392 437
392 486
393 18
393 24
393 34
393 44
393 45
393 56
393 64
393 73
393 84
393 117
393 147
393 164
393 199
393 225
393 230
393 327
393 333
393 368
393 413
393 419
393 425
393 472
393 478
394 60
394 64
394 102
394 106
394 127
394 227
394 256
394 260
394 272
394 314
394 344
394 356
394 423
395 199
395 279
396 8
396 28
396 59
396 67
396 100
396 144
396 211
396 217
396 256
396 259
396 263
396 267
396 275
396 278
396 299
396 321
396 345
396 350
396 383
396 389
396 414
396 465
396 490
396 495
396 514
396 520
396 523
396 524
396 535
398 16
398 199
398 207
398 389
398 521
399 1
399 8
399 18
399 28
399 36
399 39
399 40
399 59
399 70
399 80
399 105
399 108
399 115
399 122
399 125
399 141
399 144
399 154
399 180
399 181
399 184
399 189
399 216
399 222
399 240
399 241
399 249
399 250
399 263
399 274
399 278
399 288
399 290
399 291
399 296
399 297
399 310
399 317
399 343
399 357
399 365
399 372
399 375
399 377
399 389
399 410
399 411
399 420
399 450
399 454
399 457
399 461
399 465
399 474
399 484
399 485
399 505
399 506
399 514
399 520
399 535
399 541
400 1
400 6
400 7
400 39
400 40
400 59
400 70
400 86
400 117
400 119
400 122
400 142
400 154
400 190
400 191
400 204
400 216
400 219
400 228
400 230
400 239
400 256
400 260
400 262
400 270
400 278
400 290
400 308
400 310
400 333
400 354
400 373
400 386
400 391
400 394
400 399
400 411
400 439
400 450
400 454
400 457
400 475
400 495
400 505
400 509
400 517
400 520
400 521
400 529
401 20
401 28
401 42
401 47
401 50
401 56
401 65
401 90
401 95
401 100
401 102
401 105
401 117
401 125
401 127
401 132
401 144
401 151
401 155
401 156
401 184
401 191
401 193
401 207
401 217
401 230
401 231
401 263
401 274
401 275
401 278
401 284
401 289
401 290
401 299
401 303
401 317
401 326
401 329
401 332
401 333
401 336
401 348
401 351
401 356
401 367
401 371
401 380
401 389
401 400
401 450
401 451
401 501
401 503
401 505
401 515
401 523
401 542
404 145
404 176
404 364
404 389
404 411
404 435
404 503
404 513
404 521
405 80
405 99
405 124
405 215
405 230
405 263
405 270
405 311
405 345
405 419
405 454
405 523
405 535
406 60
406 230
406 256
406 308
406 317
406 344
406 354
406 506
406 521
408 13
408 19
408 28
408 34
408 51
408 57
408 59
408 60
408 64
408 69
408 75
408 85
408 86
408 115
408 116
408 133
408 147
408 151
408 154
408 159
408 167
408 176
408 188
408 197
408 207
408 217
408 225
408 227
408 228
408 229
408 230
408 240
408 242
408 263
408 270
408 271
408 272
408 275
408 280
408 295
408 299
408 308
408 313
408 318
408 321
408 333
408 345
408 351
408 354
408 356
408 362
408 366
408 367
408 370
408 371
408 374
408 375
408 394
408 400
408 423
408 437
408 438
408 450
408 454
408 457
408 465
408 467
408 478
408 485
408 511
408 515
408 520
408 521
408 524
408 532
408 535
408 537
408 539
409 103
409 125
409 184
409 256
409 288
409 295
409 299
409 354
409 384
409 396
409 423
410 4
410 10
410 36
410 39
410 59
410 62
410 69
410 82
410 101
410 143
410 145
410 147
410 180
410 198
410 210
410 219
410 228
410 246
410 274
410 275
410 315
410 326
410 332
410 333
410 345
410 350
410 351
410 389
410 403
410 418
410 444
410 454
410 457
410 473
410 485
410 503
410 506
410 513
410 520
410 521
411 1
411 2
411 6
411 7
411 8
411 13
411 28
411 35
411 36
411 38
411 41
411 50
411 51
411 59
411 60
411 64
411 69
411 95
411 96
411 97
411 102
411 105
411 108
411 119
411 129
411 134
411 146
411 151
411 155
411 159
411 161
411 164
411 170
411 180
411 195
411 197
411 207
411 211
411 222
411 225
411 228
411 233
411 242
411 244
411 247
411 259
411 262
411 267
411 275
411 280
411 284
411 288
411 290
411 299
411 308
411 310
411 327
411 328
411 336
411 352
411 354
411 356
411 357
411 367
411 371
411 373
411 380
411 389
411 393
411 401
411 413
411 432
411 435
411 442
411 443
411 451
411 455
411 480
411 490
411 497
411 505
411 506
411 515
411 521
411 533
411 535
412 127
412 274
412 356
412 389
412 395
412 402
413 13
413 32
413 38
413 39
413 43
413 59
413 73
413 102
413 127
413 181
413 183
413 191
413 211
413 212
413 217
413 239
413 262
413 270
413 287
413 311
413 313
413 317
413 327
413 356
413 378
413 383
413 389
413 397
413 418
413 437
413 459
413 461
413 467
413 473
413 488
413 503
413 515
413 521
414 5
414 31
414 32
414 34
414 42
414 44
414 47
414 55
414 70
414 93
414 100
414 103
414 130
414 147
414 160
414 177
414 189
414 191
414 194
414 197
414 217
414 224
414 263
414 292
414 315
414 317
414 325
414 344
414 345
414 357
414 371
414 380
414 389
414 401
414 457
414 466
414 468
414 474
414 485
414 497
414 504
414 520
415 389
415 521
417 28
417 70
417 95
417 97
417 263
417 317
417 354
417 404
417 413
417 430
417 438
418 28
418 34
418 47
418 69
418 86
418 97
418 106
418 125
418 150
418 160
418 167
418 176
418 193
418 199
418 200
418 217
418 230
418 262
418 263
418 267
418 276
418 288
418 299
418 315
418 333
418 356
418 373
418 384
418 389
418 394
418 398
418 400
418 419
418 422
418 423
418 429
418 437
418 439
418 455
418 467
418 492
418 495
418 503
418 520
418 530
418 532
418 535
419 4
419 28
419 34
419 35
419 41
419 55
419 60
419 69
419 85
419 86
419 117
419 121
419 144
419 146
419 150
419 152
419 182
419 191
419 192
419 193
419 199
419 214
419 217
419 225
419 228
419 230
419 231
419 259
419 263
419 269
419 272
419 274
419 278
419 282
419 283
419 296
419 315
419 327
419 333
419 345
419 348
419 351
419 365
419 386
419 395
419 403
419 411
419 438
419 442
419 455
419 467
419 474
419 489
419 516
419 518
419 532
419 535
420 17
420 70
420 164
420 189
420 210
420 257
420 275
420 335
420 402
421 8
421 30
421 47
421 56
421 129
421 154
421 183
421 197
421 267
421 268
421 278
421 279
421 368
421 370
421 372
421 389
421 392
421 411
421 451
421 521
422 19
422 45
422 46
422 71
422 104
422 144
422 147
422 197
422 228
422 346
422 367
422 485
422 503
422 515
423 12
423 32
423 38
423 43
423 69
423 75
423 99
423 105
423 122
423 133
423 147
423 183
423 184
423 227
423 231
423 253
423 256
423 269
423 303
423 317
423 339
423 351
423 356
423 370
423 371
423 389
423 393
423 402
423 408
423 417
423 445
423 485
423 489
423 501
423 515
425 8
425 15
425 17
425 45
425 67
425 75
425 93
425 104
425 132
425 189
425 191
425 192
425 199
425 210
425 217
425 225
425 239
425 242
425 245
425 260
425 263
425 275
425 303
425 304
425 327
425 333
425 344
425 345
425 348
425 355
425 356
425 373
425 377
425 383
425 394
425 396
425 401
425 403
425 408
425 413
425 427
425 437
425 441
425 454
425 461
425 480
425 516
425 518
425 520
425 521
425 541
427 538
428 216
429 9
429 213
429 510
430 27
430 156
430 253
430 263
430 276
430 313
430 372
430 389
430 400
431 66
431 143
431 164
431 197
431 225
431 229
431 269
431 289
431 336
431 384
431 401
431 471
431 504
431 532
432 365
432 450
432 499
433 191
433 193
433 207
433 231
433 239
433 262
433 290
433 381
433 411
433 450
433 473
434 102
434 127
434 130
434 191
434 197
434 225
434 262
434 289
434 339
434 389
434 413
434 454
434 501
434 520
435 22
435 34
435 46
435 64
435 69
435 75
435 87
435 157
435 176
435 217
435 219
435 288
435 299
435 361
435 414
435 489
435 521
436 102
436 160
436 219
436 263
437 276
437 490
438 28
438 43
438 100
438 102
438 109
438 150
438 151
438 162
438 182
438 184
438 191
438 197
438 235
438 239
438 259
438 272
438 275
438 276
438 277
438 325
438 333
438 340
438 357
438 362
438 367
438 389
438 394
438 401
438 402
438 411
438 414
438 435
438 497
438 504
438 523
439 6
439 28
439 59
439 64
439 95
439 99
439 100
439 109
439 125
439 133
439 144
439 161
439 168
439 229
439 232
439 241
439 260
439 263
439 290
439 310
439 322
439 342
439 345
439 355
439 366
439 387
439 418
439 430
439 438
439 461
439 480
439 489
439 521
440 39
440 95
440 99
440 144
440 156
440 191
440 223
440 230
440 263
440 310
440 333
440 357
440 401
440 460
440 501
440 521
441 242
442 18
442 40
442 69
442 105
442 160
442 164
442 181
442 189
442 193
442 207
442 216
442 217
442 219
442 266
442 278
442 296
442 304
442 306
442 351
442 361
442 372
442 392
442 436
442 520
442 534
442 535
443 13
443 28
443 33
443 46
443 59
443 60
443 69
443 86
443 95
443 96
443 119
443 125
443 127
443 137
443 144
443 191
443 219
443 220
443 224
443 225
443 230
443 263
443 269
443 290
443 295
443 296
443 322
443 339
443 341
443 362
443 367
443 388
443 389
443 399
443 405
443 413
443 418
443 421
443 440
443 490
443 495
443 497
443 504
443 521
443 523
443 538
444 4
444 9
444 38
444 56
444 60
444 67
444 95
444 114
444 154
444 165
444 184
444 193
444 197
444 199
444 225
444 270
444 275
444 279
444 303
444 304
444 312
444 316
444 333
444 352
444 365
444 367
444 371
444 403
444 414
444 433
444 457
444 463
444 520
444 521
444 522
445 151
445 270
445 326
445 439
445 451
445 515
445 532
446 39
446 67
446 146
446 179
446 262
446 279
446 351
446 352
446 371
446 391
446 400
446 423
446 465
446 495
446 497
449 134
450 28
450 44
450 56
450 66
450 67
450 69
450 73
450 125
450 159
450 176
450 191
450 193
450 200
450 218
450 225
450 244
450 263
450 290
450 296
450 334
450 372
450 373
450 383
450 408
450 436
450 467
450 523
450 532
451 30
451 34
451 36
451 45
451 100
451 119
451 134
451 141
451 144
451 149
451 154
451 176
451 183
451 191
451 195
451 198
451 217
451 219
451 225
451 228
451 234
451 260
451 270
451 296
451 317
451 320
451 322
451 333
451 344
451 345
451 351
451 354
451 356
451 394
451 399
451 410
451 419
451 450
451 474
451 488
451 489
451 509
451 523
453 39
454 1
454 2
454 8
454 15
454 18
454 21
454 22
454 24
454 27
454 28
454 34
454 35
454 36
454 38
454 39
454 41
454 43
454 59
454 60
454 62
454 63
454 67
454 69
454 85
454 86
454 88
454 93
454 96
454 97
454 101
454 102
454 105
454 106
454 108
454 109
454 120
454 129
454 130
454 131
454 137
454 143
454 144
454 154
454 155
454 165
454 168
454 176
454 177
454 179
454 183
454 184
454 189
454 191
454 196
454 199
454 200
454 207
454 213
454 214
454 216
454 217
454 218
454 232
454 236
454 238
454 239
454 241
454 244
454 255
454 257
454 260
454 262
454 269
454 270
454 278
454 279
454 280
454 283
454 287
454 293
454 297
454 299
454 302
454 304
454 305
454 308
454 313
454 314
454 317
454 321
454 322
454 326
454 332
454 333
454 339
454 343
454 345
454 347
454 352
454 356
454 358
454 361
454 362
454 365
454 367
454 371
454 373
454 374
454 380
454 384
454 385
454 387
454 389
454 395
454 399
454 402
454 403
454 405
454 410
454 411
454 427
454 429
454 430
454 433
454 435
454 437
454 438
454 439
454 450
454 455
454 462
454 466
454 471
454 473
454 474
454 488
454 492
454 495
454 503
454 504
454 505
454 513
454 514
454 515
454 520
454 521
454 524
454 530
454 535
454 541
455 6
455 9
455 12
455 31
455 34
455 45
455 66
455 67
455 70
455 86
455 102
455 117
455 122
455 183
455 191
455 193
455 197
455 199
455 209
455 219
455 232
455 233
455 239
455 269
455 276
455 284
455 288
455 290
455 303
455 307
455 320
455 322
455 331
455 333
455 339
455 345
455 387
455 389
455 394
455 408
455 411
455 436
455 440
455 444
455 451
455 465
455 467
455 490
455 495
455 505
455 509
455 518
455 519
455 535
455 538
456 129
456 197
456 210
456 239
456 275
456 320
456 332
456 333
456 353
456 408
456 455
456 529
457 73
457 147
457 197
457 326
457 414
457 535
459 197
459 224
459 228
459 336
459 380
460 520
461 24
461 32
461 40
461 56
461 86
461 93
461 102
461 119
461 125
461 156
461 214
461 224
461 262
461 263
461 279
461 289
461 290
461 299
461 321
461 322
461 339
461 341
461 345
461 386
461 403
461 408
461 418
461 437
461 482
461 520
461 521
461 535
462 389
462 433
463 70
463 85
463 95
463 197
463 223
463 278
463 502
464 154
464 249
464 294
464 383
464 466
464 535
465 21
465 44
465 96
465 103
465 297
465 333
465 514
466 119
466 188
466 197
466 281
466 303
466 310
466 453
466 457
466 485
467 7
467 18
467 19
467 23
467 28
467 33
467 38
467 40
467 43
467 46
467 60
467 63
467 64
467 66
467 69
467 73
467 75
467 95
467 105
467 144
467 164
467 193
467 194
467 197
467 210
467 216
467 223
467 225
467 230
467 236
467 241
467 242
467 253
467 266
467 267
467 268
467 274
467 276
467 278
467 303
467 308
467 317
467 322
467 336
467 362
467 366
467 367
467 372
467 378
467 399
467 411
467 413
467 431
467 435
467 437
467 438
467 443
467 444
467 450
467 451
467 457
467 485
467 497
467 515
467 534
467 541
468 8
468 13
468 28
468 56
468 183
468 191
468 263
468 283
468 345
468 362
468 371
468 479
468 521
469 15
469 45
469 70
469 124
469 146
469 191
469 239
469 275
469 317
469 373
469 386
469 413
469 423
469 515
471 4
471 8
471 9
471 18
471 40
471 56
471 87
471 95
471 122
471 131
471 188
471 207
471 208
471 263
471 278
471 280
471 290
471 299
471 333
471 336
471 348
471 365
471 371
471 372
471 389
471 392
471 419
471 437
471 438
471 439
471 457
471 461
471 479
471 485
471 488
471 489
471 497
471 505
471 521
471 534
472 8
472 34
472 59
472 147
472 185
472 191
472 274
472 275
472 295
472 310
472 389
472 396
472 411
472 458
472 513
472 515
472 521
472 541
473 12
473 36
473 72
473 100
473 102
473 122
473 133
473 154
473 166
473 184
473 202
473 224
473 239
473 247
473 256
473 286
473 299
473 348
473 367
473 371
473 372
473 394
473 399
473 411
473 438
473 454
473 461
473 489
473 515
473 520
473 521
473 533
473 535
473 538
474 6
474 13
474 20
474 35
474 38
474 42
474 43
474 45
474 59
474 62
474 64
474 66
474 70
474 100
474 103
474 117
474 122
474 129
474 132
474 175
474 176
474 181
474 185
474 216
474 218
474 231
474 262
474 266
474 276
474 287
474 302
474 303
474 333
474 345
474 352
474 356
474 362
474 374
474 378
474 391
474 401
474 436
474 437
474 438
474 439
474 457
474 468
474 473
474 483
474 501
474 537
475 8
475 35
475 122
475 163
475 210
475 227
475 233
475 260
475 275
475 389
475 411
475 434
475 503
475 515
475 521
475 525
475 540
476 413
477 13
477 23
477 73
477 125
477 176
477 179
477 197
477 231
477 253
477 278
477 288
477 303
477 332
477 333
477 339
477 485
477 521
478 6
478 21
478 32
478 35
478 85
478 97
478 167
478 191
478 199
478 200
478 207
478 216
478 217
478 225
478 230
478 233
478 263
478 272
478 275
478 287
478 327
478 336
478 345
478 357
478 372
478 394
478 399
478 403
478 454
478 473
478 490
478 505
478 515
478 521
479 35
479 38
479 40
479 47
479 119
479 197
479 216
479 253
479 274
479 333
479 357
479 400
479 414
479 439
479 463
479 465
479 480
479 515
479 520
480 13
480 34
480 55
480 95
480 102
480 104
480 124
480 156
480 161
480 163
480 176
480 184
480 188
480 193
480 195
480 197
480 200
480 226
480 239
480 262
480 263
480 290
480 313
480 315
480 333
480 354
480 356
480 362
480 365
480 437
480 441
480 450
480 454
480 457
480 461
480 503
480 506
480 515
480 535
480 537
481 34
481 40
481 60
481 198
481 210
481 296
481 299
481 333
481 371
481 389
481 500
482 457
482 535
483 34
483 39
483 56
483 115
483 120
483 127
483 149
483 154
483 166
483 207
483 223
483 224
483 225
483 228
483 244
483 263
483 270
483 279
483 281
483 311
483 326
483 333
483 339
483 358
483 389
483 411
483 414
483 437
483 467
483 474
483 489
483 497
483 504
484 70
484 85
484 164
484 310
484 351
484 394
484 411
484 454
484 475
484 515
484 521
484 543
485 4
485 28
485 70
485 79
485 97
485 104
485 105
485 148
485 178
485 191
485 211
485 229
485 239
485 317
485 351
485 357
485 389
485 396
485 401
485 403
485 450
485 478
485 505
485 520
487 34
487 38
487 39
487 62
487 87
487 95
487 119
487 154
487 167
487 197
487 207
487 233
487 259
487 279
487 304
487 309
487 360
487 372
487 380
487 389
487 397
487 408
487 439
487 455
487 501
487 504
487 516
487 521
487 523
488 28
488 46
488 56
488 67
488 70
488 76
488 85
488 95
488 100
488 122
488 127
488 137
488 146
488 147
488 191
488 195
488 197
488 217
488 220
488 223
488 228
488 262
488 263
488 269
488 299
488 332
488 339
488 345
488 367
488 371
488 389
488 390
488 409
488 437
488 442
488 454
488 455
488 457
488 483
488 485
488 502
488 516
488 521
489 4
489 28
489 47
489 115
489 144
489 146
489 147
489 154
489 164
489 184
489 197
489 200
489 228
489 230
489 239
489 244
489 265
489 266
489 284
489 299
489 303
489 304
489 308
489 310
489 316
489 326
489 339
489 344
489 351
489 355
489 366
489 389
489 419
489 424
489 437
489 438
489 466
489 468
489 480
489 490
489 505
489 520
489 521
489 534
489 535
489 543
490 244
490 502
491 225
491 525
492 197
492 253
493 43
493 154
493 244
493 299
493 504
493 528
494 41
494 59
494 345
495 1
495 9
495 34
495 38
495 42
495 47
495 54
495 59
495 75
495 147
495 152
495 154
495 167
495 179
495 181
495 188
495 192
495 197
495 199
495 200
495 201
495 207
495 211
495 219
495 225
495 227
495 233
495 239
495 259
495 263
495 288
495 311
495 321
495 322
495 327
495 333
495 339
495 345
495 361
495 371
495 393
495 401
495 403
495 413
495 419
495 439
495 450
495 457
495 464
495 474
495 479
495 485
495 490
495 513
495 523
495 534
495 535
496 21
496 40
496 59
496 222
496 259
496 307
496 361
496 372
496 411
496 421
496 423
496 469
496 504
496 520
496 532
497 8
497 10
497 18
497 20
497 21
497 42
497 56
497 59
497 64
497 66
497 95
497 97
497 109
497 125
497 127
497 129
497 144
497 160
497 161
497 166
497 188
497 220
497 224
497 233
497 239
497 240
497 241
497 244
497 262
497 263
497 267
497 275
497 278
497 308
497 328
497 334
497 339
497 345
497 346
497 348
497 356
497 365
497 375
497 391
497 399
497 418
497 419
497 437
497 450
497 454
497 461
497 470
497 483
497 495
497 502
497 504
497 521
497 530
497 532
497 533
497 535
497 538
498 62
498 146
498 159
498 317
498 367
499 21
499 62
499 75
499 85
499 119
499 195
499 197
499 218
499 219
499 225
499 239
499 245
499 247
499 260
499 310
499 314
499 317
499 345
499 365
499 381
499 389
499 402
499 418
499 488
499 496
499 515
499 521
500 73
500 85
500 112
500 144
500 206
500 227
500 270
500 295
500 321
500 410
500 541
501 4
501 9
501 86
501 87
501 119
501 127
501 142
501 165
501 192
501 225
501 239
501 245
501 250
501 263
501 270
501 284
501 288
501 351
501 366
501 367
501 389
501 391
501 402
501 423
501 437
501 454
501 465
501 472
501 521
501 532
501 534
502 10
502 13
502 22
502 24
502 28
502 32
502 33
502 38
502 56
502 69
502 72
502 87
502 95
502 125
502 147
502 156
502 160
502 167
502 175
502 183
502 188
502 189
502 197
502 217
502 218
502 227
502 245
502 263
502 287
502 296
502 317
502 326
502 340
502 341
502 349
502 356
502 367
502 371
502 372
502 373
502 389
502 401
502 403
502 413
502 419
502 436
502 454
502 471
502 495
502 497
502 505
502 511
502 520
502 521
502 525
502 535
502 538
503 10
503 21
503 28
503 41
503 43
503 60
503 64
503 65
503 66
503 70
503 86
503 95
503 99
503 102
503 104
503 130
503 138
503 156
503 175
503 179
503 182
503 188
503 191
503 197
503 199
503 202
503 210
503 219
503 220
503 222
503 225
503 226
503 227
503 228
503 243
503 245
503 270
503 272
503 275
503 278
503 281
503 290
503 297
503 321
503 344
503 348
503 355
503 359
503 365
503 367
503 387
503 402
503 413
503 421
503 438
503 443
503 458
503 461
503 470
503 472
503 488
503 495
503 499
503 504
503 505
503 509
503 521
503 532
503 534
503 535
503 542
504 13
504 19
504 57
504 60
504 64
504 85
504 96
504 104
504 106
504 114
504 119
504 132
504 133
504 145
504 189
504 210
504 228
504 234
504 240
504 259
504 267
504 270
504 274
504 276
504 277
504 288
504 290
504 311
504 332
504 333
504 339
504 345
504 355
504 362
504 386
504 389
504 396
504 399
504 438
504 471
504 480
504 484
504 499
504 510
504 513
504 515
504 520
504 521
504 528
505 8
505 22
505 38
505 57
505 87
505 114
505 119
505 129
505 133
505 135
505 138
505 182
505 197
505 217
505 218
505 262
505 270
505 272
505 327
505 332
505 333
505 339
505 345
505 354
505 362
505 367
505 371
505 381
505 444
505 450
506 6
506 18
506 39
506 41
506 44
506 57
506 88
506 119
506 122
506 132
506 134
506 148
506 154
506 164
506 183
506 184
506 191
506 225
506 241
506 247
506 249
506 263
506 269
506 270
506 279
506 299
506 304
506 329
506 333
506 336
506 341
506 349
506 359
506 367
506 389
506 395
506 400
506 404
506 411
506 418
506 419
506 435
506 454
506 464
506 473
506 489
506 504
506 509
506 521
506 532
506 535
506 542
507 70
507 73
507 170
507 184
507 339
507 501
507 515
508 64
508 262
508 322
508 333
509 4
509 9
509 20
509 28
509 33
509 56
509 70
509 100
509 105
509 115
509 128
509 144
509 183
509 184
509 191
509 192
509 207
509 216
509 217
509 220
509 230
509 241
509 274
509 278
509 285
509 302
509 314
509 329
509 333
509 343
509 354
509 371
509 413
509 420
509 433
509 437
509 466
509 494
509 497
509 503
509 521
509 525
509 530
510 46
510 175
510 193
510 216
510 357
511 85
511 198
511 207
511 218
511 263
511 267
511 271
511 400
511 408
511 413
511 457
511 500
511 520
511 521
512 36
512 208
512 399
513 13
513 28
513 30
513 39
513 46
513 63
513 66
513 96
513 102
513 105
513 125
513 146
513 184
513 191
513 197
513 199
513 217
513 219
513 224
513 225
513 226
513 240
513 262
513 270
513 278
513 292
513 294
513 299
513 303
513 317
513 328
513 353
513 365
513 371
513 389
513 394
513 411
513 418
513 422
513 518
513 520
513 532
513 535
514 220
514 241
514 317
514 348
514 403
514 473
514 495
514 534
514 536
515 11
515 13
515 19
515 28
515 32
515 33
515 34
515 35
515 45
515 46
515 51
515 56
515 57
515 62
515 70
515 75
515 80
515 81
515 99
515 100
515 102
515 104
515 106
515 127
515 129
515 132
515 145
515 146
515 147
515 154
515 155
515 156
515 164
515 165
515 166
515 167
515 188
515 198
515 216
515 225
515 227
515 230
515 241
515 245
515 250
515 255
515 262
515 266
515 268
515 274
515 276
515 279
515 288
515 290
515 294
515 295
515 296
515 299
515 303
515 306
515 311
515 313
515 314
515 316
515 317
515 333
515 339
515 342
515 344
515 345
515 355
515 356
515 365
515 366
515 370
515 385
515 389
515 396
515 406
515 411
515 419
515 421
515 432
515 435
515 441
515 446
515 454
515 457
515 458
515 461
515 466
515 471
515 473
515 489
515 494
515 497
515 501
515 504
515 509
515 511
515 513
515 516
515 523
515 532
515 535
515 538
516 9
516 10
516 18
516 46
516 69
516 119
516 141
516 144
516 145
516 146
516 160
516 167
516 195
516 196
516 200
516 204
516 216
516 224
516 225
516 232
516 233
516 275
516 327
516 339
516 365
516 367
516 368
516 400
516 418
516 420
516 435
516 437
516 485
516 503
516 517
516 521
516 523
516 532
516 542
517 144
517 303
518 41
518 69
518 85
518 102
518 154
518 272
518 290
518 401
518 457
518 484
518 516
518 521
519 211
519 535
520 6
520 9
520 12
520 18
520 21
520 30
520 32
520 38
520 46
520 47
520 56
520 66
520 86
520 97
520 125
520 131
520 132
520 133
520 134
520 135
520 146
520 150
520 151
520 156
520 159
520 164
520 181
520 182
520 184
520 185
520 191
520 199
520 202
520 203
520 204
520 210
520 216
520 217
520 227
520 230
520 236
520 247
520 260
520 263
520 268
520 269
520 275
520 278
520 279
520 280
520 282
520 285
520 288
520 295
520 296
520 305
520 308
520 310
520 311
520 313
520 317
520 329
520 341
520 345
520 357
520 359
520 365
520 371
520 374
520 381
520 383
520 387
520 399
520 403
520 411
520 418
520 435
520 437
520 451
520 454
520 455
520 458
520 464
520 465
520 474
520 494
520 506
520 516
520 525
520 528
520 535
521 3
521 4
521 6
521 8
521 10
521 13
521 18
521 19
521 20
521 21
521 22
521 26
521 28
521 33
521 34
521 35
521 38
521 39
521 41
521 45
521 47
521 52
521 53
521 56
521 57
521 59
521 62
521 65
521 66
521 69
521 70
521 72
521 77
521 78
521 85
521 87
521 88
521 95
521 97
521 98
521 100
521 104
521 106
521 109
521 113
521 115
521 117
521 119
521 120
521 121
521 125
521 126
521 129
521 131
521 132
521 138
521 143
521 144
521 145
521 147
521 150
521 151
521 157
521 159
521 161
521 164
521 165
521 173
521 174
521 175
521 176
521 178
521 180
521 181
521 182
521 184
521 185
521 188
521 189
521 190
521 191
521 192
521 195
521 202
521 207
521 210
521 211
521 217
521 222
521 224
521 225
521 228
521 230
521 231
521 233
521 236
521 241
521 245
521 249
521 250
521 253
521 254
521 255
521 260
521 262
521 263
521 269
521 271
521 274
521 275
521 280
521 281
521 285
521 290
521 295
521 296
521 297
521 299
521 303
521 305
521 306
521 308
521 310
521 311
521 313
521 314
521 322
521 327
521 328
521 329
521 332
521 333
521 336
521 338
521 339
521 342
521 344
521 345
521 346
521 349
521 351
521 354
521 356
521 357
521 358
521 359
521 362
521 365
521 367
521 370
521 371
521 372
521 373
521 375
521 378
521 380
521 384
521 385
521 386
521 388
521 389
521 391
521 392
521 393
521 396
521 398
521 399
521 401
521 403
521 410
521 413
521 422
521 423
521 427
521 429
521 430
521 432
521 437
521 439
521 441
521 442
521 443
521 450
521 451
521 453
521 454
521 455
521 463
521 465
521 466
521 470
521 474
521 475
521 478
521 480
521 485
521 487
521 490
521 495
521 497
521 501
521 503
521 504
521 505
521 509
521 513
521 515
521 518
521 519
521 520
521 523
521 529
521 534
521 535
521 536
521 539
521 540
521 542
521 544
522 192
522 403
523 1
523 9
523 13
523 28
523 38
523 40
523 41
523 43
523 59
523 60
523 62
523 67
523 69
523 70
523 71
523 76
523 87
523 95
523 96
523 102
523 119
523 125
523 144
523 154
523 164
523 165
523 170
523 183
523 189
523 193
523 217
523 224
523 246
523 256
523 260
523 263
523 267
523 276
523 278
523 280
523 289
523 290
523 291
523 294
523 296
523 305
523 310
523 317
523 325
523 332
523 333
523 336
523 339
523 346
523 352
523 355
523 356
523 361
523 362
523 370
523 374
523 375
523 384
523 389
523 392
523 397
523 403
523 410
523 411
523 413
523 425
523 437
523 450
523 451
523 456
523 457
523 462
523 465
523 475
523 495
523 509
523 534
523 535
523 537
524 28
524 189
524 191
524 314
524 457
524 521
525 233
525 287
525 497
526 317
527 21
527 202
527 299
528 28
528 34
528 46
528 109
528 147
528 193
528 241
528 318
528 345
528 356
528 373
528 387
528 523
529 28
529 41
529 100
529 156
529 161
529 191
529 197
529 274
529 339
529 345
529 348
529 389
529 437
529 450
529 508
530 10
530 18
530 27
530 28
530 31
530 47
530 69
530 70
530 81
530 87
530 104
530 119
530 120
530 127
530 133
530 144
530 151
530 168
530 175
530 183
530 189
530 191
530 193
530 197
530 199
530 217
530 227
530 255
530 260
530 262
530 263
530 264
530 267
530 270
530 290
530 299
530 304
530 307
530 327
530 328
530 336
530 343
530 344
530 345
530 370
530 371
530 375
530 389
530 403
530 408
530 411
530 418
530 423
530 454
530 467
530 468
530 471
530 472
530 473
530 474
530 478
530 479
530 499
530 502
530 503
530 507
530 509
530 513
530 514
530 520
530 521
530 529
532 10
532 56
532 79
532 104
532 130
532 139
532 145
532 146
532 147
532 173
532 181
532 184
532 191
532 197
532 262
532 263
532 320
532 352
532 398
532 420
532 438
532 439
532 454
532 457
532 472
532 501
532 520
532 529
532 535
532 537
533 8
533 125
533 129
533 132
533 176
533 190
533 193
533 233
533 239
533 290
533 306
533 333
533 361
533 384
533 411
533 446
533 457
533 497
533 538
534 15
534 22
534 28
534 40
534 42
534 45
534 56
534 69
534 84
534 86
534 95
534 102
534 104
534 117
534 142
534 154
534 159
534 175
534 191
534 199
534 207
534 221
534 236
534 239
534 242
534 262
534 272
534 275
534 276
534 278
534 299
534 327
534 333
534 339
534 362
534 386
534 389
534 399
534 402
534 403
534 437
534 440
534 457
534 473
534 485
534 495
534 497
534 500
534 502
534 504
534 505
534 511
534 516
534 520
534 521
534 535
535 2
535 9
535 10
535 12
535 15
535 19
535 20
535 21
535 28
535 35
535 39
535 41
535 43
535 46
535 55
535 57
535 60
535 62
535 66
535 69
535 70
535 75
535 76
535 85
535 86
535 87
535 95
535 99
535 100
535 102
535 105
535 119
535 120
535 124
535 125
535 127
535 132
535 144
535 146
535 147
535 154
535 160
535 173
535 184
535 189
535 191
535 193
535 197
535 199
535 200
535 207
535 209
535 213
535 217
535 218
535 219
535 220
535 222
535 224
535 225
535 230
535 231
535 236
535 240
535 241
535 244
535 245
535 247
535 253
535 260
535 262
535 263
535 267
535 268
535 269
535 274
535 275
535 278
535 279
535 282
535 283
535 288
535 290
535 293
535 298
535 299
535 303
535 308
535 310
535 314
535 315
535 318
535 320
535 322
535 325
535 333
535 339
535 342
535 346
535 351
535 353
535 354
535 361
535 362
535 364
535 371
535 372
535 373
535 375
535 380
535 381
535 383
535 384
535 386
535 389
535 391
535 392
535 399
535 400
535 401
535 402
535 403
535 410
535 417
535 418
535 422
535 425
535 435
535 437
535 442
535 450
535 451
535 454
535 457
535 458
535 466
535 467
535 468
535 480
535 488
535 489
535 495
535 497
535 499
535 502
535 504
535 515
535 520
535 521
535 530
535 533
535 534
535 537
535 538
537 4
537 10
537 13
537 28
537 40
537 67
537 86
537 96
537 119
537 122
537 147
537 191
537 197
537 199
537 219
537 232
537 242
537 267
537 269
537 290
537 317
537 333
537 336
537 339
537 345
537 357
537 399
537 400
537 418
537 433
537 435
537 450
537 454
537 461
537 489
537 530
537 535
538 10
538 19
538 21
538 172
538 181
538 195
538 217
538 218
538 262
538 307
538 320
538 326
538 333
538 344
538 345
538 391
538 403
538 457
538 520
538 532
538 535
539 57
539 489
540 70
540 73
540 115
540 127
540 230
540 283
541 21
541 38
541 45
541 69
541 129
541 146
541 165
541 191
541 197
541 228
541 507
541 524
542 22
542 28
542 56
542 70
542 114
542 184
542 191
542 199
542 200
542 255
542 280
542 294
542 313
542 332
542 339
542 356
542 362
542 396
542 411
542 451
542 471
542 473
542 485
542 489
542 507
542 520
542 521
542 533
542 535
545 8
