1 2
1 3
1 4
1 5
1 6
1 7
1 8
1 9
1 10
2 130
2 131
2 132
2 8
2 73
2 11
2 13
2 75
2 116
2 85
3 5
3 9
3 13
3 152
3 153
3 154
3 155
3 156
3 157
3 158
3 159
3 160
3 161
3 162
3 163
3 164
3 165
3 166
3 167
3 168
3 169
3 170
3 174
3 176
3 177
3 178
3 179
3 180
3 181
3 182
3 183
3 184
3 185
3 186
3 187
3 68
3 87
3 119
3 126
4 160
4 161
4 162
4 163
4 196
4 197
4 198
4 169
4 126
4 13
4 174
4 179
4 180
4 181
4 118
4 183
4 152
4 155
4 187
4 156
4 190
5 160
5 161
5 162
5 3
5 196
5 197
5 198
5 169
5 119
5 173
5 174
5 175
5 163
5 180
5 181
5 183
5 152
5 179
5 155
5 156
5 190
6 4
6 9
6 11
6 12
6 13
6 14
6 15
7 35
7 36
7 73
7 74
7 75
7 76
7 78
7 44
7 48
7 49
7 51
7 24
7 89
7 26
7 47
7 28
7 95
8 2
8 3
8 4
8 7
8 74
8 60
9 194
9 4
9 5
9 6
9 103
9 104
9 236
9 109
9 15
9 214
9 215
9 37
10 5
10 6
10 8
10 237
10 109
10 104
10 214
10 25
10 219
11 103
11 139
11 14
11 15
11 209
11 143
11 125
12 119
12 4
12 13
12 14
12 15
13 3
13 4
13 17
13 152
13 153
13 154
13 155
13 156
13 157
13 158
13 159
13 160
13 161
13 162
13 163
13 164
13 165
13 166
13 167
13 168
13 169
13 169
13 170
13 171
13 172
13 173
13 174
13 175
13 176
13 177
13 178
13 179
13 180
13 181
13 182
13 183
13 184
13 85
13 118
14 35
14 36
14 7
14 76
14 74
14 75
14 44
14 78
14 47
14 48
14 49
14 210
14 24
14 89
15 4
15 5
15 76
15 119
15 12
15 13
15 14
15 115
15 87
16 5
16 17
16 18
16 19
16 20
16 21
16 22
16 23
16 24
16 25
16 26
16 27
17 2
17 3
17 121
17 74
17 119
17 13
17 115
17 114
17 99
17 20
17 117
17 118
17 23
17 120
17 116
17 93
17 85
18 24
18 42
18 45
18 54
18 23
19 48
19 36
19 5
19 72
19 73
19 74
19 75
19 44
19 77
19 15
19 16
19 76
19 18
19 52
19 24
20 71
20 47
20 81
20 18
20 21
20 23
20 60
21 3
21 133
21 211
21 74
21 75
21 76
21 13
21 210
21 131
21 90
22 3
22 74
22 107
22 76
22 13
22 78
22 75
22 86
23 56
24 45
24 47
25 49
25 45
26 191
27 65
27 50
27 52
27 45
27 23
28 32
28 33
28 34
28 35
28 4
28 37
28 38
28 39
28 40
28 21
28 22
28 36
28 29
28 30
28 31
29 115
29 123
30 34
30 51
30 36
30 45
30 31
31 33
31 34
31 65
31 7
31 39
31 50
31 52
31 53
31 60
31 30
32 67
32 4
32 5
32 8
32 74
32 75
32 76
32 46
32 47
32 48
32 49
32 50
32 78
32 36
32 59
32 28
32 30
33 34
33 44
33 82
33 50
33 22
33 60
33 30
33 31
34 69
35 38
35 7
35 73
35 75
35 44
35 45
35 14
35 48
35 113
36 44
36 45
37 50
37 45
37 94
38 191
39 65
39 34
39 44
39 45
39 50
39 51
41 42
41 43
41 44
41 45
41 23
42 5
42 41
42 44
42 45
42 47
42 48
42 49
42 50
42 24
43 34
43 99
43 168
43 41
43 138
43 87
43 173
43 46
43 18
43 174
43 219
43 23
43 120
43 169
43 186
43 233
43 30
43 85
44 24
44 36
44 45
44 7
46 34
46 45
46 47
47 80
47 24
47 45
48 32
48 36
48 7
48 45
48 14
48 49
48 215
49 7
49 45
49 14
49 48
49 214
49 24
50 45
51 36
51 44
51 45
51 46
51 47
51 48
51 49
51 52
51 53
51 24
51 4
52 45
53 33
53 34
53 100
53 5
53 38
53 7
53 10
53 49
53 85
53 22
53 87
54 91
54 5
54 47
54 76
54 14
54 15
54 18
54 87
54 24
54 79
54 60
55 41
55 12
55 15
55 50
55 52
55 23
55 56
55 57
56 36
56 22
56 79
57 41
57 23
57 52
57 45
57 36
58 34
58 46
58 50
58 52
58 22
58 59
58 60
58 61
58 62
59 96
59 51
59 4
59 69
59 70
59 32
59 8
59 46
59 47
59 24
59 83
59 21
59 22
59 25
59 88
59 89
59 86
59 62
60 6
60 7
60 8
60 14
60 15
60 16
60 20
60 23
60 28
60 33
60 34
60 40
60 50
60 56
60 59
60 65
60 67
60 69
60 72
60 92
60 100
60 103
60 106
60 109
61 8
61 45
61 15
62 34
62 45
62 47
62 50
62 83
62 61
63 64
63 65
63 66
63 4
63 42
63 48
63 49
63 50
63 20
63 21
63 56
63 60
64 130
64 3
64 4
64 9
64 10
64 13
64 14
64 19
64 25
64 35
64 42
64 48
64 60
64 63
64 72
64 82
64 84
64 86
64 216
64 94
64 95
64 226
64 102
64 210
65 75
65 45
66 99
66 4
66 9
66 12
66 14
66 21
66 85
67 32
67 33
67 68
67 69
67 70
67 39
67 48
67 51
67 52
67 60
67 65
68 32
68 225
68 130
68 3
68 5
68 64
68 9
68 10
68 107
68 13
68 49
68 99
68 213
68 59
68 119
68 88
68 219
68 60
69 80
69 24
69 37
69 22
69 21
70 67
70 38
70 48
70 49
70 51
70 53
70 22
70 87
70 88
70 89
70 90
70 59
71 65
71 6
71 18
71 14
71 50
71 52
71 23
71 20
71 27
71 60
72 95
72 5
72 41
72 42
72 44
72 77
72 15
72 19
72 84
72 21
72 22
72 23
72 56
72 57
72 90
72 91
72 94
72 37
73 3
73 115
73 131
73 133
73 19
73 215
73 94
74 76
74 45
74 14
74 7
75 45
75 14
75 7
76 7
76 74
76 45
76 14
76 210
76 24
77 36
77 5
77 74
77 75
77 44
77 15
78 35
78 36
78 7
78 43
78 45
78 14
78 75
79 191
80 191
81 191
82 191
83 4
83 5
83 8
83 74
83 75
83 47
83 24
84 66
84 36
84 86
84 72
84 42
84 85
84 22
84 26
85 3
85 164
85 5
85 156
85 87
85 158
85 143
85 176
85 157
85 181
85 119
85 152
85 153
85 159
85 188
85 189
85 190
85 191
86 45
86 212
86 61
86 13
87 192
87 181
87 4
87 156
87 13
87 158
87 157
87 176
87 85
87 118
87 153
87 152
87 164
87 159
87 188
87 189
87 190
87 191
88 3
88 5
88 104
88 107
88 44
88 45
88 110
88 237
88 48
88 49
88 53
88 118
88 87
88 120
88 47
89 191
90 45
90 3
90 213
90 61
91 131
91 4
91 5
91 8
91 15
91 16
91 24
91 28
91 133
91 32
91 48
91 49
91 59
91 188
91 72
91 74
91 75
91 76
91 78
91 214
91 219
91 92
92 4
92 7
92 8
92 44
92 13
92 78
92 79
92 80
92 24
92 36
92 30
93 40
93 40
93 49
93 4
93 5
94 66
94 4
94 37
94 102
94 72
94 105
94 236
94 45
94 142
94 13
94 48
94 49
94 115
94 87
94 217
94 26
94 79
94 44
95 191
96 64
96 68
96 199
96 205
96 73
96 13
96 173
96 208
96 241
96 242
96 126
96 120
96 143
96 62
97 98
97 61
97 45
98 228
98 45
98 222
98 167
99 192
99 3
99 4
99 199
99 187
99 203
99 173
99 207
99 208
99 146
99 85
99 87
99 120
99 119
99 126
100 3
100 5
100 7
100 8
100 108
100 53
101 102
101 103
101 104
101 105
101 12
101 14
101 20
102 225
102 2
102 3
102 4
102 133
102 87
102 78
102 115
102 99
102 85
102 23
102 23
103 2
103 133
103 136
103 137
103 138
103 14
103 60
103 114
103 115
103 105
103 90
103 5
103 101
104 192
104 66
104 6
104 103
104 202
104 7
104 12
104 109
104 14
104 53
104 138
105 65
105 132
105 45
105 223
106 100
106 7
106 104
106 10
106 107
106 108
106 109
106 110
106 111
106 112
106 113
106 53
106 90
107 34
107 131
107 4
107 76
107 210
107 85
107 87
107 120
108 192
108 7
108 8
108 106
108 140
108 109
109 2
109 131
109 4
109 5
109 7
109 138
109 113
109 115
109 86
109 123
110 3
110 5
110 7
110 106
110 107
110 143
110 112
110 115
110 118
110 119
110 88
110 87
110 123
111 7
111 104
111 106
111 109
111 113
111 87
111 29
112 194
112 3
112 4
112 199
112 234
112 7
112 13
112 173
112 146
112 131
112 85
112 87
112 202
112 10
112 188
112 106
112 126
112 191
113 224
113 65
113 45
113 73
114 192
114 2
114 102
114 103
114 141
114 142
114 116
114 150
114 216
114 125
115 131
115 4
115 133
115 134
115 74
115 14
115 15
115 3
115 87
115 132
116 129
116 2
116 139
116 108
116 11
116 140
116 114
116 115
116 123
116 125
116 127
117 133
117 2
117 101
117 104
117 119
117 13
117 142
117 114
117 14
117 118
117 23
117 85
118 13
118 152
118 153
118 154
118 157
118 158
118 160
118 161
118 162
118 163
118 164
118 167
118 168
118 171
118 174
118 177
118 179
118 180
118 182
118 183
118 187
118 193
118 194
118 195
118 85
118 119
118 126
119 3
119 152
119 153
119 154
119 157
119 158
119 160
119 161
119 162
119 163
119 164
119 167
119 168
119 173
119 174
119 175
119 177
119 179
119 180
119 182
119 183
119 185
119 193
119 194
119 195
119 87
119 118
120 175
120 91
120 5
120 200
120 173
120 206
120 13
120 205
120 85
120 118
120 87
120 143
120 124
120 126
120 149
121 101
121 103
121 14
121 115
121 85
121 86
122 3
122 32
122 99
122 118
122 87
122 110
122 115
122 116
122 85
122 22
122 119
122 123
122 124
122 125
122 126
122 21
123 107
123 140
123 109
123 206
123 115
123 116
123 122
123 125
124 99
124 199
124 104
124 9
124 202
124 203
124 204
124 201
124 146
124 105
124 85
124 119
124 120
124 90
124 122
125 2
125 139
125 11
125 108
125 115
125 122
125 123
126 257
126 3
126 4
126 5
126 263
126 264
126 265
126 138
126 267
126 268
126 13
126 152
126 155
126 161
126 169
126 170
126 43
126 172
126 173
126 185
126 188
126 266
126 193
126 79
126 85
126 87
126 91
126 97
126 233
126 118
126 119
126 120
126 254
126 255
127 128
127 11
128 97
128 2
128 6
128 40
128 15
128 114
128 116
128 127
129 108
129 116
130 64
130 225
130 2
130 3
130 68
130 138
130 87
130 13
130 115
130 85
130 118
130 119
131 2
131 75
131 8
131 74
131 107
131 13
131 45
131 48
131 49
131 211
131 212
131 85
131 214
131 87
131 120
131 91
131 213
132 2
132 131
132 133
132 94
132 13
133 73
133 75
133 13
133 45
133 78
133 15
133 48
133 49
133 211
133 212
133 85
133 87
133 91
133 213
134 115
134 132
134 133
134 198
134 73
134 215
134 45
134 174
134 179
134 180
134 201
134 220
134 197
135 129
135 100
135 1
135 136
135 15
135 8
135 40
135 29
136 2
136 139
136 7
136 106
136 11
136 108
136 114
136 115
136 125
137 2
137 139
137 103
137 136
137 11
137 142
137 116
137 125
138 131
138 4
138 5
138 134
138 7
138 12
138 13
138 14
138 169
138 170
138 43
138 178
138 186
138 193
138 73
138 202
138 212
138 85
138 86
138 90
138 100
138 103
138 104
138 233
138 113
138 126
138 105
138 255
138 254
138 213
139 2
139 11
139 13
139 14
139 114
139 115
139 123
140 129
140 136
140 106
140 108
140 109
140 206
140 111
140 104
140 116
141 128
141 114
141 2
141 142
142 145
142 114
142 2
142 150
143 2
143 131
143 149
143 158
143 164
143 165
143 170
143 45
143 45
143 174
143 182
143 183
143 187
143 117
143 192
143 118
143 203
143 205
143 206
143 88
143 96
143 103
143 109
143 239
143 115
143 245
143 246
143 120
143 121
144 136
144 123
144 139
144 125
144 110
145 146
145 142
146 192
146 194
146 196
146 40
146 201
146 142
146 145
146 114
146 188
146 220
146 94
147 148
147 149
147 143
148 115
148 123
148 140
148 151
149 194
149 196
149 200
149 201
149 206
149 143
149 40
149 188
149 148
149 123
149 220
150 87
150 5
150 199
150 200
150 105
150 203
150 141
150 142
150 120
150 146
150 40
150 40
150 118
150 119
150 216
150 217
150 114
150 124
151 192
151 99
151 200
151 203
151 206
151 143
151 40
151 147
151 148
151 119
151 88
151 123
151 29
152 160
152 201
152 45
153 250
153 269
153 166
153 45
154 162
154 228
154 167
154 168
154 45
154 250
155 161
155 45
155 198
156 162
156 45
156 198
156 190
157 232
157 45
157 190
158 232
158 163
158 45
158 235
159 235
159 164
159 45
159 270
160 201
160 45
160 198
161 201
161 220
161 45
161 198
161 190
162 232
162 234
162 163
162 45
162 190
163 164
163 232
163 235
163 45
163 270
163 276
164 272
164 165
164 277
164 270
164 45
165 274
165 45
165 277
165 166
165 269
166 250
166 98
166 228
166 45
166 167
167 168
167 98
167 228
167 45
167 222
168 98
168 228
168 45
168 222
169 232
169 234
169 235
169 45
169 270
169 276
169 157
169 190
170 235
170 45
170 270
170 271
170 272
170 273
170 274
170 277
170 278
171 256
171 257
171 3
171 13
171 208
171 118
171 119
171 120
172 138
172 43
172 214
172 247
172 218
172 186
172 126
172 191
173 130
173 3
173 4
173 5
173 263
173 264
173 265
173 138
173 267
173 268
173 13
173 43
173 152
173 155
173 161
173 169
173 170
173 171
173 186
173 188
173 266
173 193
173 202
173 80
173 85
173 87
173 221
173 97
173 233
173 254
173 118
173 119
173 126
173 255
174 179
175 191
176 177
176 45
176 278
177 98
177 178
177 228
177 250
177 45
178 98
178 167
178 168
178 171
178 173
178 45
178 177
178 222
178 254
178 184
178 154
178 126
179 201
179 180
179 220
179 45
179 198
180 198
180 234
180 45
180 181
180 220
180 190
181 232
181 234
181 45
181 182
182 232
182 235
182 276
182 45
182 183
183 276
183 45
183 189
184 178
184 45
185 3
185 257
185 99
185 43
185 173
185 13
185 195
185 118
185 119
186 138
186 43
186 172
186 173
186 247
186 218
186 219
186 191
187 191
188 161
188 98
188 5
188 200
188 45
188 174
188 175
188 112
188 152
188 220
188 221
188 222
189 272
189 280
189 45
189 270
189 277
190 156
190 45
190 238
192 133
192 142
192 143
192 147
192 111
192 158
192 164
192 45
192 45
192 174
192 183
192 187
192 245
192 203
192 216
192 103
192 109
192 110
192 239
192 114
192 117
192 118
192 120
192 121
193 232
193 235
193 45
193 270
193 272
193 276
193 277
193 158
193 159
194 2
194 3
194 196
194 9
194 10
194 13
194 15
194 115
194 211
194 85
194 214
194 215
194 219
195 3
195 171
195 13
195 205
195 227
195 119
196 188
196 65
196 2
196 115
196 86
196 167
196 194
196 9
196 10
196 98
196 98
196 45
196 112
196 211
196 251
196 214
196 215
196 219
196 60
196 191
197 201
197 179
197 220
197 45
197 134
198 156
198 45
198 238
199 99
199 86
199 113
199 200
199 201
199 106
199 111
199 112
199 104
199 131
199 149
199 118
199 87
199 120
199 124
200 227
200 228
200 124
200 203
200 45
200 143
200 146
200 85
200 87
200 120
200 186
200 188
201 220
201 45
201 197
202 1
202 66
202 3
202 6
202 7
202 138
202 119
202 204
202 13
202 14
202 173
202 85
202 118
202 87
202 120
202 126
203 192
203 227
203 228
203 134
203 200
203 188
203 172
203 45
203 146
203 99
203 85
203 124
204 194
204 3
204 5
204 102
204 9
204 202
204 119
204 13
204 173
204 124
204 85
204 87
204 191
204 188
204 234
204 149
205 3
205 5
205 45
205 173
205 188
205 190
205 191
205 195
205 200
205 206
205 208
205 227
205 87
205 220
205 221
205 222
205 96
205 226
205 99
205 232
205 234
205 239
205 246
205 119
205 120
205 253
206 34
206 99
206 199
206 203
206 173
206 110
206 143
206 112
206 131
206 85
206 87
206 120
206 126
207 160
207 160
207 97
207 226
207 99
207 68
207 96
207 43
207 173
207 79
207 85
207 87
207 126
208 257
208 3
208 5
208 45
208 173
208 188
208 190
208 191
208 195
208 200
208 205
208 206
208 227
208 87
208 220
208 222
208 96
208 99
208 232
208 234
208 239
208 246
208 119
208 120
208 253
209 102
209 103
209 136
209 11
209 141
209 121
209 127
210 65
210 132
210 7
210 74
210 76
210 45
210 14
210 47
210 49
210 24
210 26
211 115
211 49
211 219
211 45
211 214
212 32
212 131
212 133
212 75
212 13
212 211
213 74
213 3
213 131
213 133
214 131
214 4
214 5
214 38
214 73
214 138
214 207
214 149
214 218
214 191
214 186
214 85
214 133
215 2
215 45
215 48
215 49
215 214
215 88
215 219
216 131
216 133
216 204
216 99
216 85
216 87
216 217
216 124
217 240
217 226
217 4
217 72
217 173
217 16
217 126
217 119
217 36
217 94
218 138
218 43
218 172
218 207
218 214
218 126
218 191
219 131
219 132
219 133
219 204
219 138
219 75
219 172
219 76
219 146
219 86
219 218
219 74
219 191
220 160
220 201
220 45
220 198
221 257
221 3
221 173
221 178
221 119
221 120
221 253
222 178
222 45
223 73
223 113
224 105
224 132
225 130
225 3
225 68
225 5
225 134
225 138
225 87
225 13
225 115
225 85
225 118
225 119
225 4
225 126
225 191
226 64
226 192
226 99
226 132
226 199
226 40
226 205
226 208
226 3
226 57
226 126
227 3
227 5
227 13
227 146
227 149
227 167
227 167
227 173
227 177
227 177
227 191
227 191
227 196
227 203
227 204
227 205
227 208
227 85
227 99
227 229
227 230
227 112
227 118
227 119
227 126
228 45
229 256
229 258
229 227
229 230
229 199
229 138
229 203
229 146
229 119
229 124
229 167
230 256
230 258
230 227
230 229
230 138
230 146
230 124
231 198
231 232
231 201
231 45
231 152
231 155
231 220
231 190
232 45
233 198
233 232
233 156
233 234
233 235
233 45
233 220
233 190
234 232
234 162
234 45
234 190
235 45
236 212
236 78
236 86
237 90
237 75
237 213
237 78
237 37
238 198
238 234
238 45
238 239
238 179
238 220
238 190
239 232
239 201
239 234
239 45
239 45
239 143
240 130
240 3
240 4
240 13
240 115
240 22
240 215
240 217
240 91
241 96
241 173
241 24
241 89
241 59
241 28
242 2
242 37
242 138
242 13
242 17
242 85
242 87
242 25
243 191
244 191
245 194
245 196
245 200
245 203
245 45
245 246
245 284
246 283
246 198
246 232
246 201
246 234
246 235
246 45
246 270
246 143
246 272
246 188
246 276
246 277
246 284
246 239
246 220
246 253
246 190
246 149
247 176
247 274
247 45
247 278
247 269
248 249
248 138
248 191
248 173
248 13
249 248
249 138
249 3
249 126
249 191
250 45
251 168
251 98
251 205
251 45
252 98
252 45
253 191
254 98
254 228
254 45
254 269
254 274
254 153
254 250
254 154
255 98
255 45
255 178
256 258
256 3
256 13
256 178
256 118
256 126
257 99
257 13
257 221
257 178
257 118
257 253
257 126
258 256
258 3
258 173
258 13
258 178
258 118
258 119
258 126
259 138
259 171
259 13
259 126
259 178
260 259
260 168
260 138
260 173
260 178
260 185
260 124
261 192
262 138
262 13
262 173
262 118
262 186
262 143
263 234
263 45
264 234
264 276
264 45
265 276
265 45
266 276
266 45
266 277
267 45
267 277
268 45
268 278
268 277
269 45
270 45
271 272
271 45
271 270
272 45
273 272
273 274
273 165
273 45
274 45
275 274
275 269
275 45
276 163
276 45
276 270
276 235
277 272
277 274
277 165
277 45
278 250
278 269
278 166
278 45
279 98
279 45
279 270
279 269
279 272
279 274
279 275
279 278
280 247
280 45
280 277
281 98
281 45
281 278
282 45
282 278
283 201
283 143
283 220
283 45
283 45
283 239
284 194
284 196
284 200
284 203
284 45
284 277
284 245
285 45
285 45
285 228
285 146
285 234
285 269
285 143
285 272
285 274
285 276
285 277
285 278
285 184
285 250
285 188
285 222
285 245
286 45
287 45
288 45
289 45
290 45
291 45
292 45
293 45
294 45
295 45
296 191
297 191
