1 515
1 133
1 263
1 520
1 521
1 279
1 13
1 274
1 19
1 535
1 280
1 156
1 287
1 419
1 295
1 45
1 175
1 313
1 59
1 316
1 193
1 225
1 457
1 333
1 467
1 217
1 474
1 348
1 351
1 97
1 354
1 357
1 239
1 339
1 121
2 184
2 404
2 69
3 162
3 391
3 392
3 332
3 270
3 88
3 26
6 387
6 132
6 389
6 263
6 520
6 521
6 144
6 344
6 530
6 276
6 535
6 28
6 32
6 167
6 302
6 308
6 181
6 438
6 56
6 59
6 62
6 191
6 197
6 326
6 199
6 461
6 207
6 339
6 216
6 217
6 349
6 225
6 104
6 274
6 497
6 345
6 505
6 126
7 353
7 282
7 261
7 52
7 245
7 406
7 472
7 346
7 315
7 285
8 387
8 132
8 389
8 262
8 263
8 10
8 87
8 144
8 145
8 530
8 276
8 21
8 535
8 409
8 538
8 411
8 288
8 418
8 292
8 165
8 43
8 308
8 437
8 183
8 138
8 62
8 191
8 32
8 322
8 197
8 70
8 225
8 204
8 207
8 339
8 86
8 471
8 216
8 217
8 218
8 348
8 96
8 400
8 356
8 357
8 232
8 362
8 365
8 239
8 497
8 373
8 345
8 121
8 383
8 299
8 511
9 311
9 515
9 470
9 503
9 521
9 267
9 12
9 269
9 401
9 18
9 275
9 532
9 534
9 151
9 495
9 419
9 164
9 40
9 41
9 46
9 175
9 176
9 310
9 439
9 193
9 451
9 197
9 327
9 200
9 73
9 247
9 333
9 336
9 35
9 303
9 105
9 228
9 351
9 227
9 100
9 230
9 47
9 489
9 402
9 367
9 241
9 147
9 372
9 502
9 119
9 504
9 122
9 127
9 253
9 345
9 255
10 64
10 321
10 418
10 299
10 356
10 130
10 423
10 328
10 231
10 365
10 516
10 145
10 383
10 437
10 375
10 537
10 219
10 284
10 95
11 418
11 102
12 521
12 267
12 18
12 451
12 532
12 161
12 419
12 40
12 46
12 303
12 310
12 311
12 67
12 327
12 333
12 336
12 470
12 228
12 489
12 367
12 241
12 147
12 503
12 122
12 127
13 1
13 515
13 8
13 521
13 14
13 530
13 535
13 26
13 542
13 34
13 36
13 38
13 39
13 43
13 45
13 520
13 56
13 59
13 66
13 70
13 87
13 91
13 97
13 106
13 109
13 121
13 129
13 133
13 137
13 144
13 151
13 156
13 157
13 170
13 178
13 185
13 189
13 191
13 193
13 195
13 197
13 198
13 199
13 207
13 210
13 211
13 216
13 217
13 225
13 239
13 247
13 263
13 273
13 274
13 277
13 278
13 279
13 280
13 283
13 288
13 538
13 296
13 300
13 304
13 314
13 316
13 317
13 318
13 320
13 325
13 332
13 333
13 336
13 338
13 339
13 345
13 348
13 351
13 352
13 354
13 357
13 360
13 362
13 373
13 374
13 389
13 395
13 399
13 400
13 403
13 410
13 438
13 440
13 454
13 457
13 458
13 468
13 471
13 474
13 475
13 485
13 488
13 491
13 497
13 499
13 502
14 320
14 3
14 38
14 296
14 521
14 362
14 530
14 94
14 479
15 384
15 513
15 342
15 262
15 135
15 10
15 523
15 396
15 450
15 403
15 408
15 431
15 541
15 290
15 70
15 299
15 413
15 434
15 437
15 138
15 116
15 394
15 224
15 322
15 69
15 454
15 331
15 332
15 418
15 84
15 213
15 214
15 505
15 473
15 218
15 219
15 506
15 95
15 480
15 356
15 229
15 102
15 232
15 365
15 366
15 371
15 244
15 343
15 212
15 250
15 124
15 381
15 383
16 297
16 195
16 485
16 475
16 109
17 197
18 515
18 260
18 439
18 263
18 521
18 151
18 12
18 269
18 401
18 402
18 275
18 532
18 534
18 23
18 175
18 161
18 419
18 164
18 40
18 41
18 46
18 47
18 176
18 310
18 311
18 509
18 191
18 193
18 451
18 327
18 200
18 73
18 503
18 333
18 336
18 35
18 470
18 267
18 228
18 378
18 222
18 367
18 67
18 227
18 100
18 9
18 230
18 105
18 362
18 303
18 495
18 241
18 147
18 372
18 502
18 119
18 504
18 122
18 127
18 247
18 253
18 255
19 193
19 354
19 355
19 263
19 488
19 521
19 45
19 239
19 333
19 189
19 279
19 313
19 59
19 317
19 345
19 351
20 256
20 225
20 361
20 197
20 294
20 129
20 389
20 521
20 535
20 173
20 340
20 85
20 150
20 233
20 345
20 201
20 220
20 125
20 414
20 319
21 389
21 390
21 263
21 520
21 521
21 279
21 144
21 274
21 535
21 28
21 34
21 454
21 39
21 299
21 304
21 308
21 438
21 184
21 443
21 191
21 326
21 461
21 56
21 339
21 344
21 217
21 225
21 59
21 485
21 167
21 497
21 375
21 345
21 383
22 418
22 259
22 36
22 421
22 422
22 263
22 296
22 521
22 183
22 60
22 333
22 271
22 368
22 520
22 339
22 309
22 457
22 376
22 28
22 125
22 542
23 197
23 263
23 521
23 327
23 333
23 46
23 303
23 336
23 18
23 372
23 247
23 345
23 122
23 127
23 253
23 191
24 192
24 420
24 69
24 391
24 75
24 236
24 245
24 154
25 505
25 490
25 437
25 525
26 290
26 3
26 38
26 435
26 270
26 371
26 184
27 160
27 69
27 262
27 423
27 202
27 270
27 403
27 500
27 245
27 505
27 52
27 346
27 154
27 95
28 514
28 34
28 389
28 263
28 520
28 521
28 399
28 144
28 274
28 21
28 535
28 153
28 538
28 411
28 540
28 154
28 197
28 32
28 290
28 292
28 166
28 167
28 425
28 173
28 438
28 59
28 444
28 189
28 62
28 191
28 195
28 69
28 199
28 457
28 333
28 463
28 461
28 82
28 339
28 85
28 217
28 225
28 485
28 104
28 188
28 371
28 233
28 376
28 125
28 345
29 271
30 96
30 450
30 516
30 423
30 232
30 521
30 74
30 418
30 386
30 464
30 57
30 187
30 445
30 190
30 95
31 225
31 457
31 197
31 520
31 233
31 339
31 462
31 463
31 80
31 466
31 371
31 182
31 183
31 90
31 28
31 125
32 514
32 389
32 6
32 263
32 520
32 521
32 144
32 145
32 530
32 276
32 21
32 535
32 281
32 155
32 28
32 34
32 411
32 454
32 167
32 61
32 304
32 438
32 59
32 317
32 62
32 191
32 182
32 326
32 199
32 460
32 461
32 339
32 86
32 216
32 217
32 346
32 225
32 226
32 485
32 529
32 189
32 245
32 345
33 290
33 155
33 294
33 454
33 521
33 234
33 411
33 189
33 146
33 399
33 501
33 120
33 345
33 154
33 207
33 28
33 317
33 62
34 515
34 389
34 263
34 520
34 521
34 144
34 274
34 21
34 278
34 535
34 411
34 28
34 32
34 165
34 166
34 167
34 437
34 184
34 444
34 66
34 69
34 457
34 458
34 333
34 339
34 85
34 345
34 219
34 225
34 354
34 104
34 188
34 235
34 376
34 125
35 311
35 515
35 260
35 439
35 263
35 521
35 267
35 12
35 269
35 401
35 18
35 275
35 532
35 534
35 151
35 175
35 161
35 419
35 164
35 40
35 41
35 46
35 47
35 176
35 503
35 310
35 9
35 509
35 193
35 451
35 327
35 200
35 73
35 247
35 333
35 336
35 470
35 105
35 228
35 222
35 367
35 67
35 100
35 230
35 489
35 303
35 402
35 495
35 241
35 147
35 372
35 119
35 504
35 122
35 255
35 253
35 345
35 127
36 450
36 157
37 320
37 357
37 433
37 362
37 485
37 191
37 209
37 530
37 56
37 223
37 389
39 480
39 321
39 130
39 483
39 481
39 328
39 393
39 394
39 43
39 365
39 413
39 42
39 244
39 533
39 284
39 473
39 380
39 266
39 95
41 515
41 260
41 521
41 267
41 12
41 401
41 18
41 275
41 532
41 534
41 151
41 495
41 161
41 419
41 40
41 46
41 47
41 176
41 310
41 311
41 451
41 327
41 200
41 73
41 333
41 35
41 303
41 222
41 67
41 227
41 100
41 9
41 230
41 489
41 402
41 367
41 241
41 147
41 372
41 502
41 119
41 122
41 127
41 253
41 255
42 513
42 299
42 262
42 394
42 523
42 533
42 408
42 537
42 413
42 290
42 423
42 43
42 437
42 312
42 60
42 266
42 321
42 418
42 210
42 211
42 473
42 348
42 95
42 39
42 365
42 244
42 383
43 4
43 393
43 394
43 270
43 403
43 533
43 408
43 537
43 284
43 413
43 418
43 422
43 39
43 42
43 299
43 55
43 60
43 64
43 321
43 328
43 204
43 333
43 211
43 473
43 219
43 348
43 478
43 95
43 356
43 487
43 365
43 371
43 244
43 380
44 279
44 225
44 521
44 389
44 326
44 39
44 520
44 444
44 199
44 114
44 270
44 274
44 188
44 85
44 535
44 132
44 154
44 443
44 28
44 197
45 133
45 263
45 521
45 279
45 144
45 274
45 19
45 278
45 535
45 280
45 239
45 156
45 287
45 296
45 313
45 59
45 189
45 191
45 193
45 333
45 467
45 471
45 345
45 474
45 351
45 97
45 354
45 355
45 488
45 317
46 311
46 515
46 260
46 503
46 521
46 267
46 12
46 269
46 401
46 18
46 147
46 532
46 534
46 151
46 367
46 161
46 419
46 164
46 40
46 41
46 47
46 176
46 310
46 439
46 509
46 193
46 451
46 327
46 200
46 73
46 119
46 204
46 333
46 336
46 35
46 470
46 105
46 100
46 222
46 351
46 67
46 227
46 228
46 9
46 230
46 489
46 303
46 402
46 495
46 241
46 275
46 372
46 247
46 504
46 122
46 255
46 253
46 127
47 515
47 260
47 389
47 9
47 267
47 400
47 401
47 18
47 147
47 532
47 534
47 495
47 161
47 419
47 521
47 40
47 41
47 46
47 303
47 176
47 310
47 311
47 451
47 327
47 200
47 457
47 503
47 333
47 207
47 336
47 35
47 470
47 345
47 222
47 67
47 227
47 228
47 230
47 489
47 402
47 367
47 241
47 275
47 372
47 119
47 504
47 122
47 127
47 247
47 253
47 255
48 154
48 315
48 420
50 43
50 391
50 72
50 393
50 394
50 135
50 403
50 366
50 465
50 371
50 533
50 408
50 473
51 64
51 403
51 391
52 245
53 185
53 403
53 479
54 418
54 197
54 457
54 459
54 183
54 505
54 411
54 28
55 499
56 514
56 6
56 519
56 8
56 521
56 13
56 529
56 530
56 21
56 535
56 536
56 538
56 28
56 544
56 37
56 39
56 47
56 520
56 66
56 69
56 71
56 76
56 525
56 106
56 107
56 121
56 132
56 133
56 134
56 144
56 146
56 148
56 154
56 159
56 163
56 164
56 165
56 181
56 184
56 185
56 191
56 197
56 206
56 217
56 223
56 225
56 226
56 228
56 230
56 238
56 263
56 274
56 278
56 288
56 290
56 296
56 304
56 308
56 317
56 320
56 326
56 327
56 332
56 333
56 338
56 339
56 345
56 351
56 354
56 357
56 359
56 362
56 371
56 374
56 381
56 389
56 391
56 399
56 404
56 411
56 433
56 438
56 444
56 454
56 457
56 461
56 466
56 468
56 479
56 485
56 490
56 496
56 497
56 503
56 508
57 64
57 289
57 262
57 38
57 391
57 264
57 96
57 74
57 231
57 332
57 205
57 270
57 464
57 403
57 180
57 190
57 185
57 381
57 30
58 249
59 1
59 387
59 389
59 263
59 520
59 521
59 535
59 399
59 144
59 529
59 274
59 19
59 21
59 278
59 279
59 280
59 461
59 239
59 28
59 287
59 133
59 295
59 34
59 198
59 39
59 296
59 333
59 45
59 308
59 438
59 188
59 317
59 191
59 195
59 197
59 326
59 97
59 454
59 226
59 207
59 339
59 87
59 217
59 474
59 351
59 400
59 354
59 355
59 357
59 145
59 488
59 362
59 225
59 108
59 189
59 497
59 467
59 373
59 345
60 160
60 130
60 39
60 42
60 43
60 466
60 435
60 244
60 55
60 473
60 170
61 32
61 225
61 197
61 521
61 460
61 205
61 52
61 245
61 535
61 345
61 154
62 98
62 134
62 8
62 340
62 299
62 399
62 400
62 497
62 146
62 276
62 501
62 505
62 314
62 414
62 437
63 290
63 411
63 69
63 232
63 10
63 365
63 450
63 437
63 505
63 346
63 219
63 154
64 96
64 353
64 290
64 43
64 165
64 518
64 299
64 142
64 371
64 442
64 124
64 413
65 129
65 482
65 259
65 492
65 76
65 462
65 252
65 542
66 129
66 418
66 36
66 389
66 292
66 520
66 109
66 207
66 56
66 341
66 86
66 216
66 409
66 314
68 199
69 2
69 391
69 524
69 270
69 24
69 403
69 404
69 406
69 152
69 282
69 285
69 290
69 420
69 181
69 184
69 185
69 315
69 203
69 453
69 75
69 332
69 334
69 472
69 346
69 484
69 103
69 236
69 154
69 371
69 117
69 118
69 377
70 384
70 513
70 386
70 299
70 516
70 262
70 193
70 521
70 138
70 523
70 396
70 130
70 399
70 145
70 403
70 277
70 410
70 284
70 413
70 30
70 69
70 290
70 419
70 164
70 38
70 423
70 296
70 42
70 43
70 338
70 177
70 179
70 437
70 310
70 137
70 440
70 515
70 321
70 322
70 505
70 227
70 325
70 455
70 328
70 202
70 503
70 418
70 224
70 334
70 207
70 450
70 465
70 210
70 211
70 84
70 471
70 473
70 218
70 219
70 348
70 506
70 95
70 480
70 483
70 356
70 229
70 102
70 365
70 240
70 115
70 244
70 246
70 375
70 121
70 122
70 383
70 380
70 533
71 56
71 273
71 468
71 238
71 519
72 224
72 214
72 450
72 299
72 356
72 101
72 366
72 523
72 322
72 430
72 50
72 99
72 398
72 342
72 473
72 505
72 442
73 230
73 515
73 389
73 263
73 8
73 521
73 535
73 12
73 239
73 144
73 401
73 18
73 275
73 532
73 534
73 151
73 367
73 413
73 197
73 288
73 161
73 419
73 164
73 35
73 241
73 41
73 199
73 46
73 47
73 176
73 105
73 310
73 311
73 56
73 313
73 59
73 191
73 193
73 451
73 502
73 225
73 200
73 457
73 333
73 207
73 336
73 339
73 470
73 87
73 267
73 217
73 228
73 348
73 378
73 400
73 354
73 9
73 100
73 357
73 358
73 488
73 489
73 362
73 327
73 303
73 402
73 495
73 497
73 147
73 372
73 106
73 374
73 247
73 504
73 122
73 509
73 345
73 127
75 128
75 203
75 69
75 518
75 391
75 371
75 236
75 270
75 24
75 435
75 404
75 334
75 118
75 184
75 377
75 154
75 38
75 117
75 403
75 245
76 263
76 520
76 521
76 144
76 276
76 154
76 411
76 28
76 69
76 197
76 290
76 304
76 308
76 438
76 56
76 315
76 65
76 323
76 182
76 454
76 225
76 458
76 459
76 333
76 80
76 466
76 339
76 86
76 472
76 353
76 482
76 490
76 239
76 507
76 125
78 290
78 4
78 521
78 396
78 218
78 126
79 440
79 129
79 450
79 277
80 129
80 66
80 132
80 225
80 457
80 463
80 90
80 183
80 477
80 28
80 125
80 31
82 28
83 210
84 130
84 523
84 102
84 70
84 425
84 299
84 15
84 342
84 408
84 506
85 256
85 132
85 6
85 520
85 242
85 399
85 146
85 404
85 535
85 281
85 154
85 444
85 28
85 414
85 159
85 34
85 411
85 134
85 294
85 167
85 299
85 44
85 173
85 302
85 188
85 317
85 191
85 197
85 454
85 199
85 206
85 344
85 345
85 225
85 104
85 361
85 274
85 189
85 497
85 114
85 501
85 20
85 319
86 129
86 387
86 389
86 134
86 263
86 520
86 521
86 268
86 141
86 271
86 144
86 17
86 274
86 21
86 22
86 535
86 411
86 28
86 159
86 36
86 454
86 296
86 8
86 308
86 59
86 189
86 191
86 66
86 197
86 326
86 199
86 457
86 76
86 333
86 462
86 339
86 85
86 217
86 421
86 225
86 488
86 361
86 239
86 368
86 497
86 370
86 233
86 125
86 345
86 341
87 288
87 193
87 357
87 454
87 263
87 8
87 521
87 362
87 333
87 144
87 497
87 278
87 217
87 345
87 474
87 191
88 129
88 162
88 3
88 389
88 392
88 457
88 395
88 332
88 109
88 272
88 499
89 28
91 352
91 457
91 389
91 520
91 521
91 13
91 296
91 210
91 137
91 538
91 191
93 109
93 207
94 71
94 14
94 273
94 403
94 468
94 223
95 128
95 4
95 262
95 10
95 523
95 396
95 270
95 404
95 533
95 26
95 413
95 290
95 38
95 42
95 541
95 437
95 184
95 185
95 442
95 394
95 64
95 321
95 450
95 69
95 70
95 457
95 203
95 334
95 211
95 469
95 472
95 473
95 348
95 99
95 356
95 231
95 487
95 365
95 375
95 505
95 380
95 383
96 432
96 355
96 197
96 295
96 8
96 521
96 74
96 299
96 190
96 365
96 333
96 464
96 145
96 362
96 180
96 373
96 43
96 440
96 57
96 413
96 30
98 417
98 322
98 69
98 299
98 418
98 437
98 215
98 154
98 443
98 62
99 259
99 4
99 394
99 271
99 473
99 356
99 219
99 380
99 95
100 515
100 263
100 521
100 151
100 269
100 18
100 147
100 9
100 534
100 535
100 367
100 161
100 419
100 164
100 40
100 41
100 45
100 46
100 303
100 310
100 311
100 509
100 193
100 197
100 327
100 200
100 73
100 333
100 336
100 35
100 378
100 227
100 230
100 105
100 495
100 241
100 275
100 372
100 119
100 504
100 532
100 122
100 253
100 127
101 130
101 214
101 539
101 422
101 39
101 42
101 299
101 430
101 436
101 72
101 466
101 99
101 342
101 343
101 473
101 347
101 480
101 483
101 356
101 366
101 371
101 244
101 124
102 384
102 513
102 386
102 388
102 342
102 394
102 523
102 396
102 397
102 398
102 15
102 145
102 408
102 537
102 539
102 541
102 290
102 347
102 299
102 429
102 430
102 29
102 50
102 434
102 307
102 437
102 442
102 321
102 322
102 324
102 325
102 72
102 418
102 224
102 335
102 450
102 465
102 212
102 214
102 343
102 473
102 218
102 271
102 506
102 480
102 99
102 356
102 101
102 232
102 380
102 366
102 368
102 115
102 84
102 250
102 124
103 353
103 484
103 69
103 403
103 371
103 184
103 346
103 315
104 387
104 389
104 6
104 263
104 520
104 521
104 399
104 274
104 535
104 411
104 28
104 289
104 34
104 425
104 8
104 438
104 188
104 189
104 66
104 195
104 182
104 454
104 199
104 459
104 333
104 207
104 339
104 85
104 344
104 345
104 225
104 485
104 146
104 317
104 497
104 376
104 505
104 125
105 515
105 263
105 521
105 267
105 269
105 18
105 147
105 532
105 534
105 151
105 367
105 457
105 35
105 164
105 46
105 303
105 176
105 253
105 310
105 439
105 191
105 193
105 197
105 327
105 200
105 73
105 247
105 333
105 336
105 228
105 351
105 100
105 230
105 106
105 402
105 495
105 275
105 372
105 119
105 504
105 378
105 509
105 127
106 288
106 228
106 454
106 521
106 362
106 333
106 336
106 374
106 247
106 56
106 121
106 191
108 385
108 387
108 132
108 263
108 521
108 279
108 270
108 144
108 149
108 535
108 154
108 28
108 69
108 159
108 34
108 184
108 314
108 59
108 191
108 195
108 197
108 454
108 217
108 239
108 125
108 345
108 21
109 320
109 243
109 191
111 466
111 371
114 132
114 389
114 263
114 520
114 521
114 270
114 399
114 344
114 274
114 535
114 281
114 155
114 411
114 44
114 302
114 438
114 188
114 189
114 197
114 199
114 85
114 216
114 217
114 220
114 225
114 104
114 444
114 317
114 233
115 102
115 523
115 366
115 371
115 437
115 430
115 408
116 194
116 210
116 356
116 437
116 262
117 128
117 192
117 69
117 518
117 391
117 490
117 236
117 301
117 334
117 403
117 494
117 154
118 69
118 518
118 75
118 403
118 435
118 154
119 260
119 389
119 8
119 521
119 267
119 269
119 400
119 401
119 18
119 275
119 532
119 534
119 345
119 439
119 175
119 35
119 283
119 40
119 41
119 45
119 46
119 47
119 520
119 180
119 310
119 311
119 314
119 509
119 151
119 191
119 193
119 451
119 197
119 100
119 327
119 200
119 457
119 503
119 333
119 336
119 419
119 303
119 217
119 351
119 367
119 97
119 354
119 227
119 228
119 9
119 230
119 105
119 67
119 402
119 470
119 495
119 241
119 147
119 372
119 373
119 502
119 489
119 504
119 122
119 127
119 253
119 255
120 256
120 33
120 290
120 389
120 520
120 521
120 234
120 125
120 146
120 399
120 154
120 207
120 28
120 317
120 69
121 1
121 389
121 263
121 8
121 144
121 19
121 279
121 288
121 70
121 56
121 59
121 191
121 197
121 454
121 458
121 333
121 217
121 351
121 400
121 354
121 357
121 488
121 362
121 239
121 497
121 374
121 106
121 345
122 515
122 260
122 389
122 503
122 521
122 23
122 12
122 269
122 400
122 401
122 18
122 275
122 532
122 534
122 151
122 439
122 175
122 161
122 457
122 419
122 164
122 35
122 40
122 41
122 46
122 47
122 176
122 310
122 9
122 191
122 451
122 327
122 200
122 73
122 458
122 311
122 333
122 207
122 336
122 34
122 467
122 470
122 267
122 100
122 222
122 367
122 67
122 227
122 228
122 230
122 489
122 303
122 402
122 495
122 241
122 147
122 372
122 502
122 119
122 504
122 253
122 345
122 247
123 182
124 64
124 299
124 101
124 10
124 523
124 15
124 437
124 408
124 219
124 541
125 256
125 514
125 259
125 132
125 389
125 134
125 263
125 520
125 521
125 525
125 144
125 20
125 22
125 535
125 536
125 153
125 461
125 411
125 28
125 414
125 31
125 290
125 262
125 166
125 167
125 168
125 173
125 8
125 182
125 183
125 188
125 191
125 69
125 326
125 199
125 333
125 463
125 80
125 34
125 339
125 341
125 472
125 345
125 90
125 220
125 484
125 104
125 233
125 235
125 108
125 497
125 242
125 371
125 120
125 505
125 507
125 254
126 290
126 389
126 6
126 520
126 521
126 203
126 78
126 438
126 344
126 69
127 515
127 260
127 439
127 263
127 9
127 267
127 12
127 269
127 239
127 144
127 401
127 18
127 275
127 532
127 534
127 23
127 303
127 156
127 197
127 161
127 34
127 419
127 164
127 35
127 40
127 41
127 45
127 46
127 175
127 176
127 521
127 310
127 311
127 313
127 509
127 151
127 191
127 193
127 451
127 228
127 327
127 200
127 73
127 503
127 333
127 207
127 336
127 467
127 470
127 217
127 348
127 222
127 351
127 367
127 97
127 354
127 227
127 100
127 230
127 47
127 105
127 362
127 67
127 402
127 495
127 489
127 241
127 147
127 372
127 106
127 502
127 119
127 504
127 247
127 253
127 345
127 255
128 64
128 38
128 391
128 403
128 494
128 371
128 117
128 377
129 225
129 389
129 294
129 199
129 233
129 535
129 150
129 361
129 201
129 220
130 384
130 480
130 386
130 483
130 513
130 455
130 138
130 523
130 396
130 322
130 240
130 465
130 84
130 450
130 224
130 218
131 132
131 389
131 263
131 521
131 270
131 528
131 530
131 381
131 21
131 279
131 28
131 414
131 69
131 39
131 274
131 299
131 308
131 183
131 184
131 317
131 191
131 195
131 197
131 326
131 339
131 217
131 219
131 229
131 485
131 365
131 239
131 375
131 125
131 345
131 383
132 259
132 4
132 389
132 134
132 520
132 521
132 142
132 144
132 274
132 535
132 411
132 31
132 34
132 425
132 44
132 206
132 438
132 56
132 443
132 444
132 317
132 191
132 449
132 66
132 69
132 454
132 457
132 461
132 462
132 80
132 184
132 85
132 344
132 345
132 90
132 233
132 108
132 114
132 125
133 1
133 515
133 263
133 392
133 521
133 13
133 399
133 274
133 278
133 279
133 280
133 410
133 156
133 287
133 419
133 295
133 45
133 56
133 313
133 59
133 316
133 193
133 197
133 333
133 467
133 217
133 474
133 351
133 354
133 355
133 358
133 239
133 345
134 384
134 129
134 132
134 513
134 6
134 263
134 520
134 521
134 239
134 144
134 276
134 535
134 155
134 28
134 197
134 34
134 411
134 296
134 299
134 173
134 304
134 308
134 437
134 438
134 457
134 56
134 168
134 317
134 62
134 182
134 454
134 199
134 389
134 333
134 462
134 339
134 340
134 85
134 86
134 344
134 345
134 488
134 93
134 224
134 225
134 104
134 233
134 189
134 497
134 125
135 169
135 371
135 293
135 102
136 210
136 170
137 224
137 354
137 516
137 70
137 178
137 138
137 290
137 418
137 450
137 270
137 143
137 145
137 210
137 499
137 500
137 437
137 505
137 383
137 95
138 64
138 450
138 75
138 516
138 262
138 231
138 423
138 386
138 418
138 145
138 437
138 375
138 473
138 505
139 245
141 480
141 129
141 225
141 233
141 199
141 462
141 449
141 457
141 28
141 542
141 361
142 4
142 389
142 6
142 520
142 521
142 396
142 132
142 290
142 181
142 438
142 184
142 66
142 195
142 69
142 455
142 203
142 78
142 344
142 218
142 349
142 231
142 494
142 371
142 126
144 384
144 513
144 34
144 389
144 134
144 263
144 520
144 521
144 535
144 239
144 530
144 276
144 21
144 278
144 279
144 411
144 156
144 159
144 32
144 290
144 163
144 422
144 454
144 166
144 167
144 296
144 425
144 197
144 333
144 45
144 304
144 308
144 437
144 182
144 56
144 6
144 59
144 316
144 317
144 191
144 438
144 326
144 76
144 226
144 28
144 461
144 336
144 466
144 339
144 86
144 344
144 217
144 474
144 348
144 351
144 97
144 354
144 228
144 357
144 488
144 362
144 39
144 365
144 189
144 497
144 376
144 125
144 345
144 405
145 384
145 192
145 516
145 517
145 390
145 138
145 523
145 270
145 143
145 404
145 154
145 411
145 30
145 290
145 262
145 42
145 299
145 180
145 437
145 185
145 315
145 63
145 64
145 321
145 194
145 69
145 70
145 331
145 418
145 334
145 343
145 473
145 218
145 219
145 95
145 96
145 59
145 356
145 102
145 231
145 232
145 365
145 371
145 375
145 505
145 383
146 385
146 387
146 389
146 263
146 520
146 521
146 399
146 150
146 535
146 281
146 155
146 28
146 159
146 33
146 411
146 294
146 39
146 427
146 302
146 438
146 183
146 56
146 314
146 188
146 317
146 62
146 191
146 182
146 454
146 199
146 206
146 207
146 339
146 85
146 86
146 219
146 225
146 104
146 234
146 189
146 497
146 242
146 501
146 120
146 381
147 311
147 515
147 260
147 263
147 521
147 267
147 12
147 269
147 239
147 401
147 18
147 275
147 532
147 534
147 345
147 175
147 161
147 419
147 164
147 40
147 41
147 46
147 47
147 176
147 9
147 503
147 310
147 439
147 151
147 191
147 193
147 451
147 197
147 327
147 200
147 73
147 119
147 333
147 336
147 35
147 470
147 228
147 351
147 367
147 227
147 100
147 374
147 230
147 105
147 106
147 303
147 402
147 495
147 489
147 241
147 372
147 502
147 247
147 504
147 122
147 127
147 253
147 255
148 385
148 389
148 257
148 56
148 443
148 350
148 191
150 32
150 129
150 521
150 197
150 294
150 225
150 389
150 361
150 173
150 256
150 220
150 340
150 154
150 535
150 20
150 201
150 233
150 28
150 189
150 414
150 319
151 515
151 263
151 8
151 521
151 13
151 18
151 147
151 532
151 534
151 345
151 367
151 457
151 35
151 164
151 46
151 303
151 176
151 310
151 311
151 191
151 197
151 327
151 200
151 73
151 204
151 333
151 269
151 336
151 217
151 348
151 100
151 230
151 105
151 402
151 495
151 275
151 372
151 119
151 504
151 127
152 290
152 484
152 69
152 472
152 346
152 154
154 128
154 51
154 518
154 391
154 64
154 522
154 524
154 527
154 403
154 24
154 69
154 290
154 420
154 301
154 48
154 435
154 441
154 315
154 192
154 452
154 453
154 75
154 332
154 334
154 469
154 236
154 113
154 117
154 118
154 377
154 510
155 129
155 389
155 6
155 520
155 521
155 399
155 344
155 146
155 276
155 535
155 411
155 28
155 197
155 32
155 134
155 438
155 188
155 189
155 62
155 262
155 182
155 454
155 207
155 85
155 216
155 345
155 93
155 225
155 104
155 233
155 317
155 497
155 114
155 505
155 125
156 1
156 515
156 133
156 263
156 520
156 521
156 13
156 144
156 274
156 19
156 278
156 535
156 280
156 239
156 287
156 419
156 295
156 45
156 313
156 317
156 193
156 454
156 333
156 336
156 467
156 471
156 474
156 351
156 354
156 355
156 358
156 495
156 502
156 503
156 127
158 521
158 191
158 39
159 385
159 389
159 263
159 520
159 521
159 144
159 146
159 21
159 535
159 154
159 28
159 69
159 289
159 34
159 165
159 39
159 189
159 438
159 183
159 184
159 314
159 443
159 444
159 317
159 191
159 195
159 197
159 199
159 56
159 85
159 86
159 217
159 528
159 104
159 108
159 365
159 239
159 242
159 381
159 345
159 383
160 129
160 389
160 520
160 526
160 271
160 22
160 28
160 541
160 290
160 36
160 296
160 304
160 437
160 183
160 60
160 62
160 66
160 457
160 202
160 333
160 341
160 95
160 356
160 102
160 233
160 497
160 500
160 505
161 515
161 260
161 520
161 521
161 535
161 12
161 239
161 401
161 18
161 147
161 532
161 534
161 279
161 495
161 34
161 35
161 241
161 40
161 41
161 43
161 46
161 47
161 176
161 310
161 311
161 193
161 451
161 327
161 200
161 73
161 470
161 267
161 345
161 222
161 67
161 100
161 230
161 488
161 489
161 367
161 497
161 275
161 502
161 503
161 122
161 127
162 3
162 392
162 457
162 170
162 143
162 216
162 210
162 88
162 538
162 446
163 1
163 515
163 8
163 9
163 12
163 13
163 18
163 19
163 532
163 534
163 23
163 34
163 35
163 40
163 41
163 43
163 45
163 46
163 47
163 520
163 521
163 56
163 59
163 67
163 70
163 73
163 87
163 96
163 97
163 100
163 105
163 106
163 119
163 121
163 122
163 127
163 133
163 535
163 144
163 147
163 151
163 156
163 161
163 164
163 175
163 176
163 180
163 189
163 191
163 193
163 197
163 198
163 199
163 200
163 204
163 207
163 216
163 217
163 222
163 225
163 227
163 228
163 230
163 239
163 241
163 247
163 253
163 255
163 260
163 263
163 267
163 269
163 274
163 275
163 277
163 278
163 279
163 280
163 283
163 287
163 288
163 295
163 296
163 303
163 304
163 305
163 310
163 311
163 313
163 314
163 316
163 317
163 318
163 327
163 333
163 336
163 339
163 345
163 348
163 351
163 354
163 355
163 357
163 358
163 362
163 367
163 372
163 373
163 374
163 378
163 389
163 392
163 399
163 400
163 401
163 402
163 405
163 410
163 413
163 419
163 439
163 440
163 451
163 454
163 457
163 458
163 467
163 470
163 471
163 474
163 488
163 489
163 495
163 497
163 502
163 503
163 504
163 509
164 515
164 439
164 263
164 8
164 521
164 535
164 269
164 399
164 34
164 401
164 18
164 275
164 532
164 277
164 534
164 151
164 280
164 367
164 267
164 457
164 419
164 295
164 46
164 303
164 176
164 310
164 9
164 440
164 313
164 314
164 318
164 191
164 193
164 451
164 147
164 197
164 70
164 327
164 200
164 73
164 458
164 311
164 333
164 207
164 336
164 35
164 216
164 100
164 222
164 351
164 96
164 354
164 227
164 228
164 230
164 105
164 402
164 495
164 19
164 372
164 502
164 119
164 504
164 122
164 247
164 253
164 345
164 127
165 64
165 353
165 290
165 69
165 518
165 264
165 403
165 371
165 332
165 143
165 145
165 384
165 435
165 181
165 154
165 38
165 381
166 34
166 235
166 144
166 339
166 28
166 125
167 389
167 6
167 263
167 520
167 521
167 270
167 144
167 529
167 21
167 535
167 28
167 32
167 34
167 8
167 438
167 184
167 317
167 191
167 195
167 454
167 339
167 217
167 225
167 226
167 485
167 497
167 125
167 345
168 129
168 386
168 259
168 513
168 134
168 263
168 520
168 521
168 271
168 144
168 22
168 28
168 197
168 160
168 34
168 36
168 262
168 296
168 425
168 308
168 182
168 183
168 56
168 60
168 66
168 438
168 333
168 466
168 339
168 341
168 86
168 477
168 421
168 225
168 356
168 102
168 488
168 233
168 239
168 368
168 125
169 505
169 418
169 60
169 102
170 210
170 60
170 55
171 291
171 531
172 450
172 197
172 521
172 299
172 322
172 66
172 418
172 339
172 86
172 425
172 411
172 28
173 256
173 129
173 514
173 389
173 134
173 520
173 521
173 20
173 150
173 535
173 154
173 411
173 28
173 414
173 69
173 290
173 171
173 315
173 189
173 319
173 197
173 201
173 340
173 85
173 345
173 346
173 220
173 225
173 361
173 317
173 233
173 125
174 273
174 530
175 515
175 263
175 8
175 9
175 401
175 18
175 147
175 534
175 35
175 303
175 176
175 310
175 521
175 451
175 197
175 327
175 200
175 311
175 333
175 207
175 336
175 345
175 275
175 372
175 119
175 504
175 122
175 127
176 515
176 439
176 503
176 521
176 267
176 12
176 269
176 400
176 401
176 18
176 275
176 532
176 534
176 151
176 175
176 161
176 457
176 419
176 164
176 40
176 41
176 46
176 47
176 310
176 9
176 509
176 191
176 193
176 451
176 327
176 200
176 73
176 311
176 333
176 336
176 35
176 303
176 100
176 367
176 227
176 228
176 230
176 105
176 402
176 495
176 489
176 241
176 147
176 372
176 502
176 119
176 504
176 122
176 127
176 253
176 255
179 384
179 262
179 393
179 138
179 523
179 396
179 450
179 533
179 413
179 418
179 423
179 170
179 299
179 437
179 137
179 321
179 322
179 70
179 328
179 224
179 465
179 211
179 473
179 218
179 219
179 95
179 480
179 483
179 356
179 365
179 499
179 505
179 380
180 96
180 450
180 505
180 516
180 262
180 331
180 204
180 386
180 432
180 145
180 190
180 375
180 57
180 30
181 64
181 38
181 518
181 490
181 403
181 270
181 435
181 494
181 184
181 377
183 129
183 290
183 217
183 389
183 225
183 8
183 233
183 199
183 418
183 497
183 339
183 22
183 457
183 361
183 345
183 90
183 28
183 69
183 197
184 64
184 290
184 203
184 69
184 38
184 391
184 332
184 490
184 75
184 236
184 435
184 270
184 466
184 371
184 334
184 181
184 404
184 154
184 315
184 403
184 510
185 128
185 192
185 403
187 486
188 385
188 389
188 262
188 129
188 520
188 521
188 535
188 270
188 399
188 144
188 146
188 276
188 279
188 155
188 28
188 69
188 290
188 411
188 454
188 167
188 263
188 44
188 302
188 308
188 438
188 183
188 184
188 6
188 59
188 444
188 317
188 195
188 197
188 326
188 199
188 34
188 56
188 339
188 85
188 344
188 345
188 225
188 485
188 104
188 39
188 274
188 189
188 497
188 114
188 501
188 125
189 387
189 389
189 6
189 263
189 520
189 521
189 270
189 399
189 146
189 276
189 21
189 535
189 281
189 411
189 28
189 32
189 134
189 167
189 302
189 304
189 306
189 52
189 182
189 184
189 443
189 317
189 191
189 197
189 326
189 199
189 454
189 204
189 333
189 207
189 339
189 85
189 344
189 217
189 485
189 225
189 59
189 357
189 104
189 497
189 370
189 503
189 125
189 345
190 96
190 290
190 69
190 394
190 332
190 464
190 371
190 180
190 473
190 57
190 403
190 517
191 520
191 521
191 13
191 530
191 19
191 21
191 534
191 535
191 538
191 28
191 542
191 32
191 45
191 56
191 59
191 69
191 85
191 86
191 87
191 91
191 105
191 106
191 109
191 121
191 125
191 132
191 144
191 148
191 159
191 167
191 184
191 197
191 198
191 207
191 217
191 223
191 225
191 226
191 228
191 239
191 243
191 247
191 253
191 263
191 274
191 275
191 283
191 288
191 290
191 296
191 303
191 304
191 308
191 317
191 320
191 326
191 333
191 336
191 338
191 339
191 345
191 351
191 352
191 354
191 355
191 357
191 358
191 359
191 362
191 365
191 374
191 389
191 391
191 400
191 403
191 410
191 413
191 426
191 433
191 438
191 454
191 457
191 458
191 461
191 467
191 468
191 474
191 488
191 493
191 497
191 508
192 38
192 518
192 391
192 494
192 403
192 117
192 377
192 24
192 185
192 154
193 1
193 515
193 133
193 520
193 263
193 8
193 521
193 535
193 13
193 399
193 144
193 18
193 275
193 532
193 278
193 279
193 280
193 239
193 156
193 413
193 197
193 87
193 164
193 295
193 296
193 534
193 43
193 45
193 46
193 303
193 189
193 180
193 310
193 440
193 313
193 314
193 59
193 316
193 317
193 191
193 19
193 228
193 495
193 70
193 327
193 200
193 73
193 106
193 204
193 333
193 207
193 336
193 467
193 471
193 216
193 217
193 474
193 348
193 351
193 400
193 354
193 227
193 100
193 357
193 230
193 488
193 105
193 362
193 402
193 367
193 497
193 147
193 372
193 373
193 502
193 119
193 253
193 345
193 127
194 229
194 262
194 423
194 299
194 177
194 115
194 116
194 437
194 505
194 413
195 389
195 391
195 396
195 270
195 403
195 404
195 154
195 28
195 69
195 412
195 300
195 183
195 184
195 59
195 197
195 345
195 475
195 223
195 354
195 485
195 108
195 242
195 371
197 512
197 3
197 517
197 519
197 520
197 521
197 13
197 14
197 16
197 530
197 535
197 26
197 30
197 36
197 37
197 38
197 39
197 49
197 53
197 55
197 56
197 57
197 58
197 66
197 71
197 74
197 83
197 88
197 91
197 93
197 94
197 109
197 112
197 129
197 136
197 137
197 143
197 157
197 158
197 162
197 170
197 174
197 178
197 179
197 542
197 185
197 186
197 187
197 190
197 191
197 195
197 196
197 209
197 210
197 211
197 216
197 221
197 223
197 225
197 238
197 243
197 248
197 249
197 251
197 258
197 270
197 272
197 273
197 275
197 538
197 293
197 296
197 297
197 300
197 316
197 320
197 325
197 332
197 337
197 338
197 352
197 354
197 357
197 359
197 360
197 362
197 363
197 373
197 379
197 389
197 391
197 392
197 395
197 403
197 412
197 415
197 416
197 424
197 426
197 428
197 432
197 433
197 436
197 438
197 445
197 446
197 456
197 457
197 464
197 467
197 468
197 475
197 479
197 485
197 486
197 491
197 493
197 496
197 499
197 500
197 508
198 191
198 355
198 389
198 263
198 521
198 362
198 305
198 13
198 497
198 410
198 30
198 374
198 279
198 440
198 474
198 59
198 316
198 317
198 318
198 197
199 514
199 6
199 7
199 520
199 521
199 531
199 20
199 535
199 27
199 28
199 543
199 32
199 33
199 52
199 61
199 62
199 69
199 85
199 93
199 95
199 103
199 104
199 114
199 120
199 123
199 125
199 129
199 134
199 139
199 146
199 150
199 152
199 154
199 155
199 160
199 163
199 171
199 173
199 182
199 188
199 189
199 197
199 201
199 202
199 205
199 207
199 208
199 216
199 220
199 225
199 233
199 234
199 245
199 254
199 256
199 261
199 262
199 265
199 276
199 281
199 282
199 285
199 286
199 290
199 291
199 294
199 302
199 304
199 312
199 315
199 317
199 319
199 329
199 340
199 344
199 345
199 346
199 353
199 361
199 364
199 389
199 399
199 406
199 411
199 414
199 423
199 438
199 447
199 448
199 454
199 460
199 472
199 478
199 484
199 487
199 497
199 500
199 501
199 505
200 260
200 521
200 267
200 269
200 303
200 402
200 147
200 9
200 534
200 151
200 175
200 161
200 419
200 164
200 40
200 41
200 46
200 47
200 310
200 311
200 313
200 509
200 193
200 451
200 327
200 503
200 336
200 35
200 470
200 228
200 222
200 351
200 367
200 67
200 227
200 100
200 230
200 105
200 495
200 489
200 241
200 275
200 372
200 502
200 119
200 504
200 253
200 127
201 129
201 389
201 150
201 535
201 281
201 154
201 27
201 414
201 69
201 290
201 294
201 423
201 315
201 62
201 319
201 197
201 202
201 207
201 220
201 95
201 225
201 233
201 500
201 361
201 505
202 513
202 418
202 483
202 356
202 423
202 348
202 266
202 523
202 500
202 533
202 473
202 408
202 505
202 27
202 380
202 95
203 184
203 466
203 435
203 69
204 386
205 394
207 256
207 515
207 6
207 263
207 520
207 521
207 138
207 13
207 418
207 400
207 410
207 274
207 276
207 277
207 278
207 535
207 280
207 409
207 154
207 155
207 538
207 286
207 497
207 33
207 290
207 164
207 134
207 294
207 423
207 296
207 199
207 304
207 8
207 308
207 414
207 182
207 201
207 440
207 313
207 314
207 59
207 232
207 373
207 193
207 322
207 505
207 197
207 70
207 327
207 73
207 239
207 98
207 336
207 467
207 340
207 471
207 344
207 218
207 399
207 220
207 93
207 20
207 95
207 225
207 354
207 355
207 357
207 488
207 361
207 362
207 364
207 146
207 437
207 255
207 240
207 241
207 372
207 501
207 502
207 120
207 121
207 122
207 191
207 127
208 290
208 356
208 202
208 437
208 505
208 394
209 403
209 38
210 42
210 170
211 513
211 258
211 391
211 307
211 523
211 270
211 403
211 533
211 408
211 154
211 284
211 418
211 38
211 39
211 42
211 299
211 179
211 436
211 55
211 60
211 445
211 190
211 321
211 325
211 455
211 457
211 332
211 95
211 480
211 483
211 356
211 422
211 102
211 231
211 381
211 499
211 244
211 137
211 380
211 170
211 383
212 384
212 480
212 450
212 262
212 102
212 371
212 213
213 356
213 422
214 356
214 450
214 60
215 129
215 262
215 8
215 138
215 268
215 66
215 400
215 409
215 538
215 411
215 540
215 417
215 418
215 292
215 28
215 299
215 308
215 437
215 314
215 62
215 322
215 197
215 326
215 207
215 82
215 345
215 218
215 98
215 356
215 232
215 490
215 240
215 246
215 511
216 256
216 129
216 32
216 197
216 225
216 520
216 362
216 199
216 304
216 467
216 535
216 191
217 1
217 299
217 132
217 389
217 6
217 263
217 520
217 521
217 535
217 13
217 399
217 144
217 19
217 21
217 278
217 279
217 283
217 28
217 413
217 159
217 288
217 289
217 295
217 296
217 43
217 8
217 308
217 438
217 184
217 59
217 317
217 191
217 197
217 454
217 239
217 333
217 461
217 339
217 86
217 87
217 345
217 348
217 351
217 354
217 357
217 362
217 365
217 189
217 497
217 370
217 383
218 384
218 418
218 299
218 356
218 465
218 8
218 455
218 15
218 145
218 505
218 143
218 349
219 384
219 386
219 427
219 516
219 262
219 135
219 264
219 393
219 10
219 396
219 194
219 15
219 145
219 404
219 533
219 408
219 299
219 154
219 411
219 284
219 541
219 290
219 293
219 423
219 43
219 413
219 434
219 179
219 437
219 441
219 138
219 394
219 63
219 321
219 322
219 69
219 70
219 455
219 328
219 457
219 332
219 224
219 334
219 450
219 211
219 343
219 473
219 478
219 95
219 480
219 99
219 356
219 229
219 102
219 231
219 232
219 380
219 39
219 365
219 240
219 371
219 375
219 505
219 506
219 124
219 418
219 383
220 256
220 129
220 389
220 262
220 20
220 150
220 535
220 411
220 28
220 414
220 173
220 438
220 62
220 319
220 197
220 201
220 207
220 340
220 345
220 93
220 95
220 225
220 361
220 233
220 125
221 66
221 36
221 389
221 325
221 520
221 521
221 392
221 272
221 456
221 211
221 436
221 457
221 216
221 88
221 179
221 293
222 515
222 521
222 267
222 12
222 269
222 402
222 147
222 532
222 534
222 367
222 161
222 419
222 164
222 40
222 41
222 46
222 47
222 310
222 311
222 451
222 327
222 200
222 333
222 336
222 35
222 470
222 67
222 230
222 489
222 18
222 495
222 241
222 275
222 372
222 119
222 504
222 122
222 255
222 127
223 320
223 195
223 485
223 38
223 391
223 521
223 332
223 174
223 530
223 243
223 270
223 56
223 185
223 26
223 475
223 403
223 94
223 191
224 386
224 262
224 137
224 138
224 523
224 450
224 398
224 15
224 145
224 408
224 539
224 240
224 418
224 299
224 321
224 322
224 454
224 72
224 331
224 214
224 95
224 480
224 102
224 365
224 366
224 368
224 250
224 383
225 6
225 8
225 521
225 13
225 528
225 17
225 20
225 21
225 535
225 28
225 31
225 32
225 34
225 43
225 520
225 56
225 59
225 61
225 62
225 69
225 81
225 85
225 86
225 95
225 104
225 109
225 114
225 129
225 132
225 134
225 141
225 144
225 146
225 150
225 155
225 163
225 167
225 173
225 182
225 183
225 543
225 188
225 189
225 191
225 197
225 199
225 201
225 207
225 210
225 216
225 217
225 220
225 233
225 256
225 263
225 274
225 279
225 281
225 283
225 294
225 299
225 302
225 304
225 305
225 306
225 308
225 314
225 317
225 319
225 326
225 330
225 333
225 338
225 339
225 340
225 344
225 345
225 346
225 352
225 355
225 356
225 357
225 358
225 361
225 362
225 373
225 375
225 385
225 387
225 389
225 399
225 400
225 404
225 411
225 414
225 423
225 425
225 427
225 433
225 437
225 438
225 443
225 444
225 454
225 457
225 460
225 461
225 467
225 468
225 471
225 475
225 485
225 491
225 497
225 501
225 503
226 32
226 195
226 485
226 326
226 263
226 8
226 521
226 167
226 461
226 270
226 144
226 529
226 530
226 339
226 308
226 21
226 56
226 345
226 59
226 191
227 515
227 260
227 439
227 521
227 400
227 401
227 18
227 147
227 532
227 278
227 535
227 495
227 164
227 41
227 46
227 47
227 176
227 310
227 311
227 193
227 451
227 228
227 70
227 327
227 200
227 457
227 503
227 333
227 207
227 470
227 217
227 100
227 9
227 230
227 489
227 303
227 402
227 367
227 241
227 275
227 373
227 119
227 122
227 127
227 345
227 255
228 389
228 263
228 521
228 269
228 239
228 400
228 18
228 275
228 532
228 278
228 345
228 283
228 413
228 288
228 35
228 164
228 241
228 296
228 534
228 199
228 46
228 303
228 310
228 9
228 56
228 313
228 59
228 191
228 193
228 197
228 454
228 327
228 200
228 247
228 333
228 336
228 87
228 217
228 474
228 351
228 367
228 144
228 354
228 227
228 374
228 230
228 105
228 362
228 495
228 497
228 147
228 372
228 106
228 502
228 119
228 504
228 121
228 253
229 386
229 516
229 262
229 523
229 322
229 15
229 408
229 411
229 413
229 418
229 70
229 299
229 177
229 437
229 194
229 326
229 331
229 338
229 346
229 219
229 356
229 102
229 232
229 115
229 116
229 505
229 506
229 383
230 515
230 260
230 439
230 521
230 267
230 269
230 400
230 401
230 18
230 275
230 532
230 277
230 534
230 151
230 367
230 161
230 419
230 164
230 40
230 41
230 43
230 46
230 47
230 176
230 310
230 311
230 56
230 509
230 191
230 193
230 451
230 100
230 327
230 200
230 73
230 503
230 333
230 336
230 35
230 470
230 105
230 217
230 348
230 222
230 351
230 96
230 67
230 227
230 228
230 9
230 489
230 303
230 402
230 495
230 241
230 147
230 372
230 502
230 119
230 504
230 122
230 253
230 127
231 64
232 418
232 219
232 4
232 229
232 102
232 394
232 299
232 15
232 434
232 408
232 356
232 95
232 380
232 413
232 30
232 63
233 256
233 129
233 259
233 389
233 262
233 520
233 521
233 66
233 141
233 20
233 150
233 535
233 154
233 411
233 28
233 414
233 31
233 160
233 290
233 294
233 425
233 173
233 181
233 457
233 450
233 323
233 197
233 454
233 199
233 201
233 330
233 418
233 463
233 81
233 340
233 345
233 90
233 220
233 225
233 361
233 490
233 497
233 69
233 507
233 125
234 33
234 199
234 104
234 242
234 289
234 399
234 146
234 149
234 120
234 314
234 411
234 381
234 501
236 69
236 75
236 334
236 24
236 403
236 117
236 184
237 361
237 514
237 125
237 542
237 271
238 56
239 1
239 131
239 389
239 134
239 263
239 520
239 521
239 535
239 144
239 529
239 274
239 19
239 276
239 405
239 278
239 279
239 280
239 411
239 156
239 287
239 133
239 165
239 168
239 45
239 303
239 437
239 182
239 184
239 313
239 159
239 316
239 317
239 191
239 193
239 326
239 454
239 333
239 461
239 467
239 344
239 217
239 474
239 351
239 97
239 354
239 59
239 228
239 358
239 104
239 444
239 362
239 296
239 108
239 189
239 488
239 121
239 490
239 345
240 224
240 480
240 418
240 99
240 262
240 70
240 455
240 380
240 210
240 244
240 437
240 348
241 515
241 260
241 389
241 503
241 8
241 521
241 267
241 12
241 269
241 400
241 401
241 18
241 275
241 532
241 534
241 535
241 367
241 161
241 457
241 419
241 40
241 41
241 263
241 46
241 47
241 176
241 310
241 9
241 151
241 193
241 451
241 197
241 327
241 200
241 73
241 311
241 333
241 207
241 336
241 35
241 470
241 105
241 100
241 222
241 354
241 227
241 228
241 230
241 489
241 67
241 303
241 402
241 495
241 147
241 372
241 502
241 119
241 504
241 122
241 127
241 247
241 253
241 345
241 255
242 385
242 389
242 520
242 521
242 146
242 535
242 154
242 28
242 414
242 159
242 290
242 302
242 183
242 314
242 444
242 317
242 195
242 199
242 34
242 85
242 345
242 225
242 104
242 188
242 234
242 114
242 125
243 320
243 109
244 481
244 321
244 4
244 211
244 39
244 394
244 43
244 466
244 210
244 499
244 408
244 473
244 60
244 190
245 64
245 289
245 420
245 391
245 75
245 403
245 270
245 51
245 52
245 24
246 396
247 515
247 521
247 23
247 13
247 303
247 18
247 147
247 9
247 534
247 535
247 495
247 419
247 164
247 46
247 47
247 310
247 311
247 191
247 193
247 374
247 327
247 73
247 439
247 333
247 336
247 35
247 105
247 228
247 489
247 106
247 367
247 241
247 275
247 502
247 503
247 253
247 127
248 210
249 58
250 224
250 523
250 102
250 299
250 365
250 366
250 15
250 437
250 505
250 506
252 65
252 482
252 492
253 515
253 263
253 9
253 267
253 400
253 303
253 18
253 275
253 532
253 534
253 345
253 495
253 419
253 164
253 41
253 46
253 47
253 176
253 521
253 310
253 311
253 191
253 193
253 451
253 197
253 327
253 200
253 457
253 119
253 333
253 336
253 35
253 470
253 217
253 228
253 351
253 97
253 354
253 100
253 230
253 105
253 402
253 367
253 241
253 147
253 502
253 247
253 504
253 122
253 127
254 290
254 4
254 389
254 364
254 473
254 442
254 125
254 95
255 515
255 389
255 503
255 521
255 267
255 401
255 402
255 147
255 532
255 534
255 303
255 288
255 35
255 40
255 46
255 47
255 176
255 310
255 311
255 451
255 327
255 457
255 439
255 333
255 207
255 345
255 227
255 9
255 18
255 495
255 241
255 275
255 119
255 504
255 127
256 129
256 514
256 389
256 520
256 20
256 150
256 535
256 154
256 28
256 414
256 69
256 290
256 423
256 173
256 312
256 188
256 62
256 197
256 207
256 340
256 85
256 216
256 345
256 93
256 95
256 225
256 104
256 361
256 233
256 120
256 125
258 211
258 436
258 445
258 467
259 132
259 262
259 263
259 521
259 523
259 271
259 22
259 541
259 542
259 36
259 422
259 296
259 65
259 322
259 197
259 457
259 333
259 466
259 341
259 214
259 99
259 233
259 368
259 125
261 353
261 290
261 282
261 484
261 69
261 103
261 7
261 514
261 154
261 52
261 406
261 472
261 346
261 315
261 285
262 39
262 42
262 43
262 143
262 413
262 383
263 259
263 389
263 134
263 520
263 521
263 535
263 365
263 144
263 146
263 275
263 276
263 21
263 278
263 279
263 39
263 22
263 411
263 156
263 413
263 104
263 287
263 133
263 197
263 163
263 6
263 422
263 167
263 296
263 28
263 274
263 43
263 45
263 308
263 310
263 56
263 313
263 59
263 60
263 317
263 191
263 193
263 228
263 182
263 326
263 239
263 226
263 333
263 461
263 339
263 87
263 344
263 217
263 474
263 351
263 97
263 354
263 356
263 357
263 358
263 438
263 488
263 105
263 362
263 295
263 530
263 189
263 368
263 497
263 114
263 19
263 125
263 345
264 64
264 290
264 69
264 518
264 522
264 75
264 332
264 270
264 527
264 145
264 371
264 181
264 184
264 377
264 154
264 38
264 403
264 117
266 513
266 517
266 262
266 394
266 523
266 270
266 272
266 145
266 408
266 154
266 69
266 418
266 423
266 170
266 435
266 55
266 184
266 60
266 64
266 321
266 450
266 325
266 457
266 210
266 473
266 348
266 95
266 483
266 356
266 102
266 39
266 381
266 42
267 515
267 260
267 521
267 402
267 275
267 9
267 534
267 161
267 35
267 46
267 47
267 310
267 311
267 67
267 327
267 200
267 439
267 333
267 470
267 345
267 105
267 18
267 367
267 241
267 504
267 253
267 127
268 385
268 387
268 389
268 262
268 129
268 520
268 521
268 10
268 66
268 239
268 144
268 145
268 274
268 276
268 21
268 535
268 299
268 538
268 411
268 28
268 417
268 418
268 292
268 326
268 427
268 8
268 530
268 308
268 437
268 138
268 183
268 314
268 59
268 188
268 317
268 62
268 191
268 322
268 195
268 197
268 454
268 225
268 207
268 339
268 86
268 217
268 218
268 199
268 96
268 400
268 356
268 263
268 490
268 146
268 189
268 240
268 497
268 370
268 375
268 383
268 125
268 345
268 511
269 515
269 9
269 267
269 402
269 147
269 532
269 534
269 151
269 367
269 419
269 521
269 46
269 303
269 176
269 439
269 191
269 228
269 327
269 200
269 311
269 333
269 336
269 35
269 164
269 100
269 230
269 105
269 18
269 495
269 275
269 372
269 502
269 119
269 504
269 122
269 509
269 127
271 160
271 259
271 356
271 22
271 102
271 457
271 526
271 99
271 341
271 214
271 29
272 389
272 456
272 521
272 394
272 270
272 392
272 42
272 436
272 446
272 457
272 473
272 266
272 542
272 296
273 332
273 270
273 403
273 174
273 185
273 26
273 94
273 223
274 1
274 2
274 132
274 389
274 6
274 263
274 520
274 521
274 535
274 13
274 239
274 400
274 21
274 278
274 279
274 154
274 444
274 156
274 287
274 133
274 34
274 28
274 199
274 44
274 45
274 438
274 56
274 313
274 443
274 316
274 317
274 191
274 69
274 225
274 333
274 461
274 339
274 85
274 344
274 217
274 474
274 351
274 97
274 354
274 59
274 358
274 104
274 188
274 189
274 497
274 114
274 503
275 311
275 515
275 260
275 263
275 9
275 267
275 18
275 147
275 532
275 534
275 535
275 495
275 161
275 35
275 164
275 296
275 41
275 46
275 303
275 310
275 521
275 151
275 191
275 193
275 451
275 197
275 327
275 200
275 73
275 247
275 333
275 207
275 336
275 228
275 351
275 227
275 100
275 230
275 105
275 402
275 367
275 241
275 372
275 119
275 504
275 509
275 127
276 129
276 387
276 389
276 134
276 263
276 520
276 521
276 239
276 144
276 530
276 21
276 535
276 155
276 28
276 542
276 197
276 32
276 418
276 411
276 454
276 296
276 8
276 308
276 414
276 438
276 6
276 59
276 188
276 317
276 62
276 191
276 66
276 195
276 182
276 326
276 199
276 459
276 76
276 205
276 207
276 339
276 86
276 344
276 217
276 93
276 225
276 490
276 189
276 497
276 505
276 345
277 389
277 262
277 8
277 400
277 532
277 278
277 535
277 411
277 28
277 30
277 161
277 163
277 164
277 425
277 181
277 183
277 440
277 57
277 190
277 197
277 70
277 289
277 333
277 79
277 464
277 213
277 207
277 96
277 355
278 305
278 389
278 263
278 520
278 521
278 87
278 13
278 399
278 144
278 274
278 19
278 277
278 279
278 280
278 410
278 283
278 156
278 287
278 288
278 133
278 34
278 70
278 295
278 296
278 199
278 45
278 304
278 8
278 180
278 440
278 313
278 314
278 59
278 316
278 317
278 191
278 193
278 197
278 454
278 97
278 535
278 457
278 458
278 204
278 333
278 207
278 56
278 467
278 470
278 471
278 216
278 217
278 474
278 348
278 96
278 400
278 354
278 355
278 228
278 357
278 358
278 488
278 362
278 225
278 189
278 497
278 339
278 373
278 503
278 239
278 345
279 1
279 133
279 263
279 520
279 521
279 528
279 274
279 19
279 21
279 535
279 154
279 28
279 287
279 289
279 39
279 45
279 438
279 184
279 313
279 59
279 188
279 69
279 326
279 333
279 339
279 217
279 474
279 348
279 351
279 97
279 354
279 316
279 362
279 108
279 239
280 1
280 515
280 389
280 263
280 521
280 535
280 13
280 400
280 274
280 278
280 279
280 410
280 283
280 156
280 287
280 133
280 164
280 295
280 296
280 45
280 304
280 313
280 59
280 316
280 191
280 193
280 197
280 97
280 503
280 333
280 207
280 339
280 471
280 345
280 474
280 351
280 144
280 354
280 355
280 357
280 488
280 362
280 239
280 497
280 119
281 32
281 225
281 197
281 294
281 146
281 302
281 399
281 114
281 85
281 535
281 154
281 189
282 353
282 484
282 69
282 103
282 7
282 406
282 472
282 346
282 315
282 285
282 261
283 389
283 263
283 520
283 521
283 400
283 144
283 278
283 535
283 454
283 305
283 296
283 8
283 180
283 440
283 191
283 197
283 198
283 225
283 457
283 204
283 333
283 339
283 217
283 96
283 97
283 354
283 355
283 228
283 362
283 497
283 373
283 119
283 345
284 386
284 299
284 393
284 394
284 523
284 533
284 408
284 413
284 418
284 39
284 43
284 437
284 441
284 10
284 321
284 328
284 473
284 219
284 478
284 95
284 356
284 487
284 365
284 371
284 380
285 69
285 7
285 329
285 406
285 346
285 261
286 129
286 207
286 93
286 535
287 1
287 354
287 133
287 358
287 263
287 521
287 279
287 45
287 333
287 274
287 316
287 278
287 313
287 345
287 474
287 59
287 156
287 351
288 521
288 13
288 400
288 345
288 296
288 304
288 56
288 191
288 197
288 454
288 458
288 339
288 87
288 217
288 355
288 228
288 357
288 362
288 497
288 121
288 106
288 255
289 117
289 518
289 245
290 353
290 484
290 69
290 356
290 394
290 334
290 208
290 184
290 371
290 404
290 437
290 154
290 472
290 537
290 26
290 315
290 346
290 218
290 190
290 95
292 345
292 28
293 371
294 256
294 129
294 389
294 520
294 521
294 146
294 20
294 150
294 535
294 281
294 155
294 28
294 414
294 543
294 160
294 33
294 173
294 189
294 62
294 319
294 197
294 201
294 207
294 340
294 85
294 216
294 345
294 220
294 225
294 361
294 317
294 497
294 233
295 1
295 515
295 133
295 263
295 520
295 521
295 394
295 535
295 399
295 144
295 274
295 19
295 278
295 279
295 280
295 156
295 413
295 43
295 45
295 430
295 313
295 59
295 193
295 471
295 333
295 467
295 87
295 217
295 474
295 348
295 351
295 96
295 97
295 354
295 355
295 357
295 358
295 488
295 239
295 339
295 119
296 513
296 8
296 521
296 523
296 13
296 14
296 17
296 530
296 19
296 22
296 538
296 28
296 542
296 36
296 39
296 45
296 520
296 56
296 60
296 70
296 526
296 86
296 91
296 93
296 97
296 99
296 102
296 125
296 129
296 140
296 144
296 157
296 160
296 168
296 170
296 182
296 183
296 189
296 191
296 197
296 207
296 210
296 211
296 213
296 214
296 217
296 224
296 228
296 233
296 239
296 259
296 262
296 263
296 271
296 272
296 275
296 276
296 280
296 288
296 314
296 316
296 317
296 322
296 325
296 333
296 338
296 341
296 345
296 348
296 351
296 352
296 356
296 357
296 362
296 374
296 384
296 389
296 399
296 408
296 410
296 411
296 413
296 418
296 422
296 437
296 438
296 450
296 457
296 465
296 471
296 475
296 480
296 497
296 499
297 96
297 57
297 30
298 407
299 513
299 4
299 10
299 523
299 15
299 21
299 516
299 539
299 541
299 36
299 39
299 42
299 43
299 51
299 59
299 60
299 62
299 64
299 69
299 70
299 72
299 75
299 84
299 85
299 95
299 96
299 99
299 101
299 102
299 115
299 116
299 117
299 124
299 533
299 128
299 138
299 145
299 537
299 154
299 172
299 179
299 184
299 194
299 198
299 202
299 203
299 210
299 212
299 214
299 218
299 219
299 224
299 225
299 229
299 231
299 232
299 236
299 239
299 240
299 246
299 250
299 262
299 266
299 268
299 270
299 284
299 290
299 301
299 307
299 315
299 321
299 322
299 324
299 331
299 332
299 334
299 342
299 343
299 346
299 348
299 356
299 365
299 366
299 368
299 371
299 375
299 377
299 380
299 381
299 383
299 384
299 386
299 389
299 390
299 391
299 394
299 396
299 397
299 398
299 403
299 404
299 408
299 411
299 413
299 418
299 422
299 423
299 427
299 429
299 430
299 431
299 434
299 435
299 436
299 437
299 442
299 450
299 454
299 455
299 457
299 465
299 466
299 473
299 478
299 480
299 483
299 487
299 490
299 497
299 500
299 505
299 506
300 403
300 475
300 485
300 38
300 195
301 391
301 270
301 403
301 117
301 24
301 377
301 154
302 389
302 6
302 520
302 270
302 399
302 146
302 404
302 535
302 281
302 154
302 28
302 69
302 290
302 184
302 315
302 188
302 189
302 197
302 199
302 85
302 216
302 225
302 103
302 317
302 114
303 311
303 515
303 503
303 521
303 151
303 12
303 269
303 239
303 400
303 401
303 18
303 275
303 532
303 534
303 23
303 175
303 457
303 419
303 164
303 40
303 41
303 46
303 47
303 176
303 310
303 9
303 509
303 191
303 193
303 451
303 197
303 327
303 200
303 73
303 247
303 333
303 336
303 35
303 470
303 105
303 228
303 367
303 354
303 227
303 100
303 230
303 489
303 67
303 402
303 495
303 147
303 372
303 502
303 119
303 504
303 122
303 127
303 253
303 255
304 385
304 461
304 6
304 263
304 520
304 521
304 535
304 13
304 399
304 144
304 529
304 274
304 21
304 279
304 154
304 411
304 28
304 288
304 134
304 167
304 299
304 45
304 8
304 308
304 438
304 56
304 52
304 59
304 317
304 62
304 191
304 32
304 450
304 195
304 326
304 199
304 454
304 458
304 76
304 205
304 333
304 339
304 85
304 216
304 217
304 346
304 485
304 344
304 225
304 354
304 357
304 362
304 530
304 189
304 497
304 245
304 528
304 106
304 345
305 96
305 354
305 355
305 197
305 521
305 400
305 180
305 373
305 278
305 440
305 283
306 386
306 389
306 262
306 263
306 520
306 521
306 450
306 239
306 21
306 535
306 411
306 28
306 160
306 418
306 454
306 168
306 8
306 438
306 183
306 6
306 189
306 322
306 66
306 197
306 326
306 457
306 34
306 86
306 344
306 217
306 225
306 485
306 104
306 317
306 497
307 473
307 435
307 211
308 384
308 514
308 389
308 6
308 263
308 521
308 138
308 144
308 530
308 276
308 21
308 345
308 537
308 538
308 86
308 69
308 134
308 296
308 169
308 437
308 438
308 59
308 317
308 62
308 191
308 197
308 459
308 76
308 461
308 465
308 214
308 344
308 217
308 480
308 497
308 376
310 311
310 515
310 260
310 503
310 521
310 267
310 12
310 269
310 401
310 18
310 147
310 532
310 534
310 151
310 175
310 161
310 419
310 164
310 40
310 41
310 263
310 46
310 47
310 176
310 9
310 313
310 509
310 193
310 451
310 70
310 327
310 200
310 73
310 439
310 333
310 207
310 336
310 35
310 470
310 100
310 222
310 351
310 367
310 67
310 227
310 228
310 230
310 105
310 303
310 402
310 495
310 489
310 241
310 275
310 372
310 119
310 504
310 122
310 127
310 247
310 253
310 255
311 515
311 260
311 503
311 521
311 267
311 12
311 269
311 401
311 402
311 147
311 532
311 534
311 151
311 47
311 161
311 419
311 164
311 40
311 41
311 46
311 175
311 310
311 9
311 451
311 327
311 200
311 73
311 247
311 333
311 336
311 35
311 470
311 222
311 367
311 67
311 227
311 100
311 230
311 489
311 303
311 18
311 495
311 241
311 275
311 372
311 502
311 119
311 504
311 122
311 127
311 253
311 255
313 1
313 515
313 389
313 263
313 520
313 521
313 535
313 399
313 144
313 274
313 19
313 278
313 279
313 280
313 410
313 156
313 413
313 287
313 133
313 34
313 419
313 164
313 295
313 296
313 43
313 45
313 303
313 310
313 314
313 59
313 189
313 191
313 193
313 197
313 327
313 200
313 73
313 333
313 207
313 336
313 467
313 471
313 217
313 474
313 351
313 97
313 354
313 355
313 228
313 357
313 358
313 488
313 105
313 362
313 225
313 239
313 497
313 339
313 503
313 345
313 127
314 385
314 387
314 164
314 485
314 263
314 234
314 399
314 400
314 59
314 146
314 183
314 207
314 317
314 191
315 353
315 290
315 484
315 69
315 103
315 391
315 524
315 334
315 154
315 48
315 403
315 181
315 406
315 184
315 420
315 346
315 282
316 133
316 97
316 354
316 195
316 197
316 263
316 520
316 45
316 333
316 239
316 144
316 274
316 279
316 474
316 287
317 6
317 8
317 521
317 13
317 530
317 19
317 21
317 535
317 28
317 32
317 33
317 36
317 45
317 520
317 52
317 56
317 59
317 66
317 85
317 86
317 97
317 104
317 114
317 120
317 131
317 132
317 134
317 140
317 144
317 146
317 155
317 156
317 159
317 167
317 182
317 183
317 188
317 189
317 191
317 193
317 195
317 197
317 198
317 199
317 206
317 207
317 217
317 220
317 225
317 233
317 239
317 263
317 274
317 276
317 278
317 279
317 280
317 281
317 288
317 290
317 296
317 302
317 304
317 308
317 314
317 326
317 333
317 339
317 344
317 345
317 354
317 357
317 362
317 385
317 387
317 389
317 399
317 400
317 411
317 425
317 440
317 450
317 454
317 461
317 485
317 488
317 497
317 501
318 197
318 198
318 535
319 256
319 225
319 361
319 521
319 197
319 294
319 129
319 340
319 233
319 423
319 173
319 20
319 85
319 150
319 535
319 281
319 201
319 220
319 414
319 389
320 357
320 37
320 519
320 521
320 109
320 270
320 143
320 530
320 243
320 468
320 223
320 56
320 191
320 389
321 299
321 262
321 10
321 145
321 533
321 408
321 284
321 413
321 290
321 38
321 39
321 42
321 43
321 60
321 450
321 70
321 328
321 473
321 348
321 478
321 95
321 356
321 487
321 365
321 244
321 380
322 523
322 232
322 299
322 15
322 434
322 342
322 408
323 65
323 233
323 76
323 80
323 369
323 507
324 450
324 102
324 299
324 434
324 437
324 505
324 506
325 337
325 170
325 394
326 129
326 387
326 132
326 389
326 262
326 263
326 8
326 521
326 138
326 523
326 268
326 270
326 239
326 144
326 529
326 530
326 131
326 276
326 21
326 279
326 409
326 538
326 411
326 28
326 520
326 32
326 417
326 418
326 292
326 6
326 44
326 304
326 177
326 308
326 437
326 438
326 184
326 443
326 188
326 317
326 62
326 191
326 194
326 195
326 197
326 454
326 225
326 535
326 331
326 461
326 56
326 338
326 339
326 215
326 217
326 218
326 229
326 400
326 226
326 59
326 516
326 485
326 102
326 232
326 108
326 189
326 240
326 497
326 115
326 116
326 246
326 125
326 345
326 511
328 321
328 219
328 356
328 533
330 129
330 225
330 233
330 199
330 81
331 450
331 218
333 515
333 8
333 9
333 13
333 526
333 18
333 532
333 22
333 535
333 28
333 541
333 35
333 43
333 45
333 46
333 47
333 520
333 521
333 56
333 59
333 60
333 66
333 76
333 86
333 87
333 96
333 97
333 104
333 106
333 119
333 125
333 127
333 534
333 134
333 144
333 147
333 156
333 160
333 163
333 168
333 189
333 191
333 193
333 197
333 207
333 217
333 225
333 227
333 228
333 230
333 239
333 247
333 259
333 263
333 274
333 275
333 278
333 279
333 280
333 283
333 287
333 288
333 295
333 296
333 303
333 304
333 308
333 310
333 311
333 316
333 327
333 336
333 339
333 341
333 345
333 351
333 354
333 355
333 357
333 358
333 362
333 365
333 368
333 372
333 373
333 374
333 389
333 399
333 405
333 411
333 413
333 133
333 418
333 419
333 421
333 422
333 425
333 439
333 454
333 473
333 474
333 488
333 489
333 497
334 353
334 290
334 69
334 391
334 332
334 75
334 236
334 435
334 403
334 371
334 404
334 181
334 375
334 184
334 377
334 346
334 117
334 154
334 95
335 397
336 311
336 515
336 439
336 503
336 521
336 23
336 12
336 269
336 144
336 401
336 18
336 275
336 532
336 534
336 151
336 175
336 156
336 419
336 164
336 46
336 47
336 176
336 310
336 9
336 313
336 509
336 191
336 193
336 267
336 502
336 327
336 200
336 73
336 247
336 333
336 207
336 35
336 470
336 100
336 378
336 222
336 351
336 367
336 228
336 230
336 105
336 106
336 303
336 402
336 495
336 241
336 147
336 372
336 374
336 119
336 504
336 122
336 253
336 345
336 127
338 129
338 386
338 389
338 262
338 391
338 520
338 521
338 523
338 13
338 270
338 272
338 530
338 275
338 535
338 26
338 411
338 157
338 418
338 36
338 70
338 38
338 39
338 296
338 426
338 177
338 437
338 438
338 56
338 185
338 316
338 191
338 194
338 66
338 325
338 326
338 457
338 332
338 209
338 210
338 211
338 216
338 346
338 219
338 93
338 485
338 352
338 225
338 354
338 357
338 102
338 359
338 362
338 491
338 109
338 238
338 115
338 116
338 373
338 505
338 506
338 403
338 383
339 235
339 389
339 6
339 263
339 520
339 521
339 400
339 274
339 21
339 345
339 410
339 411
339 28
339 197
339 32
339 34
339 166
339 167
339 438
339 184
339 59
339 188
339 317
339 191
339 66
339 182
339 326
339 97
339 333
339 461
339 341
339 86
339 344
339 217
339 357
339 144
339 226
339 485
339 104
339 362
339 225
339 189
339 497
339 505
339 125
339 405
340 256
340 129
340 514
340 389
340 262
340 520
340 521
340 20
340 150
340 535
340 414
340 134
340 173
340 182
340 62
340 319
340 69
340 205
340 207
340 85
340 220
340 225
340 233
340 497
340 361
340 505
341 160
341 259
341 36
341 22
341 520
341 521
341 526
341 271
341 368
341 296
341 86
341 233
341 168
342 480
342 506
342 386
342 299
342 324
342 102
342 38
342 394
342 523
342 418
342 322
342 15
342 450
342 434
342 307
342 84
342 437
342 262
342 473
342 218
342 442
343 290
343 325
343 102
343 523
343 450
343 15
343 145
343 437
343 214
343 408
343 262
343 219
344 387
344 132
344 389
344 6
344 263
344 520
344 521
344 279
344 144
344 274
344 276
344 21
344 535
344 154
344 155
344 69
344 411
344 39
344 114
344 8
344 306
344 308
344 438
344 189
344 62
344 66
344 197
344 454
344 199
344 339
344 85
344 95
344 104
344 239
344 497
344 370
344 505
344 126
345 256
345 514
345 34
345 132
345 389
345 6
345 193
345 520
345 521
345 270
345 173
345 144
345 19
345 21
345 278
345 535
345 280
345 538
345 540
345 474
345 288
345 161
345 418
345 292
345 134
345 39
345 296
345 28
345 43
345 333
345 45
345 304
345 8
345 351
345 308
345 182
345 381
345 56
345 59
345 316
345 317
345 62
345 191
345 32
345 322
345 195
345 69
345 326
345 97
345 457
345 226
345 405
345 461
345 228
345 497
345 85
345 87
345 217
345 218
345 199
345 485
345 263
345 400
345 354
345 356
345 357
345 358
345 438
345 488
345 233
345 362
345 225
345 239
345 241
345 339
345 246
345 125
345 511
346 64
346 261
346 518
346 7
346 524
346 403
346 404
346 406
346 152
346 154
346 285
346 290
346 420
346 301
346 52
346 315
346 192
346 69
346 472
346 484
346 356
346 103
346 494
346 371
346 245
347 539
347 371
348 356
349 290
349 132
349 389
349 6
349 521
349 203
349 344
349 438
349 184
349 218
349 69
350 257
350 148
350 385
351 515
351 389
351 263
351 520
351 521
351 279
351 144
351 274
351 19
351 535
351 280
351 156
351 287
351 133
351 295
351 45
351 310
351 313
351 59
351 191
351 193
351 147
351 197
351 327
351 200
351 457
351 333
351 336
351 217
351 474
351 97
351 354
351 355
351 228
351 230
351 488
351 105
351 239
351 275
351 502
351 247
351 121
351 509
351 345
351 127
352 519
352 296
352 521
352 362
352 332
352 13
352 238
352 520
352 530
352 538
352 91
352 191
353 64
353 290
353 484
353 261
353 518
353 103
353 7
353 435
353 334
353 371
353 406
353 184
353 282
353 315
355 389
355 263
355 520
355 521
355 279
355 19
355 277
355 278
355 535
355 280
355 156
355 287
355 288
355 133
355 296
355 45
355 59
355 191
355 197
355 198
355 199
355 457
355 333
355 207
355 467
355 217
355 474
355 96
355 225
355 354
355 488
355 362
355 239
355 345
356 384
356 299
356 4
356 262
356 10
356 523
356 346
356 418
356 403
356 404
356 533
356 408
356 537
356 154
356 284
356 413
356 116
356 290
356 423
356 43
356 437
356 185
356 394
356 321
356 450
356 70
356 455
356 328
356 224
356 210
356 213
356 473
356 218
356 348
356 95
356 480
356 99
356 102
356 232
356 39
356 365
356 244
356 505
356 380
357 305
357 389
357 391
357 520
357 521
357 535
357 399
357 144
357 530
357 403
357 278
357 279
357 538
357 36
357 37
357 39
357 296
357 426
357 263
357 45
357 8
357 438
357 137
357 56
357 59
357 70
357 317
357 191
357 320
357 193
357 66
357 197
357 454
357 225
357 204
357 332
357 333
357 109
357 210
357 211
357 87
357 216
357 217
357 91
357 348
357 93
357 352
357 400
357 354
357 485
357 362
357 338
357 189
357 497
357 339
357 374
357 345
358 515
358 133
358 263
358 521
358 400
358 274
358 278
358 279
358 280
358 156
358 45
358 313
358 316
358 191
358 225
358 457
358 333
358 471
358 345
358 474
358 97
358 354
358 144
358 239
359 129
359 389
359 391
359 521
359 270
359 530
359 403
359 535
359 26
359 174
359 433
359 56
359 191
359 320
359 457
359 332
359 338
359 467
359 216
359 352
359 225
359 357
359 362
359 491
359 109
359 243
360 36
360 389
360 38
360 521
360 109
360 270
360 485
361 256
361 129
361 389
361 141
361 20
361 150
361 535
361 414
361 457
361 36
361 294
361 173
361 183
361 319
361 449
361 199
361 201
361 330
361 462
361 340
361 85
361 220
361 93
361 480
361 225
361 233
362 263
362 520
362 521
362 13
362 270
362 399
362 144
362 530
362 278
362 535
362 280
362 538
362 283
362 288
362 454
362 296
362 45
362 8
362 351
362 180
362 438
362 59
362 317
362 191
362 96
362 66
362 197
362 198
362 225
362 204
362 333
362 207
362 338
362 467
362 14
362 87
362 217
362 474
362 91
362 348
362 485
362 352
362 400
362 354
362 357
362 359
362 106
362 239
362 497
362 373
362 345
363 486
363 190
363 464
363 373
363 185
363 57
363 187
363 30
364 154
364 315
364 254
364 207
365 384
365 513
365 4
365 179
365 262
365 263
365 521
365 394
365 523
365 396
365 270
365 143
365 530
365 403
365 533
365 408
365 537
365 411
365 284
365 541
365 290
365 293
365 423
365 28
365 42
365 299
365 413
365 435
365 437
365 138
365 393
365 312
365 441
365 10
365 321
365 450
365 197
365 454
365 455
365 328
365 457
365 75
365 499
365 224
365 333
365 99
365 473
365 218
365 219
365 348
365 478
365 95
365 480
365 483
365 356
365 229
365 231
365 39
365 240
365 371
365 244
365 117
365 246
365 375
365 250
365 380
365 418
366 101
366 454
366 72
366 210
366 398
366 15
366 50
366 343
366 408
368 259
368 342
368 262
368 263
368 520
368 521
368 523
368 144
368 408
368 537
368 539
368 28
368 541
368 214
368 418
368 299
368 437
368 442
368 60
368 224
368 333
368 465
368 341
368 86
368 480
368 99
368 356
368 102
368 233
368 239
368 505
368 125
369 323
370 387
370 165
370 454
370 263
370 520
370 521
370 8
370 149
370 86
370 217
370 344
370 345
370 28
370 189
370 389
371 290
371 293
371 518
371 135
371 38
371 334
371 403
371 437
371 184
371 377
371 219
371 125
371 190
371 69
372 515
372 263
372 521
372 151
372 144
372 401
372 18
372 275
372 532
372 534
372 23
372 175
372 35
372 419
372 164
372 41
372 45
372 46
372 47
372 200
372 310
372 311
372 191
372 193
372 267
372 197
372 327
372 535
372 73
372 503
372 333
372 207
372 336
372 339
372 470
372 217
372 228
372 378
372 367
372 97
372 354
372 100
372 9
372 230
372 105
372 303
372 402
372 495
372 241
372 147
372 119
372 504
372 122
372 509
372 345
372 127
373 515
373 516
373 389
373 8
373 521
373 13
373 399
373 400
373 278
373 535
373 410
373 283
373 542
373 454
373 305
373 180
373 440
373 314
373 59
373 189
373 193
373 66
373 197
373 198
373 204
373 333
373 207
373 338
373 467
373 468
373 96
373 225
373 227
373 357
373 362
373 363
373 109
373 497
373 119
374 288
374 357
374 263
374 296
374 521
374 106
374 333
374 73
374 191
375 487
375 42
375 450
375 391
375 70
375 455
375 380
375 138
375 523
375 386
375 418
375 371
375 437
375 505
375 348
375 231
375 218
375 411
375 284
375 381
375 95
376 129
376 104
376 521
376 490
376 144
376 466
376 181
376 183
376 28
377 128
377 420
377 490
377 75
377 435
377 334
377 301
377 371
377 181
377 154
379 112
379 403
380 224
380 321
380 262
380 99
380 356
380 69
380 70
380 455
380 328
380 487
380 533
380 365
380 516
380 413
380 179
380 437
380 473
380 284
380 102
380 478
380 95
383 384
383 513
383 386
383 131
383 4
383 262
383 8
383 521
383 10
383 523
383 130
383 516
383 143
383 145
383 533
383 473
383 408
383 299
383 154
383 411
383 284
383 413
383 290
383 219
383 165
383 38
383 423
383 42
383 43
383 338
383 434
383 437
383 138
383 137
383 184
383 60
383 266
383 64
383 321
383 322
383 69
383 70
383 331
383 332
383 224
383 334
383 450
383 210
383 211
383 217
383 218
383 15
383 348
383 478
383 95
383 480
383 483
383 356
383 229
383 102
383 232
383 365
383 494
383 418
383 244
383 117
383 375
383 346
383 505
383 381
384 450
384 102
384 394
384 371
384 290
384 418
384 435
384 437
384 473
384 218
384 284
385 257
385 389
385 263
385 225
385 146
385 434
385 339
385 148
385 314
385 159
385 317
385 350
385 485
386 418
386 204
386 437
387 385
387 389
387 263
387 520
387 521
387 279
387 144
387 274
387 276
387 21
387 535
387 28
387 34
387 8
387 308
387 438
387 183
387 314
387 59
387 189
387 197
387 326
387 199
387 86
387 215
387 217
387 108
387 146
387 239
387 497
387 370
387 345
387 383
388 185
388 450
388 516
388 262
388 102
389 513
389 514
389 5
389 520
389 521
389 11
389 525
389 526
389 15
389 17
389 22
389 536
389 25
389 539
389 28
389 29
389 542
389 31
389 544
389 545
389 34
389 36
389 50
389 54
389 56
389 60
389 65
389 66
389 523
389 68
389 72
389 76
389 77
389 79
389 80
389 81
389 84
389 86
389 89
389 90
389 92
389 99
389 101
389 102
389 104
389 107
389 110
389 111
389 115
389 124
389 125
389 129
389 132
389 134
389 135
389 140
389 141
389 142
389 144
389 537
389 153
389 160
389 163
389 166
389 168
389 169
389 172
389 541
389 181
389 182
389 183
389 197
389 199
389 212
389 213
389 214
389 224
389 225
389 233
389 235
389 237
389 239
389 250
389 252
389 259
389 262
389 263
389 271
389 276
389 277
389 296
389 298
389 299
389 306
389 307
389 308
389 309
389 317
389 322
389 323
389 324
389 330
389 333
389 335
389 339
389 341
389 342
389 343
389 347
389 356
389 361
389 366
389 368
389 369
389 371
389 376
389 382
389 384
389 386
389 388
389 397
389 398
389 407
389 408
389 411
389 418
389 421
389 422
389 425
389 429
389 430
389 431
389 433
389 434
389 437
389 438
389 440
389 442
389 449
389 450
389 454
389 457
389 459
389 462
389 463
389 465
389 466
389 477
389 480
389 482
389 488
389 490
389 492
389 498
389 505
389 506
389 507
390 290
390 389
390 454
390 299
390 365
390 145
390 21
390 375
390 56
390 383
391 192
391 128
391 522
391 75
391 403
391 435
391 117
391 490
392 129
392 162
392 3
392 389
392 8
392 521
392 395
392 109
392 272
392 400
392 499
392 457
392 88
392 345
392 197
393 321
393 290
393 43
393 69
393 423
393 328
393 391
393 403
393 365
393 413
393 371
393 437
393 537
393 473
393 441
393 219
393 284
393 381
393 39
393 533
394 99
394 325
394 457
394 522
394 299
394 403
394 272
394 211
394 436
394 473
394 170
394 95
395 392
395 88
395 499
395 517
395 109
396 513
396 386
396 4
396 262
396 266
396 523
396 450
396 533
396 516
396 284
396 413
396 418
396 422
396 299
396 437
396 321
396 322
396 455
396 465
396 210
396 218
396 348
396 95
396 224
396 356
396 102
396 365
396 240
396 246
396 505
397 102
397 299
397 335
397 371
397 505
397 15
398 384
398 224
398 523
398 72
398 299
398 525
398 366
398 214
398 408
399 129
399 514
399 389
399 262
399 520
399 521
399 535
399 13
399 400
399 146
399 276
399 278
399 279
399 281
399 154
399 155
399 28
399 69
399 133
399 33
399 411
399 70
399 302
399 8
399 438
399 440
399 314
399 59
399 188
399 317
399 62
399 197
399 454
399 199
399 457
399 333
399 207
399 56
399 339
399 85
399 87
399 217
399 234
399 225
399 357
399 358
399 104
399 362
399 189
399 497
399 114
399 501
399 120
399 505
399 125
399 345
400 129
400 299
400 389
400 262
400 263
400 520
400 521
400 138
400 399
400 144
400 274
400 278
400 535
400 280
400 538
400 283
400 28
400 418
400 411
400 292
400 199
400 8
400 308
400 437
400 62
400 191
400 193
400 322
400 197
400 225
400 457
400 333
400 207
400 339
400 216
400 345
400 97
400 354
400 228
400 357
400 488
400 497
400 373
400 503
400 121
401 515
401 439
401 503
401 521
401 267
401 12
401 269
401 303
401 402
401 275
401 532
401 534
401 151
401 175
401 161
401 419
401 164
401 40
401 41
401 46
401 47
401 176
401 310
401 9
401 451
401 454
401 327
401 200
401 73
401 311
401 333
401 336
401 35
401 105
401 367
401 67
401 227
401 228
401 230
401 489
401 18
401 495
401 241
401 147
401 372
401 119
401 504
401 122
401 255
401 127
404 290
404 69
404 75
404 2
404 334
404 403
405 197
405 521
405 458
405 333
405 239
405 144
405 497
405 339
405 535
405 345
405 59
405 191
406 353
406 282
406 484
406 69
406 329
406 154
406 346
406 315
406 285
406 261
407 298
408 384
408 513
408 386
408 115
408 388
408 342
408 262
408 393
408 10
408 523
408 130
408 398
408 15
408 145
408 533
408 537
408 539
408 284
408 541
408 418
408 99
408 422
408 423
408 42
408 43
408 429
408 430
408 413
408 266
408 434
408 435
408 437
408 138
408 116
408 442
408 60
408 394
408 321
408 322
408 324
408 70
408 516
408 72
408 457
408 202
408 331
408 290
408 335
408 450
408 465
408 210
408 211
408 212
408 480
408 214
408 505
408 473
408 219
408 348
408 506
408 478
408 224
408 50
408 356
408 101
408 102
408 307
408 232
408 124
408 431
408 487
408 365
408 366
408 240
408 371
408 244
408 343
408 84
408 250
408 380
408 299
408 383
409 129
409 418
409 292
409 197
409 326
409 8
409 138
409 66
409 207
409 345
409 314
409 511
410 389
410 263
410 520
410 521
410 13
410 144
410 274
410 278
410 279
410 280
410 283
410 156
410 287
410 288
410 133
410 34
410 454
410 296
410 199
410 45
410 440
410 313
410 314
410 316
410 191
410 197
410 198
410 225
410 457
410 207
410 339
410 471
410 216
410 345
410 400
410 354
410 355
410 228
410 357
410 488
410 362
410 70
410 467
410 373
410 374
410 503
411 2
411 6
411 8
411 521
411 10
411 528
411 529
411 530
411 21
411 535
411 28
411 32
411 34
411 39
411 44
411 520
411 56
411 59
411 63
411 69
411 85
411 86
411 96
411 98
411 104
411 108
411 114
411 125
411 131
411 132
411 144
411 145
411 146
411 148
411 149
411 154
411 159
411 165
411 167
411 183
411 184
411 188
411 189
411 191
411 195
411 197
411 199
411 206
411 215
411 217
411 219
411 225
411 226
411 229
411 234
411 239
411 242
411 257
411 263
411 264
411 268
411 270
411 274
411 276
411 279
411 289
411 290
411 299
411 302
411 304
411 306
411 308
411 314
411 317
411 326
411 339
411 344
411 345
411 350
411 365
411 370
411 375
411 381
411 383
411 385
411 387
411 389
411 390
411 404
411 414
411 427
411 438
411 443
411 444
411 454
411 461
411 476
411 485
411 497
412 225
412 354
412 195
412 389
412 521
412 170
412 535
413 384
413 386
413 299
413 4
413 262
413 521
413 394
413 533
413 284
413 418
413 423
413 42
413 43
413 437
413 55
413 116
413 60
413 138
413 64
413 321
413 450
413 328
413 211
413 473
413 218
413 348
413 95
413 356
413 232
413 39
413 365
413 244
413 246
413 380
414 256
414 129
414 514
414 131
414 389
414 263
414 8
414 521
414 144
414 276
414 150
414 535
414 154
414 411
414 28
414 289
414 173
414 264
414 52
414 183
414 317
414 62
414 319
414 197
414 199
414 201
414 207
414 340
414 85
414 345
414 346
414 220
414 93
414 225
414 485
414 361
414 381
414 242
414 233
414 20
414 125
415 457
415 389
415 109
417 129
417 98
417 292
417 197
417 326
417 8
417 28
417 299
417 268
417 207
417 400
417 308
417 437
417 345
417 538
417 411
417 540
417 62
417 511
418 384
418 386
418 299
418 516
418 262
418 137
418 10
418 523
418 396
418 450
418 270
418 145
418 533
418 408
418 284
418 413
418 30
418 423
418 42
418 43
418 434
418 138
418 442
418 266
418 321
418 322
418 69
418 70
418 455
418 202
418 334
418 210
418 214
418 473
418 218
418 348
418 95
418 224
418 483
418 356
418 102
418 232
418 365
418 240
418 371
418 505
418 506
418 380
418 383
419 311
419 515
419 389
419 263
419 521
419 535
419 269
419 239
419 401
419 18
419 275
419 532
419 534
419 279
419 439
419 367
419 156
419 287
419 133
419 35
419 164
419 41
419 45
419 46
419 303
419 176
419 310
419 9
419 313
419 316
419 191
419 193
419 267
419 228
419 70
419 327
419 200
419 247
419 333
419 336
419 471
419 217
419 351
419 97
419 354
419 355
419 100
419 230
419 105
419 362
419 151
419 402
419 495
419 147
419 372
419 502
419 119
419 504
419 122
419 509
419 127
420 391
420 490
420 494
420 48
420 270
420 403
420 181
420 24
420 377
420 154
420 315
420 117
421 66
421 259
421 36
421 22
421 263
421 520
421 521
421 333
421 526
421 60
421 339
421 341
421 86
421 28
422 4
422 262
422 102
422 455
422 457
422 523
422 396
422 270
422 465
422 307
422 213
422 22
422 183
422 408
422 473
422 218
422 117
422 533
422 309
423 516
423 262
423 266
423 270
423 145
423 403
423 290
423 165
423 38
423 39
423 42
423 301
423 437
423 185
423 181
423 321
423 450
423 70
423 455
423 202
423 75
423 418
423 334
423 207
423 473
423 218
423 348
423 95
423 483
423 356
423 102
423 232
423 371
423 375
423 505
424 102
425 384
425 129
425 514
425 259
425 132
425 262
425 263
425 520
425 521
425 523
425 66
425 271
425 144
425 17
425 277
425 22
425 411
425 28
425 545
425 418
425 36
425 422
425 168
425 299
425 172
425 309
425 440
425 317
425 450
425 197
425 454
425 199
425 459
425 333
425 465
425 84
425 341
425 488
425 34
425 225
425 99
425 104
425 361
425 239
425 368
425 296
425 371
425 233
425 505
425 506
425 125
427 383
427 299
427 219
427 521
429 537
429 371
429 437
429 541
430 450
430 299
430 101
430 262
430 72
430 394
430 523
430 115
430 539
431 513
431 450
431 299
431 356
431 214
431 102
431 523
431 322
431 15
431 371
431 437
431 342
431 408
431 507
431 284
431 542
432 96
432 516
432 386
432 180
433 225
433 197
433 389
433 454
433 263
433 457
433 485
433 530
433 308
433 183
433 56
433 411
433 28
433 191
434 450
434 299
434 356
434 262
434 102
434 232
434 324
434 523
434 322
434 516
434 15
434 403
434 437
434 342
434 375
434 505
434 506
434 477
435 64
435 192
435 128
435 391
435 329
435 522
435 332
435 525
435 270
435 466
435 371
435 117
435 184
435 377
435 154
435 490
435 510
435 181
436 258
437 290
437 219
438 389
438 6
438 263
438 520
438 521
438 279
438 396
438 144
438 274
438 276
438 21
438 535
438 411
438 28
438 134
438 296
438 426
438 56
438 59
438 191
438 197
438 326
438 199
438 461
438 344
438 217
438 349
438 225
438 491
438 497
438 114
438 345
438 505
438 126
439 515
439 521
439 267
439 269
439 402
439 147
439 532
439 534
439 151
439 367
439 419
439 164
439 40
439 46
439 176
439 310
439 9
439 193
439 327
439 200
439 247
439 333
439 336
439 35
439 227
439 228
439 230
439 105
439 18
439 495
439 275
439 372
439 502
439 119
439 504
439 122
439 127
440 129
440 389
440 8
440 140
440 13
440 399
440 400
440 277
440 278
440 535
440 410
440 411
440 28
440 283
440 425
440 305
440 314
440 317
440 66
440 197
440 70
440 79
440 207
440 96
440 225
440 362
440 497
440 373
441 185
441 494
442 299
442 4
442 214
442 523
442 408
442 284
442 413
442 517
442 418
442 293
442 39
442 42
442 43
442 64
442 321
442 210
442 342
442 473
442 348
442 95
442 481
442 99
442 356
442 368
442 244
442 380
443 257
443 387
443 132
443 389
443 390
443 263
443 520
443 521
443 535
443 144
443 145
443 274
443 148
443 149
443 279
443 28
443 69
443 159
443 290
443 165
443 44
443 8
443 183
443 184
443 314
443 59
443 444
443 317
443 191
443 195
443 197
443 326
443 454
443 34
443 56
443 339
443 86
443 215
443 217
443 476
443 350
443 225
443 98
443 239
443 497
443 370
443 189
443 125
443 345
443 21
444 132
444 389
444 263
444 520
444 521
444 270
444 530
444 21
444 535
444 28
444 69
444 159
444 34
444 165
444 299
444 44
444 242
444 184
444 443
444 188
444 189
444 63
444 197
444 199
444 339
444 85
444 344
444 217
444 225
444 274
444 239
444 114
444 345
445 450
445 394
445 464
445 211
445 190
445 55
445 30
446 66
446 389
446 520
446 521
446 170
446 395
446 272
446 456
446 392
446 88
446 221
446 190
446 191
450 128
450 388
450 262
450 138
450 24
450 516
450 30
450 290
450 420
450 423
450 434
450 437
450 321
450 324
450 70
450 72
450 331
450 418
450 342
450 218
450 95
450 356
450 102
450 240
450 371
450 505
451 515
451 260
451 439
451 503
451 521
451 12
451 269
451 401
451 18
451 147
451 534
451 151
451 495
451 161
451 419
451 164
451 40
451 41
451 46
451 175
451 176
451 310
451 9
451 67
451 327
451 200
451 73
451 311
451 333
451 336
451 35
451 303
451 222
451 227
451 228
451 230
451 47
451 105
451 367
451 489
451 241
451 275
451 119
451 504
451 122
451 127
451 253
451 255
452 154
453 154
454 513
454 8
454 521
454 523
454 13
454 15
454 530
454 21
454 535
454 537
454 539
454 32
454 33
454 34
454 39
454 43
454 45
454 47
454 520
454 56
454 59
454 60
454 62
454 69
454 70
454 76
454 85
454 86
454 87
454 95
454 96
454 99
454 102
454 104
454 106
454 114
454 121
454 125
454 132
454 134
454 144
454 145
454 146
454 155
454 156
454 160
454 163
454 167
454 181
454 182
454 184
454 188
454 189
454 191
454 197
454 198
454 199
454 202
454 205
454 206
454 214
454 217
454 219
454 224
454 225
454 239
454 262
454 263
454 268
454 274
454 276
454 278
454 283
454 288
454 299
454 304
454 306
454 308
454 311
454 317
454 322
454 326
454 333
454 343
454 344
454 348
454 354
454 355
454 356
454 357
454 362
454 365
454 366
454 370
454 371
454 373
454 374
454 375
454 383
454 384
454 385
454 386
454 387
454 389
454 390
454 399
454 401
454 404
454 408
454 410
454 411
454 413
454 414
454 418
454 425
454 433
454 434
454 437
454 442
454 443
454 450
454 457
454 461
454 463
454 465
454 474
454 478
454 487
454 497
454 500
454 501
455 384
455 513
455 386
455 299
455 4
455 262
455 10
455 523
455 396
455 130
455 143
455 272
455 145
455 533
455 516
455 413
455 290
455 38
455 423
455 43
455 437
455 138
455 266
455 394
455 321
455 322
455 325
455 70
455 418
455 224
455 450
455 210
455 211
455 473
455 218
455 219
455 348
455 95
455 480
455 483
455 356
455 102
455 240
455 371
455 244
455 375
455 505
455 380
456 196
456 389
456 325
456 520
456 272
456 392
456 211
456 190
456 88
456 221
456 446
456 223
457 259
457 389
457 233
457 271
457 400
457 466
457 435
457 309
457 183
457 184
457 473
458 521
459 76
459 492
459 125
460 32
460 225
460 52
460 61
461 132
461 389
461 6
461 263
461 520
461 521
461 144
461 274
461 21
461 535
461 28
461 32
461 454
461 299
461 304
461 308
461 438
461 56
461 59
461 189
461 191
461 197
461 326
461 339
461 217
461 225
461 226
461 530
461 239
461 497
461 125
461 345
462 129
462 233
463 233
463 525
463 80
463 183
463 90
463 28
463 125
463 31
464 96
464 74
464 30
464 441
464 57
464 190
465 384
465 224
465 450
465 356
465 422
465 262
465 138
465 396
465 130
465 437
465 218
465 413
465 533
466 457
466 490
466 203
466 435
466 184
466 510
467 1
467 258
467 515
467 133
467 391
467 520
467 521
467 399
467 272
467 19
467 278
467 535
467 280
467 410
467 156
467 197
467 295
467 129
467 170
467 199
467 45
467 313
467 59
467 189
467 191
467 193
467 325
467 225
467 457
467 333
467 207
467 83
467 216
467 217
467 474
467 348
467 351
467 263
467 144
467 354
467 355
467 228
467 357
467 359
467 488
467 362
467 491
467 239
467 497
467 499
467 503
467 122
467 106
467 345
468 225
468 354
468 71
468 519
468 13
468 530
468 373
468 56
468 479
468 191
469 420
469 38
469 391
469 264
469 522
469 75
469 332
469 435
469 26
469 371
469 437
469 377
469 154
469 403
469 117
471 389
471 263
471 520
471 521
471 279
471 13
471 400
471 19
471 278
471 535
471 280
471 410
471 156
471 295
471 296
471 199
471 45
471 8
471 313
471 193
471 197
471 70
471 225
471 457
471 207
471 216
471 217
471 97
471 358
471 488
471 144
471 239
471 503
471 345
472 353
472 290
472 282
472 484
472 69
472 7
472 329
472 103
472 524
472 154
472 48
472 152
472 371
472 406
472 184
472 346
472 315
472 285
472 261
473 384
473 513
473 299
473 516
473 391
473 307
473 394
473 523
473 270
473 403
473 533
473 154
473 284
473 413
473 290
473 38
473 39
473 42
473 43
473 435
473 437
473 138
473 312
473 60
473 266
473 64
473 325
473 202
473 75
473 334
473 210
473 99
473 219
473 95
473 481
473 483
473 356
473 231
473 365
473 371
473 244
473 375
473 380
474 1
474 389
474 263
474 520
474 521
474 535
474 13
474 144
474 274
474 19
474 278
474 279
474 280
474 156
474 287
474 133
474 454
474 295
474 43
474 45
474 180
474 313
474 59
474 316
474 191
474 198
474 97
474 457
474 333
474 467
474 87
474 217
474 348
474 351
474 400
474 354
474 355
474 228
474 358
474 488
474 362
474 225
474 239
474 497
474 345
475 225
475 354
475 195
475 485
475 300
475 493
475 13
475 16
475 223
477 224
477 129
477 450
477 99
477 262
477 488
477 322
477 317
477 80
477 296
477 434
477 437
477 183
477 505
477 168
477 125
478 299
478 262
478 10
478 403
478 533
478 408
478 411
478 284
478 423
478 43
478 437
478 312
478 185
478 192
478 321
478 202
478 473
478 219
478 348
478 95
478 487
478 365
478 499
478 380
479 320
479 195
479 243
479 38
479 519
479 332
479 14
479 143
479 433
479 403
479 468
479 53
479 56
479 26
479 191
480 386
480 516
480 179
480 262
480 10
480 523
480 396
480 130
480 15
480 408
480 413
480 39
480 299
480 435
480 437
480 184
480 60
480 138
480 322
480 70
480 450
480 466
480 212
480 342
480 218
480 224
480 356
480 101
480 102
480 365
480 366
480 368
480 505
480 124
481 321
481 483
481 38
481 39
481 394
481 270
481 403
481 244
481 473
481 442
482 65
482 76
483 384
483 513
483 386
483 262
483 266
483 523
483 130
483 533
483 408
483 154
483 418
483 423
483 42
483 307
483 442
483 60
483 321
483 435
483 202
483 450
483 466
483 211
483 473
483 480
483 101
483 102
483 244
483 510
483 383
484 353
484 290
484 282
484 69
484 103
484 334
484 152
484 472
484 346
484 315
484 285
484 261
485 385
485 8
485 404
485 28
485 32
485 290
485 37
485 167
485 300
485 304
485 184
485 314
485 189
485 195
485 197
485 339
485 216
485 345
485 475
485 223
485 104
485 109
485 497
487 262
487 521
487 523
487 403
487 533
487 408
487 284
487 423
487 43
487 437
487 312
487 192
487 321
487 69
487 328
487 202
487 478
487 95
487 494
487 371
487 245
487 375
487 505
487 380
488 513
488 386
488 389
488 134
488 263
488 520
488 521
488 450
488 399
488 144
488 19
488 535
488 280
488 28
488 545
488 418
488 163
488 36
488 295
488 296
488 45
488 8
488 308
488 437
488 313
488 59
488 317
488 191
488 193
488 322
488 197
488 97
488 333
488 462
488 467
488 86
488 217
488 474
488 351
488 400
488 354
488 355
488 239
488 497
488 345
489 515
489 260
489 521
489 267
489 12
489 401
489 147
489 532
489 534
489 495
489 161
489 419
489 40
489 41
489 46
489 47
489 176
489 310
489 311
489 509
489 451
489 327
489 200
489 73
489 503
489 333
489 207
489 35
489 303
489 222
489 351
489 67
489 227
489 228
489 9
489 230
489 367
489 241
489 372
489 119
489 504
489 122
489 127
489 247
489 253
489 255
490 332
490 466
490 403
490 181
490 377
490 117
491 225
491 457
491 535
491 338
491 438
491 521
491 538
492 65
493 195
493 485
493 520
493 332
493 16
493 433
493 403
493 475
493 191
494 128
494 117
494 181
494 391
495 311
495 515
495 260
495 503
495 521
495 267
495 12
495 269
495 401
495 18
495 275
495 532
495 534
495 151
495 303
495 161
495 419
495 164
495 40
495 41
495 263
495 46
495 47
495 176
495 310
495 439
495 191
495 193
495 451
495 197
495 327
495 200
495 73
495 458
495 247
495 333
495 207
495 336
495 35
495 470
495 105
495 228
495 222
495 351
495 67
495 227
495 100
495 9
495 230
495 489
495 402
495 367
495 241
495 147
495 372
495 502
495 119
495 504
495 122
495 127
495 253
495 255
496 320
496 187
496 38
496 486
496 297
496 363
496 432
496 530
496 373
496 457
496 56
496 251
496 30
497 385
497 389
497 6
497 263
497 520
497 521
497 10
497 399
497 144
497 274
497 276
497 149
497 278
497 535
497 225
497 281
497 283
497 28
497 197
497 32
497 163
497 134
497 167
497 291
497 95
497 299
497 333
497 61
497 304
497 8
497 308
497 182
497 440
497 314
497 443
497 411
497 317
497 62
497 191
497 438
497 326
497 97
497 454
497 458
497 204
497 461
497 207
497 467
497 85
497 87
497 348
497 217
497 228
497 220
497 485
497 400
497 354
497 59
497 373
497 357
497 104
497 362
497 423
497 189
497 339
497 501
497 39
497 505
497 125
497 264
497 21
498 129
498 457
499 354
499 395
499 517
499 38
499 39
499 520
499 521
499 170
499 55
499 332
499 365
499 270
499 143
499 272
499 210
499 211
499 244
499 214
499 137
499 473
499 26
500 27
500 505
500 202
500 403
500 270
501 389
501 262
501 520
501 521
501 399
501 146
501 535
501 281
501 411
501 28
501 290
501 189
501 62
501 197
501 454
501 207
501 85
501 216
501 345
501 225
501 317
501 497
501 505
502 515
502 260
502 263
502 9
502 13
502 239
502 303
502 18
502 147
502 269
502 534
502 345
502 495
502 156
502 288
502 161
502 457
502 419
502 164
502 41
502 47
502 176
502 521
502 439
502 509
502 191
502 193
502 67
502 327
502 200
502 73
502 458
502 311
502 333
502 207
502 336
502 105
502 217
502 351
502 228
502 230
502 489
502 367
502 372
502 247
502 504
502 122
502 253
502 127
503 515
503 260
503 389
503 263
503 520
503 9
503 267
503 12
503 239
503 144
503 401
503 18
503 275
503 532
503 278
503 535
503 280
503 367
503 156
503 274
503 161
503 34
503 35
503 521
503 241
503 40
503 534
503 43
503 45
503 46
503 47
503 176
503 310
503 311
503 313
503 59
503 296
503 189
503 191
503 339
503 193
503 451
503 197
503 70
503 225
503 200
503 457
503 458
503 247
503 333
503 207
503 336
503 467
503 303
503 471
503 216
503 217
503 199
503 400
503 354
503 227
503 228
503 230
503 489
503 362
503 67
503 402
503 495
503 497
503 147
503 372
503 119
503 504
503 327
503 122
503 127
503 106
503 345
503 255
504 515
504 260
504 439
504 521
504 267
504 12
504 269
504 401
504 402
504 275
504 532
504 534
504 151
504 175
504 419
504 164
504 40
504 46
504 47
504 176
504 310
504 311
504 509
504 191
504 451
504 327
504 200
504 73
504 503
504 333
504 207
504 336
504 35
504 470
504 105
504 228
504 378
504 367
504 100
504 9
504 230
504 489
504 106
504 303
504 18
504 495
504 241
504 147
504 372
504 502
504 119
504 122
504 253
504 127
505 384
505 386
505 394
505 523
505 408
505 537
505 418
505 423
505 299
505 442
505 321
505 450
505 455
505 202
505 204
505 339
505 473
505 218
505 219
505 95
505 224
505 487
505 232
505 240
505 500
505 375
505 380
506 384
506 128
506 299
506 516
506 342
506 262
506 513
506 523
506 397
506 398
506 15
506 408
506 24
506 537
506 154
506 539
506 413
506 290
506 423
506 425
506 42
506 43
506 430
506 434
506 307
506 437
506 442
506 60
506 321
506 450
506 324
506 70
506 72
506 332
506 224
506 465
506 84
506 214
506 505
506 473
506 219
506 95
506 480
506 99
506 356
506 102
506 232
506 371
506 116
506 212
506 250
506 124
506 418
506 383
507 544
507 233
507 76
507 431
507 183
507 125
508 457
508 191
508 389
508 391
509 515
509 263
509 521
509 269
509 402
509 147
509 532
509 534
509 151
509 419
509 296
509 46
509 303
509 310
509 311
509 228
509 327
509 200
509 73
509 333
509 336
509 105
509 217
509 348
509 351
509 100
509 230
509 489
509 18
509 275
509 372
509 119
509 504
509 378
509 345
509 127
510 466
510 435
510 154
511 129
511 322
511 292
511 326
511 8
511 138
511 299
511 418
511 207
511 232
511 308
511 437
511 246
511 218
511 411
511 538
511 62
512 332
512 270
512 38
512 391
513 384
513 386
513 299
513 516
513 262
513 394
513 523
513 270
513 403
513 533
513 537
513 154
513 284
513 413
513 290
513 423
513 43
513 437
513 138
513 60
513 266
513 69
513 70
513 455
513 202
513 418
513 210
513 211
513 473
513 95
513 356
513 102
513 365
513 371
513 244
513 375
513 380
513 383
514 290
514 261
514 135
514 525
514 371
514 406
514 376
514 285
515 8
515 9
515 12
515 13
515 18
515 532
515 534
515 535
515 34
515 35
515 40
515 41
515 45
515 46
515 47
515 520
515 521
515 59
515 67
515 70
515 97
515 100
515 105
515 106
515 119
515 122
515 127
515 133
515 144
515 147
515 151
515 156
515 161
515 164
515 175
515 176
515 191
515 193
515 197
515 199
515 200
515 207
515 216
515 217
515 222
515 225
515 227
515 228
515 230
515 239
515 241
515 247
515 253
515 255
515 260
515 263
515 267
515 269
515 274
515 275
515 278
515 279
515 280
515 295
515 296
515 303
515 310
515 311
515 313
515 316
515 327
515 333
515 336
515 339
515 345
515 351
515 354
515 358
515 362
515 367
515 372
515 373
515 389
515 400
515 401
515 402
515 419
515 439
515 451
515 457
515 467
515 470
515 471
515 489
515 495
515 497
515 502
515 503
515 504
515 509
516 384
516 513
516 138
516 450
516 15
516 145
516 408
516 411
516 413
516 30
516 70
516 422
516 299
516 432
516 434
516 179
516 57
516 63
516 96
516 194
516 326
516 455
516 202
516 224
516 334
516 465
516 338
516 218
516 219
516 95
516 480
516 356
516 365
516 366
516 240
516 116
516 373
516 375
516 506
516 380
516 383
517 321
517 394
517 499
517 266
517 190
518 391
518 270
518 435
518 117
518 26
518 154
519 352
519 457
519 56
519 468
519 479
520 514
520 6
520 521
520 13
520 17
520 530
520 21
520 22
520 535
520 26
520 28
520 32
520 36
520 38
520 55
520 56
520 59
520 62
520 66
520 70
520 76
520 85
520 86
520 91
520 114
520 120
520 125
520 126
520 132
520 137
520 143
520 144
520 155
520 156
520 157
520 159
520 160
520 161
520 167
520 168
520 170
520 173
520 181
520 182
520 184
520 189
520 191
520 193
520 197
520 199
520 207
520 216
520 217
520 225
520 239
520 259
520 263
520 271
520 272
520 274
520 276
520 278
520 279
520 281
520 294
520 295
520 296
520 304
520 317
520 326
520 333
520 339
520 341
520 344
520 345
520 349
520 352
520 354
520 357
520 362
520 370
520 371
520 387
520 389
520 392
520 400
520 411
520 425
520 433
520 438
520 454
520 457
520 461
520 466
520 467
520 490
520 497
520 499
521 513
521 514
521 515
521 4
521 517
521 6
521 8
521 9
521 10
521 523
521 12
521 13
521 17
521 18
521 19
521 532
521 21
521 534
521 23
521 538
521 28
521 30
521 32
521 34
521 35
521 36
521 38
521 39
521 40
521 41
521 43
521 45
521 46
521 47
521 520
521 530
521 52
521 55
521 56
521 59
521 61
521 66
521 67
521 70
521 73
521 78
521 83
521 86
521 87
521 91
521 93
521 95
521 96
521 97
521 100
521 102
521 104
521 105
521 106
521 108
521 109
521 114
521 119
521 120
521 121
521 122
521 125
521 126
521 127
521 131
521 132
521 22
521 134
521 137
521 535
521 141
521 144
521 147
521 151
521 156
521 159
521 160
521 163
521 164
521 167
521 168
521 170
521 175
521 176
521 179
521 180
521 542
521 182
521 184
521 185
521 188
521 189
521 191
521 193
521 197
521 198
521 199
521 200
521 203
521 207
521 209
521 210
521 211
521 214
521 217
521 218
521 219
521 220
521 221
521 222
521 224
521 225
521 227
521 228
521 230
521 231
521 233
521 239
521 241
521 247
521 253
521 255
521 259
521 260
521 262
521 263
521 267
521 269
521 272
521 275
521 276
521 278
521 279
521 280
521 287
521 288
521 294
521 296
521 299
521 303
521 304
521 305
521 308
521 310
521 311
521 313
521 314
521 316
521 317
521 320
521 322
521 325
521 326
521 327
521 332
521 333
521 336
521 338
521 339
521 341
521 344
521 345
521 348
521 349
521 351
521 352
521 354
521 355
521 356
521 357
521 358
521 360
521 362
521 365
521 367
521 370
521 372
521 373
521 374
521 375
521 378
521 381
521 383
521 384
521 387
521 389
521 391
521 392
521 395
521 396
521 399
521 400
521 401
521 402
521 403
521 405
521 410
521 411
521 413
521 414
521 133
521 418
521 419
521 421
521 422
521 423
521 426
521 427
521 437
521 438
521 439
521 443
521 444
521 450
521 451
521 454
521 455
521 457
521 458
521 461
521 465
521 466
521 467
521 470
521 474
521 478
521 480
521 485
521 487
521 488
521 489
521 490
521 491
521 494
521 495
521 497
521 499
521 502
521 503
521 504
521 509
522 154
522 435
523 513
523 4
523 10
523 15
523 533
523 537
523 541
523 42
523 43
523 60
523 69
523 70
523 72
523 84
523 95
523 99
523 101
523 102
523 115
523 116
523 124
523 130
523 138
523 516
523 143
523 145
523 179
523 202
523 210
523 211
523 214
523 218
523 219
523 224
523 232
523 240
523 244
523 250
523 262
523 266
523 284
523 290
523 299
523 307
523 321
523 322
523 324
523 325
523 331
523 334
523 335
523 342
523 343
523 348
523 356
523 365
523 366
523 375
523 380
523 383
523 384
523 386
523 388
523 394
523 396
523 398
523 408
523 413
523 418
523 423
523 429
523 430
523 431
523 434
523 437
523 442
523 450
523 455
523 457
523 465
523 473
523 478
523 480
523 483
523 487
523 505
523 506
524 69
524 152
524 472
524 346
524 315
524 154
525 514
525 463
525 466
525 435
525 536
525 125
526 160
526 60
526 22
527 64
527 154
527 403
527 332
527 391
528 353
528 290
528 355
528 453
528 518
528 48
528 524
528 458
528 76
528 450
528 304
528 152
528 472
528 154
528 315
528 69
529 32
529 226
529 195
529 485
529 326
529 263
529 167
529 270
529 239
529 304
529 56
529 339
529 149
529 535
529 184
529 345
529 154
529 59
529 381
530 131
530 389
530 6
530 391
530 520
530 521
530 268
530 13
530 270
530 143
530 144
530 529
530 274
530 387
530 276
530 149
530 535
530 39
530 154
530 28
530 157
530 69
530 32
530 290
530 454
530 38
530 433
530 296
530 538
530 174
530 304
530 8
530 178
530 308
530 438
530 184
530 314
530 59
530 444
530 317
530 191
530 320
530 352
530 195
530 197
530 326
530 225
530 457
530 332
530 461
530 109
530 56
530 338
530 339
530 468
530 14
530 344
530 217
530 26
530 94
530 223
530 263
530 528
530 226
530 357
530 359
530 362
530 485
530 365
530 239
530 497
530 370
530 243
530 189
530 345
530 403
530 264
530 21
531 171
532 260
532 521
532 401
532 402
532 147
532 9
532 534
532 367
532 161
532 35
532 40
532 41
532 46
532 47
532 310
532 311
532 193
532 67
532 327
532 73
532 333
532 336
532 303
532 228
532 100
532 230
532 105
532 495
532 275
532 372
532 119
532 504
532 127
532 253
532 255
533 321
533 473
533 43
533 356
533 422
533 328
533 393
533 299
533 403
533 437
533 380
533 537
533 219
533 284
533 413
533 478
533 95
534 515
534 260
534 439
534 503
534 521
534 267
534 12
534 269
534 401
534 18
534 275
534 532
534 151
534 175
534 161
534 457
534 419
534 164
534 40
534 41
534 263
534 46
534 47
534 176
534 310
534 9
534 509
534 191
534 193
534 451
534 197
534 327
534 200
534 73
534 311
534 333
534 336
534 35
534 470
534 228
534 378
534 222
534 367
534 67
534 489
534 100
534 230
534 105
534 106
534 303
534 402
534 495
534 241
534 147
534 372
534 502
534 119
534 504
534 122
534 127
534 247
534 253
534 255
535 515
535 6
535 8
535 521
535 10
535 13
535 530
535 19
535 20
535 21
535 28
535 32
535 34
535 36
535 38
535 39
535 44
535 45
535 520
535 55
535 56
535 59
535 61
535 62
535 66
535 69
535 85
535 87
535 93
535 95
535 100
535 103
535 104
535 108
535 114
535 125
535 129
535 132
535 134
535 144
535 146
535 150
535 154
535 156
535 159
535 160
535 161
535 163
535 167
535 173
535 178
535 182
535 183
535 184
535 185
535 188
535 189
535 191
535 193
535 197
535 199
535 204
535 206
535 207
535 210
535 216
535 217
535 220
535 225
535 229
535 233
535 239
535 247
535 256
535 263
535 264
535 274
535 275
535 276
535 277
535 278
535 279
535 281
535 283
535 294
535 295
535 296
535 299
535 302
535 304
535 308
535 313
535 317
535 318
535 319
535 320
535 325
535 326
535 333
535 338
535 340
535 344
535 345
535 348
535 351
535 352
535 354
535 355
535 357
535 359
535 361
535 362
535 367
535 372
535 373
535 385
535 387
535 389
535 391
535 399
535 400
535 403
535 405
535 411
535 414
535 423
535 438
535 443
535 444
535 445
535 454
535 457
535 461
535 467
535 471
535 474
535 485
535 488
535 491
535 497
535 499
535 501
535 503
537 299
537 135
537 393
537 394
537 523
537 145
537 403
537 404
537 533
537 408
537 154
537 541
537 418
537 423
537 42
537 43
537 429
537 308
537 437
537 60
537 10
537 322
537 69
537 334
537 95
537 356
537 102
537 365
537 371
537 505
538 129
538 262
538 519
538 8
538 521
538 13
538 400
538 530
538 535
538 28
538 296
538 178
538 308
538 137
538 191
538 197
538 210
538 216
538 345
538 91
538 352
538 225
538 362
538 109
538 511
539 371
539 347
539 181
540 292
540 197
540 8
540 400
540 345
540 28
540 62
541 537
541 219
541 213
541 102
541 437
542 129
542 259
542 389
542 263
542 13
542 109
542 144
542 17
542 22
542 535
542 538
542 411
542 28
542 157
542 30
542 36
542 296
542 297
542 308
542 57
542 60
542 446
542 191
542 65
542 197
542 199
542 457
542 332
542 462
542 141
542 464
542 341
542 272
542 360
542 316
542 237
542 373
542 233
545 488
