1 165
1 141
1 142
1 48
1 23
1 409
1 315
1 284
1 190
3 198
3 392
3 230
3 358
3 360
3 431
3 305
3 339
3 436
3 149
3 313
3 152
3 89
3 217
3 316
3 415
4 64
4 289
4 290
4 50
4 292
4 393
4 311
4 204
4 109
4 356
4 61
4 240
4 82
4 439
4 88
4 121
4 26
4 205
4 157
5 64
5 384
5 290
5 103
5 393
5 427
5 204
5 205
5 397
5 402
5 116
5 153
5 254
6 384
6 393
6 10
6 11
6 397
6 402
6 21
6 150
6 153
6 26
6 157
6 414
6 231
6 32
6 420
6 427
6 45
6 175
6 304
6 307
6 445
6 195
6 324
6 204
6 205
6 337
6 338
6 83
6 85
6 88
6 227
6 356
6 103
6 363
6 239
6 240
6 254
8 334
8 272
8 273
8 50
8 14
8 246
8 60
9 1
9 266
9 23
9 141
9 272
9 273
9 19
9 407
9 25
9 33
9 167
9 298
9 50
9 48
9 434
9 179
9 315
9 188
9 320
9 201
9 335
9 341
9 342
9 145
9 232
9 253
9 112
9 115
9 246
9 377
9 251
9 125
9 255
10 384
10 2
10 131
10 4
10 5
10 6
10 7
10 264
10 393
10 267
10 397
10 270
10 301
10 401
10 402
10 149
10 150
10 25
10 26
10 111
10 28
10 231
10 32
10 289
10 290
10 35
10 420
10 423
10 39
10 210
10 427
10 173
10 175
10 177
10 50
10 307
10 181
10 438
10 305
10 185
10 445
10 446
10 437
10 64
10 193
10 66
10 324
10 130
10 327
10 73
10 204
10 205
10 78
10 79
10 81
10 338
10 83
10 213
10 313
10 88
10 292
10 347
10 135
10 350
10 223
10 352
10 227
10 356
10 103
10 360
10 363
10 108
10 82
10 239
10 240
10 373
10 45
10 136
10 254
10 21
11 384
11 131
11 6
11 7
11 138
11 194
11 401
11 402
11 153
11 26
11 32
11 289
11 391
11 45
11 304
11 311
11 446
11 322
11 204
11 205
11 397
11 338
11 99
11 227
11 356
11 229
11 231
11 363
11 109
11 239
11 83
11 378
12 35
12 104
12 299
12 112
12 50
12 154
13 341
14 260
14 8
14 188
14 334
14 60
14 112
14 179
14 412
16 51
17 195
17 393
17 45
17 173
17 402
17 121
17 254
18 114
18 324
19 358
19 424
19 9
19 298
19 141
19 117
19 313
19 158
20 224
20 432
20 50
20 299
20 215
21 384
21 10
21 397
21 270
21 402
21 150
21 153
21 156
21 414
21 32
21 290
21 292
21 39
21 210
21 28
21 427
21 45
21 439
21 445
21 64
21 322
21 324
21 327
21 73
21 204
21 205
21 338
21 85
21 420
21 347
21 352
21 227
21 356
21 234
21 82
21 110
21 239
21 240
21 369
22 260
22 342
22 8
22 137
22 273
22 407
22 25
22 154
22 155
22 412
22 415
22 288
22 389
22 299
22 306
22 50
22 179
22 182
22 9
22 60
22 189
22 118
22 199
22 201
22 202
22 55
22 335
22 336
22 340
22 214
22 218
22 246
22 355
22 188
22 112
22 424
22 374
22 249
22 124
24 26
24 402
24 171
24 419
25 179
25 201
25 112
25 115
25 340
25 342
25 215
25 154
25 60
26 384
26 259
26 391
26 267
26 397
26 402
26 21
26 150
26 153
26 290
26 168
26 427
26 47
26 304
26 439
26 446
26 64
26 324
26 204
26 205
26 79
26 227
26 88
26 99
26 229
26 231
26 239
26 240
26 114
26 246
28 384
28 258
28 393
28 10
28 269
28 402
28 21
28 407
28 26
28 290
28 292
28 427
28 45
28 175
28 180
28 439
28 187
28 445
28 193
28 194
28 324
28 327
28 73
28 204
28 205
28 397
28 338
28 83
28 213
28 86
28 88
28 420
28 219
28 227
28 356
28 231
28 363
28 82
28 239
28 114
29 249
29 124
29 374
29 137
30 1
30 358
30 257
30 9
30 177
30 341
30 217
30 56
30 313
30 315
30 318
31 162
31 117
31 246
31 158
33 129
33 323
33 390
33 9
33 299
33 349
33 368
33 434
33 380
33 413
34 374
34 328
34 12
34 273
34 179
34 340
34 342
34 188
35 202
35 115
36 260
36 179
36 412
36 215
36 334
36 272
36 50
36 115
36 342
36 201
36 137
36 188
37 184
37 433
37 2
37 419
37 49
38 424
38 217
38 315
38 142
39 384
39 149
39 258
39 131
39 406
39 134
39 7
39 392
39 393
39 10
39 397
39 45
39 402
39 3
39 21
39 150
39 279
39 152
39 231
39 287
39 32
39 290
39 347
39 427
39 301
39 175
39 304
39 50
39 181
39 438
39 415
39 64
39 193
39 324
39 198
39 73
39 205
39 78
39 82
39 339
39 213
39 88
39 89
39 219
39 135
39 350
39 223
39 352
39 227
39 356
39 103
39 363
39 96
39 239
39 240
39 83
39 373
39 121
39 378
39 254
39 85
40 329
40 433
40 118
40 250
40 219
40 317
40 159
43 144
43 145
43 242
43 179
43 340
44 184
44 41
44 320
44 199
46 288
46 122
46 60
47 384
47 393
47 138
47 267
47 397
47 153
47 26
47 289
47 168
47 304
47 307
47 181
47 315
47 324
47 73
47 205
47 338
47 341
47 219
47 356
47 103
47 233
47 363
47 239
47 240
48 1
48 2
48 257
48 9
48 266
48 142
48 273
48 23
48 408
48 30
48 293
48 424
48 298
48 441
48 315
48 318
48 320
48 331
48 341
48 217
48 165
48 232
48 125
48 112
48 246
48 253
48 255
49 433
49 219
49 244
49 37
49 415
51 134
51 16
51 196
51 419
51 164
51 426
51 53
51 54
51 186
51 320
51 68
51 71
51 329
51 74
51 203
51 212
51 85
51 87
51 272
51 236
51 237
51 376
51 379
51 381
52 384
52 131
52 393
52 138
52 267
52 402
52 21
52 153
52 26
52 32
52 290
52 420
52 171
52 45
52 304
52 439
52 446
52 195
52 324
52 205
52 338
52 88
52 347
52 227
52 356
52 231
52 233
52 103
52 239
52 240
52 254
53 336
53 419
53 69
53 8
53 272
53 50
53 54
53 345
53 189
54 345
54 51
54 53
55 342
55 214
55 424
55 201
55 299
55 77
55 272
55 434
55 179
55 22
55 233
55 280
55 251
55 157
55 182
56 1
56 358
56 257
56 266
56 398
56 273
56 147
56 302
56 408
56 285
56 30
56 159
56 291
56 424
56 298
56 436
56 178
56 430
56 48
56 177
56 50
56 415
56 313
56 187
56 316
56 61
56 190
56 450
56 197
56 77
56 419
56 142
56 217
56 219
56 315
56 357
56 230
56 104
56 112
56 246
56 125
56 341
57 328
57 137
57 43
57 50
57 14
57 144
57 242
57 179
57 340
57 334
57 342
57 124
58 76
59 433
59 353
60 260
60 8
60 137
60 14
60 143
60 273
60 25
60 154
60 155
60 36
60 421
60 50
60 323
60 201
60 340
60 342
60 215
60 216
60 224
60 112
60 122
60 255
61 358
62 256
64 384
64 257
64 131
64 6
64 393
64 397
64 400
64 402
64 451
64 21
64 150
64 407
64 153
64 26
64 231
64 167
64 415
64 32
64 289
64 347
64 420
64 39
64 168
64 427
64 173
64 175
64 48
64 177
64 50
64 307
64 439
64 445
64 61
64 195
64 324
64 69
64 199
64 205
64 424
64 81
64 338
64 83
64 341
64 88
64 219
64 419
64 227
64 356
64 230
64 358
64 103
64 363
64 239
64 240
64 369
64 254
64 126
66 384
66 311
66 227
66 324
66 293
66 231
66 10
66 171
66 109
66 402
66 239
66 50
66 82
66 180
66 341
66 86
66 439
66 356
66 28
66 165
67 129
67 349
67 368
67 434
67 55
67 413
68 162
68 324
68 134
68 105
68 74
68 51
68 212
68 87
68 381
70 93
71 320
71 106
71 44
71 69
71 246
72 200
72 77
72 358
72 61
73 3
73 6
73 7
73 10
73 15
73 21
73 24
73 26
73 28
73 39
73 45
73 47
73 64
73 78
73 79
73 81
73 82
73 83
73 85
73 88
73 89
73 96
73 103
73 108
73 114
73 116
73 126
73 131
73 134
73 149
73 150
73 152
73 153
73 156
73 168
73 173
73 174
73 175
73 181
73 193
73 194
73 195
73 198
73 202
73 204
73 205
73 213
73 219
73 223
73 227
73 229
73 231
73 234
73 239
73 240
73 246
73 251
73 254
73 259
73 267
73 270
73 279
73 289
73 290
73 295
73 304
73 305
73 307
73 311
73 313
73 318
73 322
73 324
73 337
73 339
73 341
73 347
73 350
73 352
73 356
73 360
73 362
73 363
73 369
73 373
73 378
73 382
73 384
73 392
73 393
73 397
73 398
73 400
73 402
73 414
73 418
73 419
73 420
73 423
73 424
73 427
73 431
73 437
73 438
73 439
73 446
73 451
74 68
74 85
75 321
75 426
75 268
75 190
76 256
76 257
76 299
76 261
76 8
76 9
76 139
76 399
76 274
76 407
76 25
76 30
76 416
76 33
76 294
76 43
76 429
76 434
76 179
76 310
76 55
76 58
76 214
76 62
76 319
76 330
76 335
76 211
76 341
76 342
76 216
76 143
76 220
76 221
76 222
76 226
76 355
76 166
76 359
76 112
76 249
76 124
76 255
77 257
77 292
77 358
77 136
77 190
77 206
77 285
77 200
77 436
77 341
77 246
77 313
77 441
77 61
77 318
78 384
78 305
78 387
78 406
78 135
78 264
78 393
78 10
78 397
78 301
78 402
78 259
78 150
78 235
78 152
78 431
78 414
78 415
78 32
78 289
78 290
78 198
78 295
78 363
78 427
78 45
78 175
78 304
78 392
78 308
78 181
78 423
78 446
78 448
78 193
78 324
78 70
78 73
78 204
78 205
78 82
78 83
78 85
78 356
78 350
78 223
78 227
78 391
78 360
78 362
78 39
78 239
78 240
78 373
78 378
78 254
79 135
79 268
79 397
79 402
79 152
79 26
79 156
79 414
79 427
79 301
79 305
79 308
79 446
79 64
79 195
79 73
79 205
79 339
79 341
79 88
79 356
79 240
79 246
80 325
81 103
82 2
82 5
82 10
82 21
82 24
82 26
82 27
82 28
82 32
82 37
82 40
82 41
82 44
82 45
82 49
82 51
82 59
82 63
82 64
82 68
82 69
82 71
82 73
82 74
82 75
82 79
82 85
82 86
82 87
82 88
82 92
82 100
82 101
82 102
82 103
82 105
82 106
82 107
82 111
82 113
82 116
82 118
82 121
82 123
82 127
82 134
82 136
82 148
82 153
82 159
82 162
82 164
82 174
82 175
82 180
82 181
82 183
82 184
82 185
82 187
82 190
82 191
82 194
82 196
82 203
82 204
82 205
82 207
82 209
82 210
82 212
82 219
82 227
82 228
82 229
82 231
82 236
82 238
82 239
82 240
82 244
82 245
82 246
82 247
82 250
82 252
82 254
82 258
82 268
82 270
82 271
82 276
82 281
82 286
82 290
82 292
82 300
82 307
82 309
82 311
82 314
82 317
82 320
82 321
82 322
82 324
82 327
82 329
82 338
82 344
82 346
82 352
82 353
82 356
82 363
82 364
82 375
82 376
82 379
82 381
82 382
82 384
82 385
82 386
82 388
82 392
82 393
82 395
82 396
82 397
82 398
82 402
82 405
82 410
82 415
82 419
82 423
82 426
82 427
82 428
82 433
82 435
82 439
82 445
82 453
83 384
83 45
83 131
83 406
83 6
83 7
83 9
83 10
83 11
83 397
83 15
83 402
83 387
83 149
83 150
83 407
83 152
83 153
83 363
83 28
83 167
83 414
83 231
83 32
83 289
83 290
83 423
83 393
83 295
83 427
83 301
83 175
83 304
83 307
83 181
83 439
83 313
83 61
83 446
83 64
83 195
83 324
83 198
83 327
83 73
83 205
83 78
83 89
83 135
83 350
83 223
83 352
83 227
83 356
83 103
83 360
83 431
83 39
83 239
83 240
83 254
83 378
83 126
84 315
85 5
85 6
85 10
85 11
85 21
85 23
85 26
85 28
85 32
85 35
85 45
85 50
85 51
85 64
85 68
85 73
85 74
85 75
85 77
85 83
85 86
85 87
85 96
85 99
85 103
85 109
85 110
85 113
85 114
85 115
85 116
85 121
85 131
85 134
85 135
85 150
85 153
85 157
85 171
85 175
85 176
85 177
85 181
85 185
85 189
85 190
85 192
85 194
85 199
85 202
85 203
85 204
85 205
85 206
85 207
85 208
85 210
85 212
85 223
85 227
85 231
85 235
85 239
85 240
85 246
85 251
85 252
85 254
85 267
85 268
85 272
85 276
85 278
85 279
85 283
85 290
85 318
85 321
85 324
85 327
85 338
85 341
85 347
85 350
85 356
85 363
85 373
85 376
85 379
85 381
85 384
85 387
85 391
85 393
85 394
85 396
85 397
85 400
85 402
85 403
85 406
85 408
85 414
85 418
85 419
85 420
85 424
85 426
85 427
85 436
85 439
85 441
85 445
85 446
86 258
86 132
86 135
86 267
86 397
86 270
86 402
86 153
86 28
86 287
86 290
86 420
86 210
86 427
86 181
86 185
86 446
86 64
86 66
86 327
86 204
86 205
86 338
86 85
86 223
86 352
86 356
86 103
86 231
86 82
86 239
88 384
88 81
88 393
88 397
88 15
88 402
88 451
88 150
88 26
88 231
88 414
88 287
88 290
88 292
88 39
88 175
88 437
88 187
88 64
88 195
88 73
88 204
88 205
88 337
88 83
88 420
88 223
88 356
88 103
88 363
88 239
88 254
88 126
89 431
90 12
90 246
91 214
91 179
91 299
91 143
91 371
91 374
91 377
91 303
92 320
92 107
92 381
93 70
94 33
94 323
94 390
94 129
94 349
94 368
94 434
94 182
94 380
94 413
95 257
95 197
95 422
95 200
95 233
95 266
95 285
95 177
95 217
95 154
95 61
95 104
95 166
96 32
96 194
96 356
96 439
96 39
96 393
96 135
96 205
96 239
96 240
96 402
96 83
96 73
96 311
96 397
96 229
97 260
97 8
97 124
97 50
97 60
97 112
97 434
97 182
97 25
97 188
98 260
98 8
98 14
98 273
98 22
98 316
98 280
98 154
98 155
98 412
98 288
98 424
98 178
98 50
98 434
98 179
98 182
98 55
98 315
98 188
98 335
98 336
98 340
98 341
98 342
98 215
98 218
98 355
98 358
98 60
98 112
98 246
98 122
99 257
99 2
99 171
99 391
99 393
99 11
99 402
99 26
99 415
99 289
99 146
99 135
99 177
99 436
99 311
99 315
99 318
99 322
99 77
99 205
99 341
99 219
99 356
99 230
99 358
99 235
99 109
99 240
99 121
100 102
101 208
101 278
102 320
102 106
102 100
102 69
102 71
104 257
104 3
104 422
104 392
104 9
104 266
104 12
104 142
104 152
104 147
104 407
104 408
104 157
104 30
104 415
104 165
104 166
104 298
104 48
104 436
104 311
104 56
104 441
104 315
104 316
104 317
104 318
104 117
104 192
104 450
104 197
104 200
104 335
104 341
104 217
104 219
104 95
104 357
104 358
104 235
104 61
104 190
104 246
104 122
104 255
106 320
106 44
106 101
106 118
106 71
107 92
108 64
108 32
108 227
108 324
108 103
108 73
108 397
108 175
108 240
108 205
108 254
109 240
109 393
109 205
109 134
109 239
112 260
112 8
112 137
112 14
112 272
112 273
112 407
112 280
112 25
112 154
112 412
112 157
112 69
112 165
112 297
112 50
112 179
112 9
112 188
112 320
112 374
112 201
112 333
112 335
112 340
112 342
112 215
112 216
112 118
112 293
112 60
112 246
112 233
113 317
113 189
114 384
114 213
114 171
114 134
114 10
114 269
114 18
114 403
114 21
114 150
114 283
114 28
114 419
114 292
114 168
114 427
114 176
114 50
114 307
114 438
114 311
114 394
114 320
114 324
114 327
114 73
114 203
114 204
114 397
114 338
114 341
114 87
114 88
114 352
114 227
114 356
114 103
114 233
114 402
114 239
114 376
114 254
114 85
115 69
116 5
116 267
116 397
116 402
116 26
116 290
116 423
116 45
116 307
116 181
116 439
116 446
116 64
116 73
116 204
116 205
116 210
116 85
116 87
116 352
116 356
116 103
116 82
116 239
117 419
117 266
117 19
117 341
117 217
117 313
117 315
117 158
117 415
119 432
119 306
119 340
120 361
120 434
120 178
120 33
121 311
121 322
121 99
121 4
121 423
121 39
121 264
121 17
121 427
121 402
121 205
121 392
121 82
121 181
121 406
121 153
121 185
121 410
121 219
121 85
122 260
122 273
122 201
122 142
122 335
122 177
122 50
122 340
122 280
122 377
122 315
122 60
122 189
125 9
125 298
125 331
125 141
125 142
125 48
125 273
125 50
125 56
125 315
125 255
127 311
127 427
127 338
127 240
127 402
127 439
127 153
127 87
128 246
129 33
129 323
129 69
129 349
129 434
129 115
129 214
129 380
129 413
130 202
131 7
131 393
131 10
131 11
131 397
131 15
131 400
131 402
131 149
131 153
131 152
131 39
131 231
131 290
131 292
131 295
131 427
131 45
131 175
131 52
131 311
131 64
131 195
131 324
131 73
131 420
131 337
131 338
131 83
131 301
131 88
131 89
131 223
131 356
131 103
131 360
131 363
131 239
131 240
131 254
131 126
132 384
132 393
132 138
132 267
132 397
132 401
132 402
132 21
132 150
132 26
132 32
132 289
132 304
132 307
132 52
132 181
132 324
132 202
132 338
132 86
132 219
132 356
132 103
132 363
132 109
132 239
132 240
133 273
133 179
133 342
134 384
134 51
134 388
134 439
134 6
134 162
134 393
134 10
134 267
134 268
134 269
134 233
134 109
134 272
134 402
134 403
134 276
134 21
134 150
134 23
134 397
134 324
134 26
134 283
134 28
134 341
134 32
134 290
134 420
134 37
134 49
134 426
134 427
134 428
134 175
134 176
134 433
134 307
134 438
134 153
134 111
134 189
134 394
134 191
134 322
134 195
134 68
134 327
134 194
134 73
134 74
134 75
134 204
134 205
134 207
134 271
134 82
134 83
134 212
134 85
134 203
134 87
134 88
134 292
134 347
134 351
134 352
134 227
134 356
134 231
134 105
134 234
134 103
134 338
134 239
134 240
134 114
134 245
134 246
134 39
134 376
134 379
134 252
134 254
134 213
135 384
135 387
135 406
135 393
135 10
135 267
135 397
135 270
135 45
135 402
135 259
135 21
135 150
135 152
135 363
135 32
135 289
135 290
135 39
135 427
135 301
135 175
135 304
135 50
135 181
135 438
135 313
135 446
135 193
135 322
135 227
135 205
135 78
135 79
135 352
135 83
135 86
135 350
135 223
135 96
135 99
135 356
135 229
135 103
135 231
135 239
135 240
135 373
135 378
136 392
138 289
138 322
138 387
138 324
138 392
138 109
138 397
138 240
138 23
138 26
139 325
139 76
139 399
139 274
139 211
139 220
139 319
141 1
141 424
141 342
141 178
141 232
141 9
141 333
141 145
141 253
141 273
141 50
141 19
141 214
141 23
141 154
141 219
141 125
141 255
142 1
142 257
142 8
142 9
142 23
142 421
142 407
142 408
142 154
142 415
142 35
142 293
142 424
142 297
142 298
142 48
142 50
142 436
142 56
142 315
142 188
142 77
142 341
142 342
142 217
142 165
142 357
142 230
142 104
142 316
142 112
142 246
142 122
142 125
142 255
143 288
143 315
143 342
143 201
143 333
143 14
143 60
143 303
143 371
143 334
143 374
143 407
143 216
143 282
143 91
143 188
143 389
144 328
144 137
144 43
144 334
144 242
144 179
144 340
144 342
144 280
144 57
144 157
145 43
145 179
145 141
145 9
146 257
146 36
146 272
146 152
146 246
146 280
146 154
146 251
146 318
146 159
147 192
147 219
147 197
147 422
147 167
147 104
147 266
147 142
147 341
147 56
147 217
147 315
147 316
149 198
149 295
149 360
149 431
149 305
149 50
149 339
149 152
149 89
150 384
150 387
150 132
150 6
150 135
150 264
150 393
150 10
150 194
150 402
150 259
150 21
150 406
150 153
150 26
150 103
150 32
150 289
150 290
150 420
150 39
150 45
150 175
150 304
150 50
150 307
150 439
150 445
150 446
150 64
150 193
150 322
150 324
150 73
150 204
150 205
150 78
150 397
150 81
150 338
150 83
150 85
150 88
150 347
150 350
150 227
150 356
150 231
150 362
150 363
150 109
150 239
150 240
150 369
150 114
150 254
150 341
151 1
151 232
151 9
151 253
151 424
151 178
151 8
151 125
152 1
152 3
152 392
152 149
152 415
152 35
152 292
152 295
152 424
152 298
152 431
152 305
152 308
152 311
152 436
152 198
152 339
152 313
152 89
152 358
152 230
152 360
152 83
152 373
153 384
153 257
153 131
153 5
153 6
153 264
153 393
153 138
153 194
153 400
153 401
153 402
153 21
153 150
153 26
153 81
153 231
153 32
153 289
153 219
153 420
153 262
153 422
153 424
153 45
153 175
153 99
153 307
153 439
153 64
153 322
153 195
153 324
153 73
153 202
153 311
153 205
153 397
153 337
153 338
153 83
153 341
153 86
153 347
153 419
153 227
153 356
153 103
153 363
153 109
153 239
153 240
153 245
153 121
153 254
153 127
154 260
154 8
154 272
154 273
154 25
154 412
154 159
154 288
154 35
154 167
154 50
154 188
154 317
154 201
154 335
154 346
154 355
154 60
154 189
154 112
154 246
154 377
155 60
155 260
156 363
156 83
156 341
156 254
157 112
157 50
157 251
157 179
158 162
158 19
158 117
158 246
158 31
159 69
159 8
159 201
159 247
159 346
159 317
159 273
159 246
159 23
159 154
159 233
159 412
159 189
160 50
161 257
161 200
161 124
161 60
161 340
161 342
161 188
162 212
162 227
162 292
162 134
162 324
162 74
162 87
162 19
162 415
162 117
162 219
162 85
162 376
162 68
162 379
162 254
162 31
163 288
163 342
163 137
163 299
163 179
163 340
163 214
163 407
163 25
163 188
164 329
164 317
165 315
165 293
165 167
165 142
165 217
165 443
165 157
166 104
166 200
166 315
166 257
168 384
168 290
168 324
168 205
168 73
168 394
168 204
168 397
168 307
168 239
168 176
168 114
168 403
168 150
168 356
168 283
170 416
170 50
170 218
171 335
172 32
172 193
172 324
172 427
172 397
172 239
172 205
172 356
173 64
173 267
173 356
173 73
173 10
173 427
173 45
173 78
173 240
173 17
173 402
173 195
173 254
174 388
175 259
175 5
175 134
175 7
175 264
175 393
175 10
175 397
175 402
175 131
175 21
175 150
175 279
175 153
175 28
175 289
175 290
175 420
175 6
175 168
175 427
175 108
175 50
175 439
175 138
175 64
175 193
175 195
175 324
175 327
175 73
175 82
175 83
175 341
175 88
175 347
175 223
175 227
175 356
175 103
175 362
175 363
175 387
175 239
175 240
175 373
175 378
175 254
175 85
176 203
176 134
176 327
176 168
176 307
176 394
176 427
176 239
176 271
176 114
176 403
176 85
176 87
176 376
176 283
176 254
176 351
177 257
177 35
177 50
177 408
177 313
177 315
177 284
177 61
177 318
178 253
178 1
178 260
178 9
178 407
178 141
178 145
178 22
178 151
178 408
178 154
178 157
178 159
178 33
178 165
178 424
178 298
178 48
178 179
178 436
178 317
178 315
178 60
178 189
178 449
178 450
178 331
178 76
178 334
178 214
178 349
178 98
178 232
178 367
178 120
178 122
178 125
178 255
179 260
179 137
179 14
179 144
179 273
179 407
179 280
179 25
179 154
179 157
179 36
179 43
179 50
179 9
179 57
179 188
179 328
179 334
179 340
179 342
179 215
179 216
179 145
179 233
179 112
179 242
179 374
181 130
181 427
181 5
181 6
181 135
181 264
181 393
181 10
181 267
181 268
181 194
181 301
181 401
181 167
181 406
181 407
181 24
181 157
181 159
181 32
181 290
181 419
181 39
181 168
181 7
181 73
181 45
181 402
181 304
181 392
181 109
181 180
181 138
181 439
181 187
181 317
181 446
181 373
181 279
181 322
181 69
181 70
181 329
181 202
181 205
181 78
181 207
181 338
181 83
181 85
181 86
181 397
181 88
181 93
181 350
181 223
181 61
181 227
181 356
181 362
181 363
181 82
181 239
181 240
181 116
181 245
181 118
181 121
181 378
181 254
181 213
183 41
185 384
185 415
185 10
185 268
185 397
185 21
185 150
185 410
185 159
185 32
185 290
185 420
185 426
185 180
185 138
185 439
185 315
185 317
185 322
185 324
185 327
185 202
185 311
185 204
185 205
185 207
185 82
185 85
185 86
185 88
185 292
185 346
185 219
185 352
185 227
185 356
185 103
185 109
185 239
185 246
185 247
185 121
186 51
187 257
187 419
187 230
187 358
187 424
187 92
187 202
187 44
187 77
187 56
187 415
187 341
187 246
187 217
187 408
187 313
187 219
187 316
187 69
188 272
188 260
188 342
188 8
188 137
188 407
188 112
188 273
188 50
188 179
188 340
188 214
188 215
188 36
188 218
188 233
188 412
189 320
189 260
189 273
189 8
189 60
189 272
189 113
189 246
189 247
189 154
189 412
189 346
189 159
190 1
190 8
190 268
190 273
190 408
190 154
190 426
190 48
190 50
190 436
190 56
190 441
190 189
190 320
190 321
190 118
190 75
190 77
190 341
190 346
190 104
190 233
190 246
191 111
191 87
191 134
191 271
192 424
192 266
192 142
192 104
192 147
192 117
192 315
193 384
193 387
193 135
193 393
193 10
193 259
193 21
193 150
193 235
193 28
193 32
193 289
193 290
193 292
193 39
193 172
193 175
193 304
193 439
193 318
193 324
193 73
193 204
193 205
193 338
193 341
193 420
193 347
193 227
193 356
193 103
193 362
193 363
193 239
193 240
193 378
194 64
194 384
194 322
194 363
194 231
194 393
194 427
194 204
194 205
194 402
194 239
194 240
194 338
194 227
194 21
194 73
194 153
194 254
194 181
195 384
195 131
195 134
195 7
195 394
195 267
195 397
195 15
195 17
195 402
195 173
195 153
195 26
195 414
195 420
195 6
195 423
195 427
195 45
195 175
195 52
195 311
195 313
195 446
195 64
195 324
195 73
195 337
195 83
195 301
195 88
195 89
195 347
195 356
195 103
195 363
195 239
195 240
195 254
195 378
195 126
196 320
196 329
196 118
197 1
197 8
197 9
197 12
197 13
197 14
197 20
197 22
197 25
197 29
197 30
197 33
197 34
197 36
197 38
197 42
197 43
197 46
197 48
197 50
197 55
197 56
197 57
197 58
197 60
197 61
197 62
197 65
197 67
197 72
197 76
197 77
197 80
197 84
197 90
197 91
197 94
197 95
197 97
197 98
197 112
197 119
197 120
197 122
197 124
197 125
197 128
197 129
197 133
197 137
197 139
197 140
197 141
197 142
197 143
197 144
197 145
197 146
197 147
197 151
197 154
197 155
197 160
197 161
197 163
197 165
197 166
197 169
197 170
197 178
197 179
197 182
197 188
197 200
197 201
197 211
197 214
197 215
197 216
197 217
197 218
197 220
197 221
197 222
197 224
197 225
197 226
197 230
197 232
197 241
197 242
197 243
197 246
197 248
197 249
197 253
197 255
197 256
197 257
197 260
197 261
197 263
197 265
197 266
197 273
197 274
197 275
197 277
197 280
197 282
197 284
197 285
197 288
197 291
197 293
197 294
197 296
197 297
197 298
197 299
197 302
197 303
197 306
197 310
197 312
197 315
197 316
197 319
197 323
197 325
197 326
197 328
197 330
197 331
197 332
197 333
197 334
197 335
197 336
197 340
197 341
197 342
197 343
197 348
197 349
197 354
197 355
197 357
197 358
197 359
197 361
197 365
197 366
197 367
197 368
197 370
197 371
197 372
197 374
197 377
197 380
197 383
197 389
197 390
197 399
197 404
197 407
197 409
197 411
197 412
197 413
197 416
197 417
197 421
197 424
197 429
197 430
197 432
197 434
197 440
197 442
197 443
197 444
197 447
197 449
197 450
197 452
198 392
198 35
198 295
198 360
198 339
198 431
198 305
198 3
198 149
198 313
198 152
198 89
200 257
200 2
200 69
200 166
200 202
200 77
200 285
200 315
200 266
200 318
201 251
201 36
201 69
201 8
201 124
201 14
201 60
201 112
201 273
201 50
201 355
201 405
201 246
201 233
201 25
201 154
201 444
201 412
203 134
203 393
203 394
203 271
203 402
203 403
203 276
203 283
203 159
203 162
203 419
203 176
203 51
203 311
203 317
203 69
203 207
203 82
203 87
203 346
203 239
203 114
203 379
204 384
204 4
204 5
204 6
204 264
204 393
204 10
204 267
204 397
204 402
204 21
204 150
204 26
204 28
204 287
204 32
204 290
204 82
204 134
204 423
204 168
204 427
204 301
204 307
204 185
204 64
204 193
204 194
204 11
204 324
204 327
204 73
204 74
204 78
204 337
204 338
204 85
204 86
204 87
204 88
204 347
204 223
204 352
204 227
204 356
204 103
204 234
204 231
204 210
204 239
204 240
204 114
204 116
204 254
205 384
205 130
205 387
205 4
205 406
205 7
205 392
205 393
205 138
205 267
205 396
205 194
205 270
205 271
205 401
205 402
205 259
205 21
205 150
205 279
205 153
205 26
205 28
205 445
205 231
205 32
205 289
205 290
205 99
205 420
205 39
205 210
205 427
205 301
205 47
205 304
205 109
205 307
205 52
205 181
205 439
205 132
205 185
205 315
205 10
205 446
205 64
205 96
205 322
205 11
205 324
205 327
205 73
205 79
205 45
205 78
205 397
205 81
205 338
205 83
205 85
205 86
205 88
205 356
205 219
205 135
205 350
205 223
205 352
205 227
205 391
205 229
205 103
205 363
205 82
205 168
205 239
205 240
205 369
205 258
205 202
205 121
205 378
205 254
206 424
206 251
206 268
206 77
207 87
207 379
207 85
207 203
207 271
208 288
208 101
208 137
208 272
208 50
208 278
208 60
209 286
210 384
210 258
210 393
210 194
210 270
210 402
210 21
210 150
210 24
210 153
210 26
210 414
210 290
210 82
210 168
210 427
210 45
210 175
210 307
210 439
210 445
210 190
210 64
210 193
210 322
210 324
210 327
210 202
210 204
210 205
210 397
210 338
210 83
210 341
210 86
210 446
210 88
210 420
210 352
210 227
210 356
210 231
210 363
210 109
210 239
210 240
210 114
210 116
210 254
210 126
210 85
212 162
212 324
212 134
212 51
212 405
212 246
212 87
212 68
212 379
212 381
214 257
214 299
214 260
214 129
214 8
214 137
214 12
214 141
214 14
214 143
214 272
214 273
214 20
214 22
214 407
214 280
214 25
214 154
214 155
214 412
214 157
214 159
214 288
214 33
214 36
214 165
214 425
214 43
214 178
214 432
214 368
214 306
214 179
214 182
214 9
214 60
214 189
214 69
214 199
214 328
214 201
214 55
214 332
214 334
214 335
214 355
214 340
214 341
214 342
214 215
214 216
214 218
214 361
214 293
214 246
214 50
214 421
214 145
214 188
214 144
214 434
214 112
214 115
214 161
214 374
214 119
214 249
214 122
214 124
214 125
215 260
215 8
215 60
215 432
215 50
215 179
215 340
215 342
215 25
215 20
215 188
216 8
216 14
216 143
216 407
216 280
216 412
216 36
216 293
216 299
216 50
216 46
216 306
216 188
216 334
216 335
216 218
216 165
216 355
216 60
216 434
216 112
216 374
217 357
217 104
217 142
217 112
217 246
217 315
219 257
219 258
219 387
219 132
219 264
219 9
219 10
219 267
219 396
219 141
219 142
219 205
219 147
219 149
219 407
219 24
219 47
219 28
219 415
219 165
219 422
219 64
219 426
219 299
219 307
219 175
219 304
219 177
219 178
219 51
219 436
219 393
219 56
219 185
219 315
219 316
219 61
219 318
219 245
219 192
219 324
219 197
219 199
219 200
219 77
219 8
219 82
219 85
219 446
219 217
219 350
219 99
219 358
219 230
219 402
219 112
219 19
219 117
219 246
219 121
219 122
219 298
219 341
220 256
220 139
220 261
220 8
220 137
220 43
220 76
220 429
220 333
220 112
220 25
220 341
220 215
220 216
220 55
220 124
220 319
221 257
221 214
221 8
221 137
221 14
221 272
221 273
221 278
221 155
221 157
221 159
221 299
221 50
221 179
221 188
221 317
221 197
221 330
221 334
221 208
221 341
221 342
221 218
221 222
221 101
221 60
221 365
221 189
221 112
221 247
222 256
222 257
222 197
222 330
222 76
222 365
222 14
222 334
222 218
222 221
224 432
224 60
225 348
225 355
225 124
225 326
225 249
226 263
226 201
226 335
226 246
226 154
226 253
228 435
228 148
229 32
229 289
229 322
229 387
229 227
229 393
229 363
229 290
229 205
229 240
229 99
229 259
229 171
229 11
229 311
229 397
229 26
229 219
231 384
231 131
231 5
231 6
231 7
231 393
231 10
231 267
231 109
231 397
231 15
231 400
231 402
231 451
231 21
231 150
231 153
231 26
231 28
231 157
231 414
231 81
231 290
231 419
231 82
231 134
231 39
231 427
231 45
231 175
231 304
231 50
231 52
231 437
231 439
231 313
231 318
231 64
231 194
231 11
231 324
231 327
231 73
231 202
231 418
231 205
231 79
231 337
231 210
231 83
231 301
231 86
231 446
231 88
231 420
231 347
231 135
231 223
231 227
231 356
231 103
231 363
231 338
231 239
231 240
231 204
231 254
231 378
231 126
232 1
232 178
232 424
232 9
232 331
232 141
232 253
232 48
232 273
232 434
232 368
232 407
232 125
233 260
233 8
233 188
233 55
233 334
233 112
233 273
233 50
233 179
233 340
233 342
233 201
233 154
233 412
233 189
233 159
234 384
234 134
234 393
234 267
234 21
234 150
234 28
234 290
234 292
234 39
234 50
234 180
234 438
234 324
234 73
234 204
234 205
234 338
234 83
234 213
234 88
234 352
234 227
234 356
234 82
234 239
237 273
238 388
239 384
239 258
239 131
239 134
239 7
239 393
239 10
239 397
239 271
239 18
239 403
239 21
239 150
239 279
239 153
239 26
239 283
239 28
239 414
239 287
239 32
239 290
239 420
239 39
239 168
239 427
239 45
239 402
239 175
239 176
239 307
239 180
239 438
239 439
239 52
239 445
239 394
239 64
239 96
239 66
239 195
239 324
239 327
239 73
239 203
239 204
239 205
239 109
239 337
239 338
239 83
239 213
239 86
239 87
239 88
239 347
239 351
239 352
239 227
239 356
239 103
239 234
239 231
239 82
239 451
239 240
239 114
239 116
239 376
239 254
239 85
240 384
240 131
240 132
240 134
240 7
240 264
240 138
240 267
240 397
240 15
240 400
240 402
240 259
240 150
240 26
240 47
240 414
240 231
240 32
240 289
240 290
240 99
240 420
240 168
240 427
240 173
240 45
240 175
240 304
240 307
240 52
240 311
240 446
240 64
240 193
240 324
240 73
240 204
240 205
240 78
240 79
240 337
240 338
240 83
240 301
240 347
240 96
240 227
240 229
240 103
240 360
240 362
240 363
240 109
240 239
240 254
240 378
240 126
241 257
241 357
241 358
241 297
241 408
241 313
241 154
241 315
241 61
242 299
242 137
242 43
242 144
242 273
242 179
242 340
242 342
242 25
242 188
243 412
245 219
245 341
245 246
246 48
246 8
246 159
246 237
246 112
246 273
246 146
246 341
246 280
246 441
246 154
246 315
246 318
246 405
247 257
247 201
247 299
247 189
247 273
247 50
247 317
247 137
247 154
247 346
247 157
247 159
248 355
248 43
248 236
248 144
248 242
248 179
248 340
248 342
248 249
248 122
248 124
248 157
249 225
249 355
249 124
249 157
250 433
251 201
251 415
251 157
251 318
251 233
252 134
252 87
252 364
252 85
252 246
252 311
252 379
253 1
253 50
253 48
253 232
253 137
253 298
253 331
253 141
253 334
253 424
253 112
253 273
253 178
253 14
253 246
253 9
253 60
253 125
253 255
254 5
254 6
254 7
254 10
254 15
254 17
254 35
254 39
254 45
254 52
254 64
254 68
254 73
254 77
254 78
254 81
254 82
254 83
254 85
254 88
254 89
254 103
254 114
254 126
254 130
254 131
254 134
254 149
254 150
254 152
254 153
254 156
254 162
254 173
254 175
254 176
254 181
254 187
254 194
254 195
254 198
254 204
254 205
254 210
254 227
254 231
254 239
254 240
254 246
254 259
254 262
254 267
254 283
254 292
254 295
254 301
254 304
254 305
254 307
254 308
254 313
254 317
254 322
254 324
254 337
254 338
254 341
254 347
254 351
254 356
254 360
254 362
254 363
254 378
254 384
254 392
254 393
254 394
254 397
254 400
254 401
254 402
254 403
254 407
254 414
254 420
254 423
254 427
254 431
254 437
254 439
254 446
254 448
255 336
255 201
255 48
255 9
255 1
255 8
255 188
255 298
255 331
255 141
255 112
255 273
255 340
255 246
255 23
255 25
255 266
255 315
255 60
255 125
256 33
256 299
256 220
256 328
256 242
256 144
256 43
256 76
256 434
256 368
256 50
256 179
256 340
256 341
256 25
256 249
256 380
256 319
257 1
257 2
257 8
257 9
257 12
257 19
257 23
257 25
257 30
257 35
257 36
257 44
257 48
257 50
257 55
257 56
257 60
257 61
257 69
257 75
257 76
257 77
257 101
257 104
257 112
257 115
257 117
257 122
257 124
257 125
257 137
257 141
257 142
257 143
257 146
257 154
257 159
257 161
257 165
257 166
257 167
257 171
257 177
257 178
257 179
257 188
257 189
257 199
257 200
257 201
257 202
257 206
257 214
257 215
257 217
257 219
257 225
257 230
257 232
257 233
257 241
257 246
257 247
257 249
257 251
257 255
257 260
257 262
257 266
257 268
257 272
257 273
257 278
257 280
257 284
257 285
257 293
257 297
257 298
257 299
257 302
257 313
257 315
257 317
257 318
257 320
257 335
257 341
257 346
257 355
257 357
257 358
257 368
257 377
257 402
257 407
257 408
257 409
257 412
257 415
257 416
257 419
257 421
257 424
257 434
257 436
257 441
258 384
258 171
258 392
258 268
258 397
258 402
258 21
258 28
258 159
258 290
258 39
258 427
258 61
258 50
258 439
258 415
258 317
258 64
258 205
258 82
258 85
258 86
258 88
258 219
258 352
258 227
258 356
258 239
258 315
258 341
259 387
259 150
259 135
259 264
259 267
259 397
259 406
259 279
259 26
259 32
259 289
259 290
259 175
259 304
259 446
259 193
259 322
259 205
259 78
259 223
259 229
259 362
259 109
259 240
259 378
259 254
260 342
260 179
260 232
260 412
260 14
260 112
260 273
260 188
260 340
260 374
260 215
260 218
260 36
260 154
260 155
260 124
260 157
260 69
261 328
261 43
261 144
261 242
261 179
261 340
261 57
262 35
263 201
263 226
263 335
264 384
264 64
264 387
264 391
264 392
264 397
264 402
264 259
264 448
264 150
264 153
264 415
264 289
264 290
264 423
264 424
264 427
264 257
264 45
264 175
264 48
264 181
264 439
264 318
264 192
264 193
264 324
264 70
264 199
264 200
264 73
264 311
264 204
264 205
264 78
264 99
264 341
264 219
264 227
264 358
264 362
264 239
264 240
264 121
264 254
264 85
266 1
266 2
266 257
266 392
266 9
266 12
266 142
266 143
266 273
266 157
266 415
266 36
266 293
266 424
266 298
266 299
266 48
266 177
266 56
266 315
266 318
266 192
266 201
266 355
266 341
266 342
266 249
266 217
266 219
266 165
266 136
266 357
266 230
266 104
266 235
266 112
266 117
266 246
266 377
266 122
266 124
266 125
266 255
267 384
267 257
267 387
267 132
267 135
267 393
267 10
267 194
267 173
267 402
267 259
267 21
267 279
267 26
267 231
267 157
267 159
267 32
267 289
267 290
267 99
267 167
267 427
267 45
267 175
267 50
267 180
267 317
267 138
267 439
267 189
267 318
267 181
267 322
267 195
267 324
267 73
267 202
267 311
267 204
267 205
267 397
267 83
267 213
267 86
267 446
267 88
267 356
267 227
267 391
267 229
267 230
267 103
267 171
267 363
267 239
267 240
267 115
267 116
267 254
267 251
267 126
267 85
268 321
268 419
268 85
268 358
268 424
268 426
268 75
268 77
268 48
268 318
268 436
268 341
268 246
268 407
268 185
268 230
268 298
268 190
268 415
269 204
269 239
270 384
270 135
270 393
270 10
270 267
270 397
270 109
270 402
270 21
270 150
270 24
270 290
270 292
270 427
270 181
270 438
270 311
270 445
270 446
270 73
270 205
270 210
270 83
270 85
270 86
270 88
270 227
270 356
270 363
270 82
270 239
271 384
271 134
271 391
271 394
271 268
271 402
271 403
271 276
271 21
271 283
271 292
271 176
271 51
271 191
271 203
271 205
271 207
271 82
271 87
271 227
271 109
271 239
271 113
271 246
273 260
273 8
273 9
273 141
273 272
273 407
273 280
273 154
273 412
273 159
273 298
273 50
273 179
273 315
273 188
273 189
273 323
273 201
273 335
273 340
273 342
273 232
273 60
273 237
273 253
273 112
273 246
273 233
273 377
273 122
273 125
273 255
274 139
274 399
275 288
275 272
275 219
275 157
275 69
276 134
276 203
276 207
276 271
276 85
276 239
278 288
278 208
278 260
278 101
278 199
278 8
278 188
278 333
278 77
278 60
278 112
278 50
278 405
278 246
278 280
278 412
278 317
279 3
279 397
279 259
279 149
279 152
279 175
279 32
279 295
279 168
279 427
279 172
279 431
279 193
279 324
279 198
279 73
279 205
279 339
279 356
279 360
279 39
279 239
279 373
280 260
280 8
280 12
280 144
280 146
280 405
280 36
280 43
280 50
280 179
280 55
280 444
280 317
280 328
280 201
280 202
280 334
280 335
280 340
280 342
280 215
280 216
280 355
280 188
280 112
280 246
280 122
281 209
282 371
282 389
282 143
283 134
283 394
283 203
283 403
283 176
283 114
283 307
283 87
286 209
286 69
287 352
287 384
287 227
287 324
287 86
287 39
287 204
287 402
287 82
287 83
287 21
287 438
287 88
287 351
288 8
288 137
288 141
288 143
288 272
288 273
288 22
288 407
288 280
288 154
288 155
288 412
288 69
288 415
288 165
288 167
288 298
288 50
288 55
288 188
288 189
288 118
288 199
288 333
288 335
288 340
288 341
288 214
288 215
288 355
288 374
288 233
288 112
288 246
288 249
290 384
290 258
290 131
290 4
290 406
290 135
290 393
290 10
290 267
290 397
290 272
290 402
290 387
290 21
290 150
290 26
290 363
290 28
290 414
290 231
290 32
290 289
290 39
290 427
290 45
290 175
290 304
290 177
290 50
290 180
290 181
290 438
290 439
290 445
290 446
290 322
290 324
290 327
290 73
290 311
290 204
290 205
290 78
290 81
290 338
290 83
290 341
290 86
290 88
290 350
290 223
290 352
290 227
290 356
290 229
290 230
290 103
290 259
290 234
290 423
290 210
290 239
290 240
290 116
290 378
291 230
291 358
291 424
291 178
291 77
291 146
291 56
291 217
291 316
291 61
293 216
293 165
293 157
294 280
294 434
294 155
295 149
295 392
295 3
295 198
295 167
295 360
295 393
295 431
295 305
295 339
295 373
295 89
295 152
295 313
295 415
297 112
298 419
298 358
298 199
298 104
298 9
298 266
298 48
298 178
298 19
298 341
298 23
298 56
298 313
298 315
298 125
298 415
299 218
299 155
299 342
299 214
299 55
301 384
301 131
301 135
301 397
301 402
301 21
301 406
301 156
301 231
301 39
301 7
301 181
301 324
301 205
301 79
301 83
301 227
301 356
301 103
301 363
301 239
301 240
301 254
302 257
303 260
303 179
303 8
303 188
303 143
303 334
303 60
303 112
303 312
303 335
303 371
303 25
303 342
303 374
303 201
303 137
303 218
303 154
303 91
303 412
303 282
304 387
304 6
304 391
304 393
304 11
304 397
304 402
304 259
304 150
304 26
304 289
304 290
304 39
304 7
304 52
304 181
304 446
304 193
304 73
304 205
304 78
304 83
304 219
304 135
304 356
304 103
304 362
304 231
304 240
304 378
305 198
305 295
305 360
305 431
305 339
305 149
305 152
305 89
306 407
306 432
306 340
306 119
306 25
306 188
307 384
307 394
307 397
307 403
307 150
307 283
307 415
307 289
307 292
307 168
307 47
307 176
307 315
307 204
307 205
307 83
307 341
307 219
307 103
307 363
307 239
307 240
307 114
307 116
310 211
310 76
310 139
310 399
311 193
311 99
311 69
311 230
311 233
311 202
311 44
311 109
311 272
311 229
311 115
311 246
311 152
311 415
311 316
311 127
312 449
312 36
312 421
312 335
312 201
312 141
312 143
312 434
312 371
312 374
312 280
312 154
312 303
312 389
313 341
315 1
315 2
315 358
315 133
315 9
315 266
315 142
315 143
315 273
315 146
315 154
315 157
315 415
315 288
315 419
315 36
315 165
315 297
315 298
315 303
315 48
315 177
315 115
315 55
315 56
315 318
315 246
315 199
315 201
315 335
315 341
315 342
315 217
315 293
315 355
315 357
315 230
315 104
315 421
315 237
315 112
315 371
315 374
315 377
315 122
315 124
315 125
315 255
316 257
316 12
316 142
316 146
316 408
316 284
316 415
316 419
316 165
316 424
316 56
316 313
316 315
316 61
316 77
316 341
316 217
316 358
316 230
316 104
316 235
316 246
317 257
317 8
317 272
317 273
317 407
317 154
317 412
317 415
317 424
317 434
317 178
317 311
317 159
317 60
317 189
317 320
317 199
317 202
317 335
317 346
317 187
317 358
317 104
317 233
317 112
317 113
317 246
317 247
318 257
318 315
318 233
318 12
318 113
318 50
318 374
318 251
318 189
319 256
319 139
319 299
319 76
319 211
319 440
319 25
319 220
320 318
320 272
320 342
320 69
320 262
320 199
320 8
320 9
320 202
320 44
320 77
320 12
320 112
320 273
320 50
320 115
320 48
320 246
320 118
320 189
320 382
321 426
321 75
321 268
321 190
322 259
322 6
322 393
322 138
322 401
322 402
322 21
322 150
322 153
322 26
322 414
322 289
322 290
322 134
322 427
322 304
322 181
322 64
322 194
322 324
322 73
322 205
322 338
322 99
322 227
322 356
322 103
322 109
322 239
322 240
322 121
322 254
323 129
323 260
323 390
323 137
323 12
323 14
323 273
323 412
323 413
323 33
323 50
323 368
323 434
323 179
323 182
323 60
323 201
323 334
323 340
323 342
323 94
323 232
323 233
323 112
323 246
323 380
324 3
324 6
324 7
324 10
324 15
324 18
324 21
324 23
324 26
324 28
324 32
324 39
324 45
324 47
324 50
324 52
324 64
324 66
324 68
324 70
324 73
324 78
324 81
324 82
324 83
324 85
324 87
324 88
324 89
324 93
324 103
324 108
324 114
324 118
324 131
324 132
324 134
324 138
324 149
324 150
324 157
324 162
324 167
324 168
324 175
324 180
324 185
324 193
324 195
324 198
324 204
324 205
324 210
324 212
324 213
324 219
324 223
324 227
324 231
324 234
324 239
324 240
324 254
324 264
324 267
324 269
324 272
324 279
324 287
324 289
324 290
324 292
324 301
324 307
324 322
324 327
324 338
324 339
324 347
324 351
324 352
324 356
324 362
324 363
324 381
324 384
324 387
324 393
324 397
324 400
324 402
324 414
324 419
324 420
324 422
324 425
324 427
324 431
324 437
324 438
324 439
324 451
325 80
325 139
325 188
325 310
325 399
326 225
326 355
326 50
326 340
326 342
326 249
326 124
327 384
327 320
327 235
327 341
327 10
327 267
327 269
327 272
327 402
327 21
327 150
327 23
327 28
327 290
327 419
327 292
327 134
327 167
327 171
327 175
327 176
327 177
327 180
327 82
327 438
327 439
327 445
327 189
327 318
327 64
327 193
327 324
327 311
327 204
327 205
327 397
327 210
327 83
327 213
327 86
327 88
327 420
327 347
327 227
327 356
327 103
327 233
327 231
327 338
327 110
327 239
327 114
327 115
327 247
327 85
328 144
328 188
328 43
328 50
328 334
328 112
328 242
328 179
328 340
328 342
328 215
328 248
328 57
328 124
329 164
329 196
329 317
330 221
330 76
330 365
330 222
330 197
331 48
331 1
331 50
332 8
332 377
332 334
333 288
333 137
333 143
333 280
333 335
333 60
333 415
334 36
334 8
334 137
334 14
334 112
334 50
334 342
334 215
334 233
334 188
335 280
335 273
335 154
337 384
337 131
337 393
337 397
337 400
337 402
337 153
337 414
337 231
337 420
337 427
337 439
337 446
337 64
337 195
337 73
337 204
337 205
337 88
337 223
337 356
337 103
337 363
337 239
337 240
337 254
338 384
338 131
338 132
338 134
338 7
338 10
338 11
338 397
338 301
338 402
338 21
338 150
338 153
338 26
338 363
338 28
338 414
338 32
338 289
338 290
338 420
338 6
338 168
338 427
338 45
338 175
338 304
338 307
338 52
338 181
338 438
338 439
338 446
338 437
338 64
338 193
338 322
338 324
338 327
338 194
338 311
338 204
338 205
338 109
338 81
338 82
338 83
338 213
338 86
338 88
338 347
338 227
338 356
338 103
338 233
338 231
338 210
338 110
338 239
338 240
338 369
338 114
338 254
338 85
338 126
338 341
339 3
339 198
339 305
339 392
339 431
339 424
339 360
339 149
339 89
339 152
339 313
340 299
340 260
340 214
340 265
340 272
340 273
340 25
340 412
340 157
340 43
340 50
340 306
340 179
340 137
340 57
340 188
340 328
340 334
340 342
340 215
340 218
340 233
340 144
340 60
340 112
340 242
340 119
340 249
340 124
340 255
341 246
345 16
345 35
345 237
345 272
345 51
345 53
345 54
345 186
346 35
346 69
346 273
346 8
346 201
346 299
346 236
346 317
346 113
346 50
346 247
346 154
346 60
346 189
346 159
347 64
347 384
347 195
347 324
347 231
347 73
347 204
347 269
347 239
347 240
347 21
347 88
347 397
347 414
348 225
348 355
348 326
348 248
348 249
348 124
349 33
349 390
349 129
349 368
349 434
349 380
349 413
349 94
350 384
350 387
350 406
350 135
350 393
350 10
350 269
350 418
350 402
350 150
350 25
350 26
350 363
350 414
350 32
350 289
350 290
350 219
350 39
350 181
350 311
350 138
350 446
350 73
350 205
350 78
350 397
350 338
350 83
350 85
350 347
350 223
350 99
350 356
350 103
350 362
350 231
350 239
350 240
350 378
351 176
351 394
351 283
354 416
355 249
355 124
356 4
356 6
356 7
356 10
356 11
356 15
356 21
356 26
356 28
356 32
356 39
356 45
356 47
356 50
356 52
356 61
356 64
356 66
356 73
356 78
356 79
356 82
356 83
356 85
356 86
356 88
356 93
356 96
356 103
356 108
356 114
356 126
356 131
356 134
356 135
356 150
356 153
356 157
356 165
356 168
356 171
356 175
356 181
356 204
356 205
356 210
356 213
356 219
356 223
356 227
356 229
356 231
356 233
356 234
356 239
356 240
356 254
356 258
356 267
356 270
356 279
356 290
356 292
356 293
356 301
356 304
356 307
356 311
356 322
356 324
356 327
356 337
356 338
356 341
356 350
356 352
356 363
356 384
356 387
356 393
356 397
356 400
356 402
356 406
356 414
356 420
356 422
356 425
356 427
356 437
356 438
356 441
356 445
356 446
356 451
357 230
357 424
357 77
357 142
357 56
357 217
357 315
358 1
358 137
358 14
358 407
358 408
358 25
358 155
358 415
358 288
358 33
358 165
358 424
358 48
358 189
358 436
358 56
358 315
358 316
358 61
358 202
358 77
358 334
358 341
358 217
358 357
358 230
358 104
358 188
358 317
358 112
358 246
360 198
360 167
360 295
360 240
360 305
360 50
360 339
360 149
360 342
360 407
360 152
360 89
360 157
361 215
361 335
361 112
361 214
361 407
361 120
361 143
361 60
362 135
362 393
362 138
362 397
362 301
362 146
362 150
362 414
362 32
362 289
362 427
362 45
362 175
362 304
362 446
362 193
362 324
362 73
362 78
362 83
362 347
362 229
362 103
362 363
362 240
362 378
362 254
365 197
365 330
365 317
365 50
365 246
365 22
365 221
365 189
365 222
365 159
366 14
366 335
366 273
366 50
366 377
366 412
367 424
367 166
367 358
367 200
367 9
367 298
367 273
367 436
367 415
367 316
367 61
367 255
368 129
368 390
368 137
368 14
368 67
368 413
368 33
368 35
368 293
368 299
368 434
368 188
368 323
368 214
368 216
368 349
368 94
368 97
368 232
368 60
368 112
368 380
369 384
369 393
369 138
369 402
369 21
369 150
369 26
369 103
369 32
369 289
369 420
369 307
369 439
369 64
369 194
369 324
369 73
369 202
369 81
369 338
369 88
369 96
369 99
369 356
369 231
369 363
369 109
369 239
369 240
370 288
370 260
370 421
370 60
370 299
370 335
370 280
370 50
370 137
370 215
370 248
370 249
370 154
370 412
370 348
370 36
371 91
371 299
371 143
371 303
371 312
371 282
371 315
373 392
374 355
374 260
374 199
374 8
374 60
374 215
374 14
374 143
374 112
374 50
374 179
374 340
374 342
374 55
374 218
374 155
374 412
375 320
375 246
376 162
376 134
376 392
376 329
376 394
376 159
376 82
376 239
376 176
376 114
376 51
376 85
376 246
376 87
376 346
376 283
376 403
376 351
377 167
377 299
377 335
377 273
377 342
377 154
377 124
378 387
378 150
378 7
378 397
378 402
378 259
378 406
378 32
378 289
378 290
378 39
378 135
378 175
378 304
378 446
378 202
378 205
378 78
378 83
378 350
378 223
378 362
378 363
378 240
378 254
379 162
379 134
379 364
379 207
379 276
379 250
380 33
380 323
380 129
380 368
380 434
380 182
380 349
380 94
381 320
381 419
381 324
381 51
381 212
381 405
381 68
381 219
381 92
381 85
383 288
383 257
383 165
383 230
383 200
383 284
383 298
383 335
383 285
383 341
383 154
383 315
383 124
383 61
387 259
387 135
387 9
387 138
387 397
387 150
387 32
387 289
387 290
387 420
387 175
387 304
387 393
387 315
387 61
387 446
387 193
387 324
387 205
387 78
387 83
387 341
387 89
387 219
387 350
387 223
387 99
387 356
387 229
387 103
387 363
387 378
388 174
388 238
389 8
389 188
389 374
389 246
389 143
390 33
390 434
390 323
390 50
390 129
392 149
392 3
392 358
392 198
392 295
392 360
392 311
392 305
392 367
392 424
392 136
392 339
392 373
392 246
392 313
392 152
392 89
392 431
392 61
392 318
392 415
393 384
393 131
393 406
393 81
393 7
393 10
393 194
393 402
393 387
393 150
393 153
393 39
393 231
393 167
393 414
393 5
393 32
393 289
393 290
393 99
393 292
393 295
393 427
393 175
393 304
393 52
393 437
393 446
393 181
393 64
393 322
393 451
393 324
393 73
393 420
393 204
393 205
393 78
393 397
393 337
393 82
393 83
393 341
393 88
393 356
393 135
393 350
393 223
393 96
393 227
393 391
393 229
393 103
393 362
393 363
393 109
393 239
393 254
393 126
393 213
394 203
394 134
394 195
394 168
394 307
394 427
394 271
394 176
394 114
394 403
394 85
394 87
394 283
394 254
394 351
398 292
398 230
398 358
398 341
398 408
398 313
398 316
398 415
400 64
400 131
400 231
400 73
400 427
400 45
400 15
400 240
400 337
400 402
400 126
400 397
400 153
400 103
400 254
401 289
401 322
401 132
401 10
401 181
401 153
401 254
402 5
402 6
402 10
402 11
402 15
402 17
402 21
402 24
402 26
402 28
402 32
402 39
402 45
402 50
402 64
402 66
402 73
402 77
402 78
402 79
402 82
402 83
402 85
402 86
402 87
402 89
402 96
402 99
402 103
402 111
402 113
402 114
402 116
402 121
402 131
402 134
402 135
402 150
402 153
402 157
402 159
402 167
402 171
402 173
402 175
402 181
402 187
402 189
402 194
402 195
402 199
402 203
402 204
402 205
402 210
402 219
402 223
402 227
402 231
402 239
402 240
402 254
402 257
402 258
402 270
402 271
402 272
402 290
402 292
402 301
402 304
402 311
402 317
402 318
402 322
402 324
402 327
402 337
402 338
402 341
402 346
402 350
402 352
402 356
402 362
402 363
402 378
402 384
402 393
402 397
402 400
402 406
402 414
402 418
402 419
402 420
402 423
402 427
402 437
402 439
402 445
402 451
403 134
403 168
403 394
403 203
403 176
403 114
403 307
403 85
403 87
403 376
403 283
403 254
405 8
405 280
405 69
405 246
405 159
406 384
406 259
406 135
406 393
406 396
406 402
406 150
406 235
406 363
406 415
406 32
406 290
406 39
406 301
406 181
406 439
406 205
406 78
406 79
406 99
406 85
406 350
406 223
406 227
406 356
406 167
406 83
406 121
406 378
407 225
407 9
407 112
407 273
407 179
407 214
407 188
408 1
408 2
408 358
408 341
408 257
408 8
408 9
408 407
408 268
408 141
408 398
408 272
408 273
408 23
408 154
408 285
408 415
408 35
408 292
408 167
408 424
408 297
408 298
408 48
408 177
408 50
408 436
408 56
408 313
408 187
408 316
408 61
408 190
408 199
408 200
408 77
408 206
408 419
408 142
408 342
408 217
408 219
408 315
408 357
408 230
408 104
408 235
408 241
408 246
408 377
408 125
408 255
410 2
410 392
410 426
410 268
410 311
410 121
410 185
410 415
412 50
413 434
413 67
414 103
414 393
414 397
414 239
414 402
414 83
414 308
414 437
414 73
414 88
414 350
415 257
415 419
415 165
415 358
415 200
415 266
415 75
415 142
415 61
415 315
415 104
415 285
415 441
415 408
415 313
415 217
415 251
415 284
415 298
415 318
415 166
417 257
417 230
417 200
417 266
417 299
417 142
417 335
417 8
417 50
417 341
417 217
417 315
417 188
417 285
419 320
419 251
419 56
419 230
419 424
419 201
419 268
419 77
419 12
419 112
419 273
419 436
419 407
419 408
419 313
419 187
419 316
419 415
420 384
420 131
420 6
420 392
420 393
420 10
420 397
420 402
420 387
420 21
420 150
420 153
420 103
420 28
420 81
420 289
420 292
420 134
420 422
420 167
420 175
420 177
420 439
420 185
420 223
420 318
420 64
420 194
420 451
420 324
420 327
420 73
420 205
420 337
420 341
420 86
420 441
420 88
420 219
420 165
420 352
420 227
420 356
420 231
420 233
420 363
420 239
420 240
420 254
421 335
422 396
422 219
422 436
422 341
422 358
423 384
423 64
423 262
423 257
423 264
423 393
423 10
423 267
423 268
423 173
423 17
423 402
423 278
423 408
423 153
423 48
423 290
423 35
423 424
423 427
423 45
423 99
423 392
423 180
423 439
423 436
423 61
423 318
423 192
423 195
423 199
423 73
423 311
423 204
423 205
423 78
423 77
423 208
423 337
423 82
423 83
423 85
423 227
423 356
423 358
423 230
423 235
423 367
423 240
423 206
423 116
423 446
423 121
423 251
423 254
424 1
424 257
424 9
424 266
424 12
424 141
424 142
424 273
424 402
424 407
424 408
424 153
424 367
424 291
424 298
424 171
424 419
424 48
424 178
424 56
424 187
424 192
424 450
424 333
424 337
424 163
424 219
424 315
424 356
424 358
424 104
424 125
424 241
424 339
424 117
424 253
424 255
425 340
425 188
425 157
425 214
426 321
426 75
426 268
426 190
427 384
427 258
427 131
427 134
427 135
427 392
427 393
427 10
427 279
427 397
427 15
427 400
427 402
427 149
427 173
427 407
427 152
427 26
427 431
427 28
427 167
427 267
427 290
427 283
427 292
427 423
427 39
427 171
427 45
427 175
427 176
427 305
427 181
427 438
427 311
427 111
427 313
427 394
427 64
427 195
427 324
427 198
427 73
427 204
427 205
427 78
427 79
427 254
427 82
427 83
427 213
427 86
427 88
427 228
427 352
427 419
427 227
427 356
427 103
427 360
427 362
427 231
427 238
427 239
427 240
427 114
427 373
427 121
427 21
427 85
427 341
428 134
429 76
429 335
430 232
430 146
430 50
430 246
430 25
430 255
431 89
432 328
432 137
432 215
432 306
432 179
432 20
432 342
432 119
432 188
433 353
433 219
433 37
433 134
433 40
433 44
433 49
433 244
433 405
433 246
433 59
433 415
434 33
434 67
434 390
434 129
434 232
434 380
434 349
434 413
434 368
434 323
434 182
434 55
434 188
434 157
434 94
437 324
437 7
437 73
437 363
437 126
437 402
437 414
437 393
437 88
437 26
437 103
437 254
437 231
438 384
438 134
438 135
438 10
438 397
438 270
438 21
438 28
438 287
438 290
438 39
438 427
438 446
438 320
438 324
438 327
438 73
438 338
438 85
438 88
438 223
438 352
438 227
438 356
438 103
438 233
438 234
438 82
438 239
438 114
440 8
440 124
440 299
440 60
440 112
440 50
440 342
440 143
440 188
440 319
441 257
441 219
441 8
441 266
441 77
441 142
441 190
441 48
441 273
441 50
441 341
441 315
441 318
441 415
442 280
442 412
442 14
442 143
443 33
443 293
443 299
443 112
443 368
443 434
443 55
443 165
444 280
444 201
445 384
445 2
445 6
445 136
445 270
445 402
445 21
445 150
445 28
445 290
445 292
445 427
445 439
445 64
445 327
445 205
445 82
445 85
445 347
445 227
445 356
445 210
445 239
446 387
446 135
446 393
446 10
446 267
446 397
446 270
446 259
446 150
446 363
446 290
446 165
446 423
446 425
446 304
446 52
446 181
446 438
446 11
446 73
446 205
446 78
446 79
446 338
446 83
446 85
446 86
446 219
446 350
446 293
446 356
446 103
446 362
446 231
446 240
446 116
446 378
446 254
446 341
449 288
449 260
449 421
449 424
449 60
449 333
449 14
449 335
449 57
449 188
450 1
450 358
450 257
450 392
450 9
450 266
450 12
450 141
450 14
450 273
450 22
450 407
450 285
450 30
450 415
450 35
450 165
450 422
450 424
450 298
450 178
450 142
450 48
450 50
450 436
450 311
450 56
450 315
450 316
450 199
450 200
450 331
450 77
450 333
450 341
450 217
450 219
450 357
450 230
450 104
450 60
450 367
450 112
450 232
450 248
450 125
