2 38
2 94
3 13
3 92
3 94
3 97
3 98
4 2
4 3
4 5
4 6
4 8
4 12
4 14
4 15
4 18
4 19
4 23
4 25
4 30
4 31
4 32
4 34
4 35
4 38
4 40
4 41
4 42
4 46
4 47
4 48
4 52
4 53
4 54
4 59
4 60
4 61
4 63
4 65
4 67
4 69
4 70
4 72
4 74
4 77
4 78
4 81
4 86
4 87
4 92
4 93
4 97
4 99
5 21
5 42
5 56
5 58
5 61
6 3
6 66
7 3
7 4
7 10
7 12
7 15
7 16
7 17
7 19
7 23
7 24
7 25
7 26
7 27
7 28
7 29
7 31
7 32
7 34
7 38
7 39
7 40
7 43
7 45
7 48
7 49
7 50
7 51
7 54
7 59
7 61
7 64
7 65
7 67
7 71
7 72
7 73
7 76
7 78
7 79
7 80
7 81
7 83
7 85
7 86
7 90
7 92
7 94
7 96
7 97
7 98
7 99
7 100
8 1
8 2
8 3
8 4
8 5
8 6
8 7
8 9
8 10
8 11
8 12
8 13
8 14
8 15
8 16
8 17
8 18
8 19
8 20
8 21
8 22
8 23
8 24
8 25
8 26
8 27
8 28
8 29
8 30
8 31
8 32
8 33
8 34
8 36
8 37
8 38
8 39
8 40
8 41
8 42
8 43
8 44
8 45
8 46
8 47
8 49
8 50
8 51
8 52
8 53
8 55
8 56
8 57
8 58
8 59
8 60
8 61
8 62
8 63
8 64
8 65
8 66
8 67
8 68
8 69
8 70
8 71
8 72
8 73
8 74
8 75
8 76
8 77
8 78
8 79
8 80
8 81
8 82
8 83
8 84
8 85
8 86
8 87
8 88
8 89
8 90
8 91
8 92
8 93
8 94
8 95
8 96
8 97
8 99
8 100
9 1
9 2
9 3
9 4
9 5
9 6
9 7
9 8
9 10
9 11
9 12
9 13
9 14
9 15
9 16
9 17
9 18
9 19
9 20
9 21
9 22
9 23
9 24
9 25
9 26
9 27
9 28
9 29
9 30
9 31
9 32
9 33
9 34
9 35
9 36
9 37
9 38
9 39
9 40
9 41
9 42
9 43
9 44
9 45
9 46
9 47
9 48
9 49
9 50
9 51
9 52
9 53
9 54
9 55
9 56
9 57
9 58
9 59
9 60
9 61
9 62
9 63
9 64
9 65
9 66
9 67
9 68
9 69
9 70
9 71
9 72
9 73
9 74
9 75
9 76
9 77
9 78
9 79
9 80
9 81
9 82
9 83
9 84
9 85
9 86
9 87
9 88
9 89
9 90
9 91
9 92
9 93
9 94
9 95
9 96
9 97
9 98
9 99
9 100
10 1
10 2
10 3
10 4
10 5
10 6
10 7
10 8
10 9
10 11
10 12
10 13
10 14
10 15
10 16
10 17
10 18
10 19
10 20
10 21
10 22
10 23
10 24
10 25
10 26
10 27
10 28
10 29
10 30
10 31
10 32
10 33
10 34
10 35
10 36
10 37
10 38
10 39
10 40
10 41
10 42
10 43
10 44
10 45
10 46
10 47
10 48
10 49
10 50
10 51
10 52
10 53
10 54
10 55
10 56
10 57
10 58
10 59
10 60
10 61
10 62
10 63
10 64
10 65
10 66
10 67
10 68
10 69
10 70
10 71
10 72
10 73
10 74
10 75
10 76
10 77
10 78
10 79
10 80
10 81
10 82
10 83
10 84
10 85
10 86
10 87
10 88
10 89
10 90
10 91
10 92
10 93
10 94
10 95
10 96
10 97
10 98
10 99
10 100
12 1
12 2
12 3
12 6
12 7
12 8
12 9
12 15
12 16
12 19
12 27
12 33
12 34
12 38
12 40
12 41
12 50
12 51
12 53
12 54
12 59
12 60
12 61
12 65
12 70
12 71
12 76
12 79
12 80
12 85
12 86
12 87
12 90
12 91
12 93
12 94
12 95
15 2
15 4
15 8
15 12
15 13
15 14
15 17
15 20
15 24
15 25
15 28
15 29
15 32
15 33
15 36
15 37
15 38
15 40
15 41
15 42
15 48
15 49
15 50
15 53
15 55
15 57
15 58
15 59
15 63
15 66
15 69
15 72
15 73
15 74
15 75
15 77
15 78
15 79
15 81
15 83
15 85
15 86
15 87
15 88
15 89
15 90
15 91
15 93
15 96
15 97
15 98
17 38
17 70
18 4
18 8
18 26
18 31
18 38
18 48
18 59
18 74
18 94
18 95
18 96
18 98
19 2
19 12
19 62
19 90
22 38
23 2
23 3
23 4
23 8
23 11
23 14
23 15
23 18
23 19
23 20
23 24
23 25
23 27
23 30
23 31
23 33
23 36
23 38
23 40
23 41
23 42
23 44
23 45
23 48
23 51
23 52
23 53
23 54
23 57
23 58
23 60
23 65
23 66
23 68
23 69
23 71
23 73
23 75
23 77
23 78
23 79
23 81
23 82
23 84
23 85
23 87
23 89
23 90
23 92
23 95
23 99
24 8
24 12
24 27
24 38
24 45
24 61
24 64
24 66
24 71
24 77
24 79
24 86
24 89
24 98
24 99
25 38
26 2
26 3
26 4
26 6
26 10
26 15
26 17
26 20
26 23
26 24
26 30
26 32
26 33
26 34
26 36
26 37
26 38
26 39
26 42
26 44
26 45
26 46
26 47
26 48
26 50
26 52
26 54
26 55
26 56
26 57
26 59
26 61
26 62
26 66
26 69
26 71
26 80
26 81
26 82
26 83
26 87
26 88
26 92
26 94
26 96
26 97
26 98
26 100
27 3
27 18
27 19
27 38
27 53
27 60
27 86
28 1
28 2
28 3
28 4
28 5
28 6
28 7
28 8
28 9
28 10
28 11
28 12
28 13
28 14
28 15
28 17
28 18
28 19
28 20
28 22
28 23
28 24
28 25
28 26
28 27
28 29
28 30
28 31
28 32
28 33
28 34
28 35
28 36
28 38
28 39
28 40
28 41
28 42
28 43
28 45
28 46
28 47
28 48
28 49
28 50
28 51
28 52
28 53
28 54
28 55
28 56
28 57
28 58
28 60
28 62
28 63
28 64
28 65
28 66
28 67
28 68
28 69
28 71
28 72
28 73
28 74
28 76
28 77
28 79
28 80
28 81
28 82
28 83
28 84
28 85
28 86
28 87
28 88
28 89
28 91
28 92
28 95
28 96
28 97
28 98
28 99
28 100
32 2
32 6
32 11
32 23
32 29
32 33
32 38
32 45
32 48
32 59
32 65
32 66
32 79
32 84
32 88
32 89
32 94
32 98
32 99
33 1
33 2
33 3
33 4
33 5
33 6
33 7
33 8
33 9
33 10
33 11
33 12
33 13
33 14
33 16
33 17
33 19
33 20
33 21
33 23
33 26
33 27
33 28
33 29
33 30
33 31
33 32
33 34
33 35
33 36
33 38
33 39
33 40
33 41
33 43
33 44
33 45
33 46
33 47
33 48
33 52
33 53
33 55
33 57
33 58
33 60
33 61
33 62
33 64
33 66
33 67
33 69
33 70
33 72
33 73
33 74
33 75
33 77
33 78
33 80
33 81
33 82
33 83
33 84
33 85
33 86
33 87
33 89
33 90
33 91
33 92
33 93
33 94
33 95
33 96
33 97
33 98
33 99
34 2
34 6
34 8
34 10
34 25
34 28
34 29
34 31
34 37
34 45
34 47
34 48
34 52
34 56
34 60
34 62
34 65
34 79
34 85
34 86
34 87
34 92
34 94
34 97
35 86
36 2
38 48
39 1
39 2
39 3
39 4
39 5
39 6
39 7
39 8
39 9
39 10
39 11
39 12
39 13
39 14
39 15
39 16
39 17
39 19
39 20
39 21
39 22
39 23
39 24
39 25
39 26
39 27
39 28
39 29
39 30
39 31
39 32
39 35
39 36
39 37
39 38
39 40
39 41
39 42
39 43
39 44
39 45
39 46
39 47
39 48
39 49
39 50
39 51
39 52
39 53
39 54
39 55
39 56
39 57
39 58
39 59
39 60
39 62
39 63
39 64
39 65
39 66
39 67
39 68
39 69
39 70
39 71
39 72
39 73
39 74
39 75
39 76
39 77
39 78
39 79
39 80
39 81
39 82
39 83
39 84
39 85
39 86
39 87
39 89
39 90
39 91
39 92
39 93
39 95
39 96
39 97
39 98
39 99
39 100
40 3
40 5
40 12
40 31
40 38
40 62
40 66
40 72
40 88
43 2
43 6
43 8
43 28
43 38
43 40
43 55
43 57
43 65
44 9
44 75
48 18
48 21
48 23
48 38
48 43
48 50
48 60
48 67
50 1
50 2
50 3
50 4
50 5
50 6
50 7
50 8
50 9
50 10
50 11
50 12
50 13
50 14
50 15
50 16
50 17
50 18
50 19
50 21
50 23
50 24
50 25
50 26
50 29
50 30
50 31
50 32
50 33
50 34
50 35
50 36
50 38
50 39
50 40
50 41
50 42
50 43
50 44
50 45
50 46
50 48
50 49
50 51
50 52
50 53
50 54
50 55
50 56
50 57
50 59
50 60
50 61
50 62
50 63
50 64
50 65
50 66
50 68
50 69
50 70
50 71
50 72
50 73
50 74
50 75
50 76
50 77
50 78
50 79
50 80
50 81
50 82
50 84
50 85
50 86
50 87
50 88
50 89
50 90
50 91
50 92
50 93
50 94
50 95
50 96
50 97
50 98
50 99
50 100
51 19
51 61
52 74
53 1
53 3
53 7
53 9
53 16
53 18
53 28
53 30
53 38
53 39
53 42
53 44
53 45
53 48
53 52
53 59
53 64
53 66
53 69
53 70
53 73
53 74
53 76
53 79
53 86
53 93
53 95
53 98
55 28
55 56
57 10
57 16
57 54
57 98
58 1
58 2
58 3
58 4
58 5
58 6
58 7
58 8
58 9
58 10
58 11
58 13
58 14
58 15
58 16
58 17
58 18
58 19
58 20
58 21
58 22
58 23
58 24
58 25
58 26
58 27
58 28
58 29
58 30
58 31
58 32
58 33
58 34
58 35
58 36
58 37
58 38
58 39
58 40
58 41
58 42
58 43
58 44
58 45
58 47
58 48
58 49
58 50
58 51
58 52
58 53
58 54
58 55
58 56
58 57
58 59
58 60
58 61
58 62
58 63
58 64
58 65
58 66
58 67
58 68
58 69
58 70
58 71
58 72
58 73
58 74
58 75
58 77
58 78
58 79
58 80
58 81
58 82
58 83
58 84
58 85
58 86
58 87
58 88
58 89
58 90
58 91
58 92
58 93
58 94
58 95
58 96
58 98
58 99
58 100
59 1
59 3
59 5
59 6
59 7
59 9
59 10
59 13
59 14
59 17
59 18
59 20
59 22
59 23
59 25
59 26
59 27
59 28
59 30
59 31
59 38
59 40
59 41
59 42
59 43
59 44
59 45
59 46
59 49
59 54
59 56
59 57
59 58
59 60
59 64
59 65
59 67
59 70
59 72
59 74
59 75
59 77
59 78
59 79
59 82
59 83
59 86
59 89
59 91
59 92
59 93
59 94
59 95
59 99
59 100
60 17
60 38
60 72
60 81
61 1
61 2
61 3
61 4
61 5
61 6
61 7
61 8
61 9
61 10
61 11
61 12
61 13
61 15
61 16
61 17
61 18
61 19
61 20
61 21
61 22
61 23
61 24
61 25
61 26
61 27
61 28
61 29
61 30
61 31
61 32
61 33
61 35
61 36
61 37
61 38
61 39
61 40
61 41
61 42
61 43
61 45
61 46
61 47
61 48
61 49
61 50
61 51
61 52
61 53
61 54
61 55
61 56
61 57
61 58
61 59
61 60
61 62
61 63
61 64
61 65
61 68
61 69
61 70
61 71
61 73
61 74
61 75
61 76
61 77
61 78
61 79
61 80
61 81
61 82
61 83
61 84
61 85
61 86
61 87
61 88
61 89
61 90
61 91
61 92
61 93
61 94
61 95
61 96
61 97
61 98
61 99
61 100
62 2
62 3
62 4
62 7
62 9
62 11
62 14
62 16
62 20
62 21
62 24
62 27
62 28
62 29
62 31
62 34
62 35
62 37
62 38
62 40
62 41
62 42
62 43
62 48
62 51
62 52
62 59
62 61
62 66
62 68
62 69
62 70
62 77
62 78
62 79
62 81
62 84
62 85
62 87
62 89
62 91
64 14
64 40
64 65
64 90
64 95
66 1
66 2
66 3
66 4
66 5
66 7
66 8
66 9
66 10
66 11
66 12
66 14
66 16
66 20
66 21
66 23
66 26
66 31
66 35
66 36
66 37
66 38
66 39
66 40
66 42
66 43
66 48
66 49
66 50
66 52
66 53
66 56
66 58
66 59
66 61
66 62
66 63
66 64
66 65
66 74
66 75
66 76
66 77
66 78
66 81
66 82
66 83
66 84
66 89
66 92
66 98
68 10
68 23
68 62
68 86
68 98
71 1
71 2
71 4
71 6
71 7
71 8
71 9
71 11
71 12
71 13
71 14
71 15
71 16
71 19
71 20
71 21
71 22
71 23
71 24
71 25
71 26
71 27
71 28
71 30
71 32
71 33
71 34
71 35
71 36
71 37
71 38
71 39
71 41
71 42
71 45
71 47
71 48
71 49
71 50
71 51
71 52
71 54
71 55
71 56
71 57
71 58
71 59
71 60
71 61
71 62
71 63
71 64
71 65
71 66
71 67
71 68
71 69
71 70
71 73
71 74
71 75
71 78
71 80
71 81
71 83
71 85
71 86
71 88
71 91
71 95
71 96
71 97
71 99
71 100
72 2
72 3
72 4
72 6
72 8
72 9
72 23
72 25
72 34
72 36
72 38
72 39
72 46
72 47
72 48
72 52
72 56
72 66
72 70
72 71
72 74
72 75
72 77
72 78
72 79
72 81
72 82
72 87
72 88
72 91
72 93
72 94
72 100
76 6
76 58
76 67
77 6
77 9
77 10
77 30
77 38
77 66
77 67
77 76
77 79
77 81
77 86
77 87
77 95
77 98
80 83
82 1
82 2
82 3
82 5
82 8
82 9
82 10
82 17
82 23
82 25
82 27
82 28
82 29
82 30
82 31
82 32
82 33
82 37
82 38
82 43
82 45
82 46
82 48
82 49
82 50
82 52
82 55
82 56
82 58
82 59
82 60
82 64
82 68
82 70
82 72
82 73
82 76
82 79
82 80
82 81
82 84
82 85
82 86
82 87
82 90
82 92
82 93
82 94
82 97
82 98
82 100
83 13
83 19
83 48
83 59
84 1
84 2
84 3
84 5
84 6
84 7
84 8
84 9
84 12
84 13
84 17
84 18
84 19
84 20
84 22
84 23
84 24
84 25
84 27
84 28
84 29
84 30
84 32
84 33
84 34
84 35
84 36
84 37
84 38
84 39
84 40
84 41
84 42
84 43
84 44
84 45
84 47
84 48
84 50
84 51
84 52
84 53
84 54
84 57
84 58
84 59
84 60
84 61
84 62
84 63
84 65
84 66
84 67
84 69
84 71
84 72
84 73
84 74
84 75
84 77
84 78
84 79
84 81
84 82
84 83
84 85
84 86
84 87
84 88
84 89
84 90
84 91
84 92
84 93
84 94
84 95
84 96
84 97
84 100
85 1
85 2
85 3
85 4
85 5
85 6
85 7
85 8
85 11
85 12
85 13
85 14
85 16
85 17
85 18
85 19
85 20
85 23
85 24
85 25
85 27
85 28
85 29
85 30
85 31
85 32
85 33
85 35
85 36
85 38
85 40
85 41
85 42
85 43
85 44
85 45
85 46
85 47
85 48
85 49
85 52
85 53
85 55
85 56
85 58
85 59
85 60
85 61
85 62
85 63
85 64
85 65
85 66
85 67
85 68
85 70
85 71
85 72
85 73
85 74
85 76
85 77
85 78
85 79
85 80
85 81
85 82
85 83
85 84
85 86
85 87
85 88
85 89
85 90
85 91
85 92
85 93
85 94
85 95
85 96
85 97
85 98
85 100
88 1
88 2
88 3
88 4
88 6
88 7
88 8
88 10
88 11
88 13
88 14
88 16
88 17
88 18
88 20
88 21
88 22
88 23
88 24
88 25
88 26
88 27
88 28
88 29
88 30
88 31
88 32
88 33
88 35
88 36
88 37
88 38
88 39
88 40
88 41
88 42
88 43
88 46
88 47
88 48
88 49
88 50
88 51
88 53
88 54
88 55
88 56
88 57
88 58
88 59
88 60
88 61
88 62
88 63
88 64
88 65
88 67
88 68
88 69
88 70
88 72
88 74
88 75
88 78
88 79
88 80
88 81
88 82
88 83
88 84
88 85
88 86
88 87
88 90
88 91
88 92
88 93
88 94
88 95
88 96
88 97
88 98
89 16
89 19
89 26
89 37
89 38
89 48
89 61
89 68
89 71
89 86
89 99
90 50
91 2
91 3
91 20
91 38
91 51
91 69
93 2
93 3
93 5
93 7
93 8
93 10
93 11
93 13
93 14
93 15
93 18
93 19
93 20
93 21
93 23
93 25
93 27
93 29
93 30
93 33
93 35
93 36
93 37
93 38
93 39
93 40
93 43
93 46
93 47
93 49
93 50
93 51
93 52
93 55
93 56
93 57
93 58
93 59
93 60
93 61
93 62
93 63
93 64
93 65
93 66
93 68
93 69
93 70
93 72
93 73
93 74
93 76
93 77
93 78
93 80
93 85
93 86
93 87
93 89
93 91
93 92
93 94
93 95
93 96
93 97
93 98
93 99
94 3
94 7
94 15
94 16
94 21
94 23
94 29
94 30
94 35
94 36
94 38
94 53
94 54
94 55
94 56
94 63
94 67
94 68
94 71
94 75
94 79
94 84
94 88
94 91
94 96
94 100
96 22
96 30
96 38
96 55
96 75
98 38
98 60
98 73
98 79
98 84
99 1
99 5
99 6
99 9
99 12
99 13
99 14
99 17
99 19
99 21
99 24
99 25
99 26
99 30
99 33
99 36
99 38
99 41
99 44
99 45
99 48
99 49
99 50
99 52
99 53
99 55
99 56
99 58
99 59
99 62
99 63
99 64
99 65
99 67
99 69
99 70
99 71
99 72
99 77
99 78
99 80
99 81
99 83
99 84
99 86
99 87
99 88
99 89
99 90
99 94
99 95
99 97
99 98
99 100
