"node" "R" "H"
1 5.3876285705056 4.55546293627277
2 -0.515764177822702 8.61771603005271
3 1.55227433142557 5.1892092360466
4 8.18546509759779 2.96561552485987
5 6.7919027140435 5.21915942370587
6 1.56364039936978 7.57728410702795
7 3.40921603620784 7.18258612053594
8 5.28728176581693 7.89371740564506
9 -2.16664539079635 6.71632169594945
10 -8.15322592351199 4.08977983764368
11 8.28400308234264 9.15307822897688
12 6.65287236026243 13.1763920305324
13 8.53226094352527 0.279069048115569
14 -4.61681044775423 6.38490919120745
15 4.52998029462693 3.13172012649553
16 10.5474147371976 5.99286457166895
17 9.74214982181622 6.83302930930536
18 -5.22525124764382 10.4023445120234
19 -4.49773938390002 8.52445943102557
20 -4.02041778836722 2.57803601486401
21 7.35753440470825 10.2659183531589
22 5.14263220016479 -1.24827553376174
23 -3.76216408805788 15.5646578809796
24 -7.40083291262485 8.56445133216823
25 -7.30426561649941 9.45728484727602
26 -4.29680492099593 2.23728364110625
27 10.3418267086031 11.4333885911343
28 4.22575291189997 10.7120653158982
29 -3.96050901717033 6.62120403062146
30 0.339591256107921 10.2244057176414
31 -6.70793616564614 3.44452667625411
32 -3.38965562868995 8.19791614645135
33 0.123449324574554 0.447366927528908
34 7.41043464800999 6.77593337187232
35 -4.11696059298779 1.76194086413469
36 4.43919177061085 8.22528022871351
37 1.21375683874325 -3.26622316775377
38 -0.582117461480619 -0.669136655109049
39 2.5108143415396 9.17108359392569
40 10.4975003479489 13.3104116427341
41 2.41850935507469 1.34851478524122
42 5.12047097006117 10.5244024444787
43 3.3049476212122 8.65986182380168
44 8.77413058693183 5.51476730359487
45 2.36299219582021 9.57315871184345
46 3.21075558223129 6.49081547379538
47 4.40332013171576 11.1879348548285
48 5.06451847613714 7.92335568841069
49 1.19460045819738 4.63502241945501
50 1.95662795913255 6.7192494408553
51 -5.00034472860764 6.94569800708045
52 3.76341903694839 2.49527301838528
53 3.88302374429741 8.80939020928746
54 4.0273550078922 10.9329460430104
55 2.55216998561822 5.00575634474609
56 1.65319074044449 11.8142528945633
57 -1.73479016853619 9.64850007130932
58 -5.19579518257536 10.1913217164822
59 0.922662074721695 1.68617943435785
60 1.65889138607971 5.11566642787196
61 4.68762522306831 3.46264462814754
62 8.61148521948675 10.986000042987
63 1.48791573300718 4.72692803089463
64 1.63245816565106 3.03017203610647
65 5.6310951602062 -1.46469779661396
66 9.10479449601607 9.29616266833615
67 -4.47106565220548 6.10367481647808
68 4.13897489614791 7.63812067822439
69 13.1187152588962 6.81514667371739
70 -3.67520554045636 6.90459500240794
71 -3.00696578743094 -2.05501405936355
72 -5.24414565160903 6.77178315923782
73 8.57181163907029 11.3701931248975
74 3.1508219273954 6.60876613114258
75 -6.24938976273084 13.9345181271266
76 6.04443391789299 13.2070701421583
77 0.402070565519226 -1.68703508432614
78 -1.6988955193889 7.60486809144436
79 -2.85082317352945 9.60598411165468
80 -4.90387650935388 12.6354747311505
81 -0.055520540401532 0.948833238170293
82 -0.944498798962158 4.8841453524623
83 -3.37028502647159 12.497794628392
84 1.06544067486308 12.04866546785
85 2.5390742968777 8.4989449860291
86 0.383331601621901 8.62316762017049
87 6.50165498019529 11.5943602527689
88 5.73003578571011 5.62121605041804
89 0.268433625162216 6.70263009121569
90 -3.64739977912894 1.37235838576922
91 -3.69029825015052 6.74435751933311
92 0.302107709644961 5.73262258014036
93 3.87134928258825 3.09941797313399
94 -10.0584046268551 5.737876292204
95 3.94047589823006 8.40184698970206
96 4.442747837707 8.65596571299474
97 2.43714046215341 -6.6687778363063
98 3.70436472834093 -0.0164322387179308
99 9.69420738657498 5.24951247851896
100 0.393478345173905 9.84547612338993
101 2.34936073717428 12.3590544248098
102 0.696541052788524 3.61797480142381
103 3.29690851886745 7.18850304635926
104 1.48518152898397 7.79506942055349
105 -6.56065819211378 5.82506335791815
106 8.13110752416956 10.7837689481643
107 -2.45048621951436 7.86108804567095
108 -2.75526056013439 3.30623251068799
109 0.34792085248455 10.713706131597
110 -2.00828749681298 5.2767463300651
111 -5.51307684661082 7.4717901743853
112 6.1600293688844 6.76472683010663
113 7.23756065343879 7.14568186695252
114 -2.83033119965334 2.05094224892604
115 -5.4154547828521 2.60544884579474
116 0.181554732457296 7.11287227491642
117 -3.13160843609518 6.38486707804735
118 0.688289573401025 3.63715187082827
119 -4.22807456225136 7.83383540708308
120 -2.56994288962032 11.1502121884622
121 -0.768109384731036 10.7935258671013
122 -3.86277859454233 9.45198328796233
123 -0.495615080450854 0.930631990856565
124 0.340857262193786 12.9626177820234
125 -2.30416782461956 11.1844019898742
126 -2.96889643239831 5.05195891207857
127 6.75444647714379 8.7762511990039
128 3.83400010581419 13.1514187399497
129 11.4705598306101 6.77949628669928
130 8.19390646046154 3.21340875631738
131 6.86439133691245 12.0861966988813
132 -6.0617190899676 2.29117366606151
133 4.10206387862386 9.45954597559357
134 0.202308131238211 12.8042010330581
135 -5.75181342585799 2.13023616936219
136 5.39677763865548 5.51945699587678
137 -2.1434582963481 7.42433909012337
138 -2.11968270384202 0.0815764738071652
139 4.85352141673836 7.30550216456374
140 5.16969515335282 11.3024227529945
141 11.5941724029665 2.81714573142248
142 3.49553459344284 3.78980112261003
143 -0.073700918695125 2.90627747261884
144 -8.2575636548201 8.23849847022965
145 -0.892929253234464 5.57252640960456
146 2.15154416237066 3.49264985968243
147 -10.6362086877283 2.85310377164087
148 -2.79225057750867 9.59796236974981
149 5.59658330689591 9.36905071822532
150 -2.43549739109929 7.4857480347431
151 -7.35890531940228 11.9268743626259
152 3.45294769526746 8.9926826061763
153 -0.253852489582954 13.2199939595697
154 8.1719323794245 7.89981786800472
155 0.980043357883999 4.01818707598242
156 -7.90948647939908 9.20407311071428
157 1.46960527480032 8.40982294879592
158 6.99812063956628 7.57629063584708
159 1.84239633414596 4.237683127113
160 -1.48098029562982 12.5146237852214
161 1.55774094370443 7.25661424002386
162 8.06043610559565 11.0984202420977
163 -1.12394369957826 4.99073776689687
164 1.01159057057223 5.19717797311541
165 -7.62341342703741 10.8313520592918
166 3.4541015867824 4.07738418265137
167 6.0044594863155 6.63586515786326
168 1.02528027584823 5.06106380133927
169 3.01593248300756 11.9946362437491
170 5.29570220726773 7.64069500952209
171 9.19474273445181 4.38141472649552
172 6.58117414242293 4.41915855656304
173 0.612478572701913 7.1057579008223
174 2.45967770164278 14.0353592175376
175 7.27498350602697 11.5386832054978
176 6.04035305769726 6.43036832051047
177 -2.64707836582794 5.31073630212043
178 8.52380693439443 11.2487020953872
179 7.20611526159321 4.65359078396742
180 7.84219958512623 0.766281448702665
181 6.04159045426512 12.1530576296178
182 -2.60604687874999 5.53556449812999
183 6.0519335010148 7.2816698339197
184 -3.92491521864685 3.63182840569327
185 -4.05656901494169 9.24479201474014
186 -8.85467680755879 3.46832740092017
187 1.82702175918802 11.6568866313899
188 9.01553271868692 8.71832094708191
189 5.69488849505225 8.55700238772665
190 4.53294602612703 10.8015917260174
191 0.107952320870293 2.62664360411942
192 9.99056882015289 6.1958818010124
193 12.1119696607847 8.58001878605932
194 10.5475391123871 4.31635558360174
195 5.75683966230458 1.40086985226725
196 2.55220787971793 7.20027005924036
197 -3.58986271271771 11.477780734657
198 -1.29117434281423 3.5668243806756
199 6.90613260957748 11.5748258624955
200 -3.88784492447381 4.03833032551927
201 -9.89180488553753 5.71840557263796
202 -3.29840958593425 14.9548468342569
203 2.32379542521214 -0.535370961472582
204 0.528541067029303 1.05304957502263
205 3.87652433547566 13.1279681791874
206 -11.0898339382865 9.23099011389345
207 4.57333900381758 5.76243461954958
208 1.12355422816513 4.23097507064991
209 -2.04499684672938 6.23791641450266
210 0.81965863397237 4.89795688348627
211 6.97698194202969 8.76576273609072
212 -8.67299706267563 4.99167004999583
213 -1.18823943209571 10.2384863192444
214 -11.7824458065916 9.19596344060365
215 2.68279680702154 11.117840187223
216 1.778195161291 8.7240333226426
217 4.65411666458675 6.3820184276079
218 -4.06354979676063 7.85668771645189
219 2.04112601960247 15.1078213178725
220 3.89695665295522 2.65076482213514
221 3.69482787337425 -1.06812435044998
222 -0.561989886797948 6.18644565501961
223 7.45959075572363 4.28348051248836
224 -1.1094011651748 5.95933434610578
225 2.34934941713612 1.70261634584306
226 -6.09285415285191 13.4526136335831
227 -0.820752893398521 8.42608689958346
228 6.70231239722034 8.0839926229455
229 5.1533236793013 9.3233200347186
230 4.28298424046749 8.29925487703972
231 -1.57483652619349 0.457059618458111
232 -6.12013318423131 10.3839575615837
233 2.33763208983931 11.9511934937847
234 -2.71316238948769 -3.57432442887773
235 -8.66749986470414 6.10504251870784
236 -0.91017918385631 5.52249977832119
237 -9.95868492863465 7.84440340221576
238 -6.91296842980807 6.36574180210039
239 6.99424565926257 10.1953625878997
240 0.93036233870012 5.81326657109406
241 1.28631807656062 4.6195209896039
242 -13.1122263421516 3.00994692955532
243 6.26752379169987 2.39281487087868
244 1.52710460946171 9.8308251605622
245 -0.374991878404962 2.21379138759019
246 10.2894228760525 8.75493800171049
247 3.17914821227679 9.96197194606736
248 -1.16427015417927 2.81395440107872
249 -6.0972483786248 15.5334381595636
250 -2.65933954834515 5.98984137513288
251 -0.220215112033074 -2.38143047991716
252 5.11529166535378 0.778572494642034
253 4.57834935964986 1.98397575260917
254 -4.77731394839426 12.3074824384369
255 7.00328299865453 7.65037239068473
256 -2.50951396311772 3.33085065151655
257 -4.62074708666795 8.84666594424844
258 2.33284121083537 1.63303656071489
259 -3.09516547866758 2.06234379205889
260 -0.682089005187166 6.88152830433846
261 5.82525723594751 7.75218581182951
262 1.95398767771292 15.5547052832166
263 10.1132842809677 10.5270417752557
264 6.20392863778402 7.93054822577122
265 7.91728731323501 11.5532207182566
266 4.70453233861318 11.6041556945579
267 6.15680955224104 6.75657122643303
268 0.943574119452705 7.33625084858596
269 -7.66394095140049 9.02278525661283
270 0.100919219656645 7.34153512104279
271 0.312945469562343 6.33509297702815
272 1.06575913298231 6.88747772602546
273 7.20204004428641 5.64804320485257
274 2.18984132897912 2.64818436703332
275 -10.9590051338192 8.26706247473715
276 14.8884434129393 12.5529564184931
277 1.029083835974 3.89510578560607
278 1.58770878922587 2.83465734248038
279 0.197610905315483 0.540734435387958
280 -1.93780174914892 3.75264992036344
281 1.42402778080945 3.63101456139754
282 -0.741026458032573 5.53689801475527
283 1.66525141321682 13.0467325093721
284 1.69176201474675 17.0780847925721
285 -0.487032385414776 7.738235715975
286 -2.59872334402283 1.24792402573336
287 -4.40016731660369 9.24486026439696
288 -5.68250970870377 4.90021911622281
289 4.35636598917657 2.616813223478
290 -1.61886922326576 2.61342592126707
291 -2.34407855249413 9.02776658655348
292 -7.52204806451003 6.1126643800287
293 -2.70278261107291 10.1787738559325
294 3.1990696275624 5.74751704759568
295 3.62382398263443 16.9781009086297
296 2.39837161032619 6.18647604668554
297 -5.84902245021297 10.7447654743685
298 3.20651563935628 5.35349103254171
299 -3.88778406085372 8.42772351719378
300 0.272349499926835 7.66316849450526
301 2.42859117123673 7.15981602393378
302 -3.86126521293078 6.58171929145505
303 1.62223660862252 11.1079137771132
304 -3.48255610749532 12.2710209950393
305 -7.81417932500412 9.77317851478327
306 1.82468619498055 1.748797083889
307 -5.98587047901081 9.34552882911158
308 1.07770229138291 5.89721582353465
309 -4.56278488452057 6.95831379122583
310 2.38527602277478 5.07794914012159
311 -2.48755618084034 7.07178722998621
312 4.33630316785754 5.84496628685993
313 2.21942966875517 9.0834258165236
314 -4.96720895967796 5.89548957501088
315 -2.63997956850747 6.08285329728817
316 -2.55795637255694 8.03223041656504
317 -0.214937367777842 4.9805099367452
318 5.95972503797669 7.18301906467713
319 -4.16050732614958 8.68149344147998
320 -2.54301889591822 2.81991888716869
321 4.64402023844998 5.90632132893307
322 -0.700909658774508 5.74687626936667
323 1.39001669337481 7.73327231624471
324 -6.14583976238524 5.91724538020583
325 5.34734809218135 6.62767680143434
326 -2.04961328078536 9.90405589788984
327 -3.71287807051834 10.7206450256451
328 1.40754468064608 4.68659181757237
329 4.05231278348063 8.15427383981623
330 1.39493357747355 9.07284720622709
331 7.43464137766353 8.67816876749986
332 -1.69921691374163 4.94287894570998
333 9.73667628276282 9.09553286179025
334 -1.38571190953729 9.1064201031336
335 2.54308222041058 10.1482320317421
336 7.09761317400464 7.32169760079529
337 -1.39794057259355 14.9521930612334
338 -0.542839515962672 11.7601681588676
339 4.20103684933152 6.56959608118459
340 -0.368082129046704 3.71052089296349
341 1.08101077657525 0.895490473717077
342 3.68876571943179 3.28813862044029
343 8.57374324727543 7.80116001472484
344 -3.11798070374393 8.42548120576208
345 -1.71224035729575 7.07708940213645
346 -2.53182558454453 6.18248241447255
347 2.70118733913194 5.91223297971713
348 -5.3859977809885 10.3645655555545
349 1.02508491226806 12.0466799311431
350 4.68168549978406 2.20240579057512
351 8.31819434982275 5.41681263672536
352 8.99704650791447 7.97443466332181
353 4.06746462087868 8.23010299141147
354 -3.46604451755944 3.598325549009
355 5.50021280832067 4.97998886209493
356 10.6317489034352 5.52249168038335
357 4.59163928443867 -0.302293552756098
358 5.53601161471573 8.71772287076879
359 -6.50737378004382 10.2652767865122
360 3.44841102469573 6.30316484775122
361 5.27224909844677 8.40957156186631
362 1.41416163713668 8.83140821113015
363 2.56692682704777 -1.23920401493739
364 6.27230997840604 9.77517977126628
365 -4.49278398211637 12.8167638668004
366 1.56368454688395 13.1533640623161
367 -7.28734434696983 4.16758114079018
368 6.47098573493925 2.7686403532798
369 6.5388355057964 8.26483472075097
370 4.05368023493748 9.82750696210109
371 2.07574455069866 -0.300509895732
372 -4.65277475190025 3.192199639793
373 11.8698833513003 6.01247662458578
374 -6.33398145588242 8.40857496251292
375 10.1447571140568 2.310934272331
376 0.426496443089865 3.9229584489631
377 -4.11006943022856 11.4139519064882
378 0.611504488126914 8.47940896632448
379 -1.42055096402594 2.82189870332893
380 -9.29083579081357 -0.964277255277048
381 0.492231400855468 10.4106743919778
382 -4.80219433975703 -0.60871429298367
383 7.36339609885573 3.02448915464027
384 1.7235572353819 4.83022102089564
385 9.92610202031264 9.98125462736776
386 4.00026384955633 5.05552606571522
387 5.31505806455719 -0.220598311195626
388 10.0224876798731 9.98127176244049
389 -4.01429284526187 4.70796104124949
390 0.571604420710618 4.7997509096501
391 -1.62093437267685 5.89073059115445
392 5.94213147724837 8.38173642556999
393 1.02403460148846 0.796483128338659
394 -0.158023022353499 6.59015016216786
395 2.73806360058503 8.95983389142872
396 10.5080552130903 1.890250275671
397 7.36968773443384 9.9841025884473
398 7.0889048644067 4.29321409048375
399 1.445163170765 0.614108018324031
400 2.01238938743981 9.03722893213208
401 -5.57715420405981 5.45605995400429
402 1.33214343506758 4.79122511760456
403 4.12210383170532 2.28031633394346
404 2.19432349713276 7.53190725492485
405 -4.16867757173492 7.21632710268191
406 2.99642605186491 5.87730102443808
407 -1.81570094047172 8.00346206741833
408 5.93136569552232 1.43994377116431
409 -8.64298805846524 8.15444366038672
410 -3.13600003288653 6.80434609359408
411 8.15413599587406 5.66150212739515
412 -8.57335467196003 6.29974540035449
413 -9.11216174146145 4.35338881817493
414 2.34031376956388 5.95903655064725
415 -0.171944540689201 0.602612737961028
416 -11.1112092695493 7.2430063355221
417 1.40059727155275 10.3150122773501
418 0.805983638394805 12.1393194296493
419 -6.53012883733235 7.95679643751132
420 -1.03490936311983 13.7207029173831
421 -7.43795039493352 12.2436883526663
422 -2.07095559471937 2.20564269981764
423 -1.46319640955477 1.82699368251739
424 -0.659582478253509 6.24082012812339
425 -9.58823251743882 5.65904707501749
426 -0.976545239966669 -1.68453678134494
427 -6.22271848310434 10.1898559407059
428 4.1319150293528 8.09413126902987
429 5.62926207412875 4.48082501421897
430 -4.75955713081194 1.79442529962162
431 2.48896859827812 1.87451667798394
432 -1.32020393811465 4.29970573610625
433 8.32469909605815 0.662013862241173
434 2.88337467166134 5.2818400281515
435 -3.07858992255662 1.29958535596975
436 0.961852618364934 10.43427096177
437 1.38371281875625 17.0371084357416
438 7.13286878277988 3.19703105614958
439 -2.2794154011399 9.0552881603544
440 -0.52689015698672 2.73943217628099
441 -7.37205601883804 9.07018756813285
442 1.21919431771729 8.90466872635959
443 1.30684295478227 6.70234863165822
444 -3.87012594285977 6.15093596743821
445 -0.163754911964283 10.2154275874457
446 7.01840520844627 14.4914025528471
447 -3.22605514475762 2.32631517964372
448 3.16234281478618 3.55556380211546
449 0.497304908089212 6.81797121055366
450 9.39098405066594 2.0080558535139
451 -2.80833779494839 4.74800268568679
452 4.28286592487114 8.17529580456413
453 -2.33227435789172 7.06129556146052
454 1.05335444375067 4.07145954831187
455 -6.96219764595573 5.85901349717077
456 4.61638218140178 -0.645291203031033
457 -0.248766705420403 2.24616603847132
458 5.67750233999331 10.831353132384
459 0.975329360684901 2.71363763698388
460 -6.40886497382615 2.36680195500008
461 -0.478674409568314 6.95612758663368
462 7.01522599642387 6.93684529620575
463 -3.17736981683835 8.31510596385438
464 10.9645479984577 12.1401736858458
465 8.80347175592969 3.83288818601279
466 -3.38005495131178 9.10791089221691
467 -3.17131235168153 1.25682996883966
468 8.08639771480094 6.36972773499014
469 2.80221998400944 2.20928457370096
470 7.99041422991643 9.87347315969924
471 0.326925002247883 2.6401690960756
472 5.23362417977179 7.09563371925872
473 1.03974016143919 4.96922300217899
474 -3.05429301309843 10.4464753294222
475 1.62909245293022 3.1279852876214
476 5.66107459193275 0.0555025650954457
477 -2.27562290760148 2.77709999002348
478 6.77540052318431 4.92182955229313
479 -0.320523226456104 -3.11579255426264
480 0.503532362113754 12.2942535080653
481 2.76843039785575 20.6629418414409
482 2.67092603732705 14.898760745267
483 -0.527260223189117 0.767696282524133
484 -0.194676185298527 5.9601797005438
485 -7.9100910161276 5.2887133109652
486 -3.40347155023887 -3.36302410827416
487 -6.92852448787618 10.6087544601032
488 0.364848437281916 1.89332528788568
489 -5.92611750016292 10.7139359729489
490 -7.59409326706477 10.4844930822537
491 1.00166103689492 1.97183577844649
492 3.29479149500734 8.77341215140399
493 -3.21701702689919 2.91782944207531
494 4.45999055912727 7.61987335760767
495 -3.522860866723 14.2051659249824
496 -0.997155604230412 16.7057305796291
497 -1.88611293267418 11.4578725871047
498 6.48442888970763 5.89216615325236
499 0.668079146718604 7.5284841795888
500 11.7061679548784 15.3677589581683
