"node" "R" "H"
1 0.964954724186871 3.58921848106104
2 0.184705998846865 8.40893117044771
3 0.073963209717933 3.87067142652685
4 -0.467675362318695 4.22467742618122
5 0.273250643973998 3.89431929667662
6 1.02109775550053 1.96990530957546
7 0.967970695622477 7.71082704437671
8 1.83750349676645 2.97467111519462
9 1.5030981028357 1.6227459014379
10 1.75383040762966 0.258774895616677
11 0.446054852233912 2.71890121096719
12 0.44485183572287 4.52568218016254
13 -2.13118908218523 8.7759322861358
14 1.0178088139268 3.65841528821346
15 0.367615446652628 8.24541124316637
16 -1.53197643266349 8.18672305798522
17 -0.465646511712068 5.27744546428564
18 -1.15074167640436 7.81191082216562
19 -0.164604490720566 4.84000621507099
20 -0.87663019777037 6.02738941906201
21 1.84260399600523 1.08135628405729
22 -0.164531320184956 3.09375927191591
23 0.527029362278046 8.10314426386728
24 -0.464082618700682 5.83840285895966
25 1.16559047468205 3.38837507780298
26 1.77862851679639 1.45779716080635
27 -2.1037711717363 10.4783311140241
28 1.26045430193492 1.63520336020952
29 -2.15160788938691 7.51820002291611
30 -0.30600248473207 4.64996352652148
31 -1.54348208577811 6.91295164717851
32 1.7761851797176 6.99630070873428
33 0.595323620037405 3.9589378847872
34 -2.16263589279145 6.83378003338246
35 0.665501125084996 5.38804232523478
36 0.595350928889826 3.65716724532992
37 -0.876629494401722 6.02738851444114
38 -2.15160737106301 7.5181994344454
39 1.50756716084759 0.847924438885464
40 -1.54834204487428 6.35747677838336
41 -1.1393426675937 9.6011943743781
42 -2.1037733881291 10.4783354820174
43 0.522512787807554 4.63240233298599
44 -0.163278901948305 5.53883776105476
45 1.60974382901057 7.14297318520047
46 -1.54100175962687 7.19086995078809
47 -0.165428024597567 3.61591599555619
48 1.25848522574739 2.1019988933272
49 -0.87662932649127 6.02738820094148
50 2.73422400033773 6.15608467316011
51 0.445247246709077 3.05109063032987
52 0.362880299385728 2.91706581444436
53 -1.16341970831995 5.71540802305029
54 -1.15699768935235 6.80922480433385
55 0.595478227147817 3.41869288337233
56 0.856345068568892 1.98065389893937
57 -0.30613754549543 4.55836782507484
58 -1.5319769811652 8.1867237907001
59 -1.53757267408641 7.57229676769387
60 1.74521243816766 1.84544443855103
61 1.1662528161731 5.53217112580362
62 -1.53197798093291 8.1867255808008
63 -2.10377086078266 10.4783310933432
64 1.93516469321956 0.508609931568477
65 -2.10377093386609 10.4783323630996
66 -0.46772982720284 4.16815462157134
67 -0.876630503141247 6.02738952535355
68 0.0742873096504604 4.47963787939734
69 1.07148630225182 7.61898045437537
70 -0.646020622691543 7.31560962066576
71 -0.876629842647042 6.02738879168192
72 -2.15160757894589 7.51819968524703
73 2.18625720627826 -0.658398686865881
74 -0.302076219925138 6.34778554848765
75 -0.0379105439014522 5.4139634428279
76 0.275673196327341 2.53337269181806
77 1.16612308453828 2.8472111258269
78 1.2630184242616 1.2069938720242
79 0.445162192754198 3.09915268744362
80 -1.53197711048186 8.18672415198408
81 0.52424974716817 6.16446936232507
82 1.66148245660666 -0.651518165580316
83 2.02153571583057 0.288124092413836
84 -2.13119088006062 8.77593588098408
85 1.99900780366359 -0.560362321238018
86 1.12056583491837 2.08020623555861
87 1.07148606345737 7.61898042211036
88 1.84162025683019 1.28260449067373
89 0.794256349267595 5.89865590639922
90 -2.14102857502244 8.17025398091602
91 -0.878085837939598 5.68893341770368
92 -0.874357339354149 6.52829545492456
93 -0.869559432279923 7.53542076229185
94 -0.466533448825205 4.91013814946742
95 -1.55295390929605 5.80363987114235
96 0.177723040009416 3.7669061523032
97 -1.5505092107252 6.10173137409799
98 -1.56060778550862 4.68982419224296
99 0.911911124091634 2.36710328891197
100 -1.53197668567821 8.18672353675464
101 -0.462025234080201 6.5063569677085
102 -1.54542072979249 6.6937406544535
103 2.19863681832091 6.62501835050641
104 0.856797785561761 1.89455068491077
105 -1.13934265981306 9.60119323949472
106 -1.16002342069921 6.30976851804174
107 -1.53197754571188 8.18672527247911
108 -0.653966539550864 5.09730954014753
109 1.11793189646973 4.03783140456138
110 -0.86067685868708 9.34905957638508
111 -0.453761477420348 8.98201727521209
112 2.09886450236577 1.02386499118347
113 -0.302076864421804 6.34779061822406
114 1.17003693877711 1.63695745313002
115 0.364464623913341 6.32171557696046
116 0.445246117358333 3.05109134225061
117 0.0742899294698651 4.47963797492837
118 0.184705994817679 8.40892943442051
119 -0.649900872376684 6.30517181475398
120 -1.15870009518933 6.52995101602441
121 0.730916118875735 2.96897590653446
122 0.522218049995871 3.64530604705934
123 -2.1037711658553 10.4783296142447
124 1.12053666506061 7.5754964169126
125 0.852754167539465 3.49150349779235
126 0.599805916018378 8.03826833647775
127 -1.16275254673909 5.83622754704401
128 -2.13119072941932 8.77593519339689
129 0.0742875757673079 4.47963773122138
130 -0.86956112786439 7.53541931021913
131 1.16972426206244 1.69600459904016
132 -0.0394496673979844 3.4452543196998
133 -1.54099906099758 7.19086703296444
134 1.72195215764972 0.182485073843802
135 1.38845030879297 1.27992128621329
136 -0.45998697942936 7.13267656013668
137 1.30166818576463 7.4151030890683
138 0.664528934385404 3.88974050460105
139 -0.465645667228108 5.27744426130621
140 -2.1037713913084 10.4783310050748
141 0.793409916840455 3.02244558004051
142 1.07171573464372 2.02027851527253
143 0.793321198044808 3.08499788086207
144 0.27328150096126 4.0710868204131
145 -0.303834245469486 5.67882407943192
146 0.0741904563002618 4.37000234426434
147 -0.880552255006478 5.04734565631817
148 -1.51598017924932 9.94292330565098
149 0.730252381147772 3.82401076161776
150 2.02071167415475 0.422632095156554
151 -2.16264609105707 6.83379113410481
152 0.911284842621961 2.58432136455222
153 1.65052541960059 0.817895421709284
154 1.61034390636533 1.98094507598109
155 0.275157611395203 5.77537928163255
156 -0.650928334949694 6.0244517413907
157 1.38259017574605 3.99713444630796
158 -1.16002038185322 6.30976436439348
159 1.118326348733 3.04855501919555
160 -2.13119192759915 8.77593774459268
161 -1.16109702227539 6.12765504856873
162 0.177739925257042 3.70104656682376
163 -1.55141063232136 5.99325823435883
164 -1.15462745635896 7.19281329952451
165 1.11793463042777 3.69568987810402
166 -0.163278063620611 5.53883846902781
167 0.85609682373381 7.81019451303535
168 0.853099190767477 3.09103071629964
169 -2.10377126217352 10.4783301820352
170 -2.14714650984641 7.79323489801319
171 0.524250499684184 6.16446948921989
172 -1.54949766305024 6.22209933989168
173 0.177725363128774 3.98983430739181
174 -1.15074272675589 7.81191546024966
175 1.74942428814509 0.917350612175487
176 0.595602445399557 3.28295221513935
177 0.595322526810303 3.95893954699818
178 0.597707314592551 2.39428149891686
179 1.71314112490328 1.68872541283345
180 0.279564670519158 8.32408922667277
181 1.43211393503602 0.715527582657303
182 0.0817836744563498 8.50107090256931
183 -2.13119192181536 8.77593811107121
184 -1.13934261018487 9.60119251293901
185 0.275548008468658 2.5625675215193
186 -1.53197823907658 8.18672643569177
187 0.177800263207592 3.57921155070135
188 1.77651595480036 2.0988841198476
189 1.11832633594761 3.04855493355087
190 0.36235179024222 3.18204229357489
191 -1.15870224689303 6.52995456054375
192 -0.304795832582896 5.27374888776135
193 0.967968155406432 2.05611936974775
194 0.965762475718442 2.79038463442961
195 1.02170023762022 1.8444913209513
196 -1.15699765160116 6.80922546726489
197 -0.13154054809017 0.643598726845573
198 0.595350517599806 3.65716798292203
199 0.796510123151591 7.86316681990668
200 0.595317971523245 3.84908916102935
201 1.34282882968835 2.47178638794498
202 0.967969721639412 7.71082594650528
203 0.445079825011007 3.14908591852334
204 1.81368648856963 0.750431324274239
205 2.53687601092476 -0.60019507113641
206 -0.650928774877611 6.02445257050751
207 -0.0383142706740903 5.19180708916686
208 -0.652328041245668 5.62036131511955
209 -1.15074188399745 7.81191326873891
210 0.734847720555265 1.88362659006025
211 -0.638711137853879 9.14867317177511
212 -0.164958206949523 4.60892704537846
213 0.599805612277012 8.03826824711791
214 0.800928288278512 1.3687072443142
215 0.910053291504702 3.43415013508882
216 0.177939006865325 3.4164303977028
217 1.11791692409591 3.85319255244194
218 0.367615377432127 8.24541047408605
219 1.81532063777396 0.495315841643528
220 -0.655341413138289 4.53392499363608
221 -0.882798692580713 4.12385300816963
222 -0.653966413278217 5.09730953490825
223 1.21389321819513 7.49279034809414
224 -1.15462701370521 7.19281263606011
225 -0.464726904350175 5.6168907601177
226 -1.16109000182633 6.12765148628076
227 2.19863743298775 6.62501797901842
228 -1.53757153107373 7.57229583559101
229 0.595670614571353 3.22043020920393
230 1.21389315064241 7.4927903573656
231 1.90729125660437 0.298419079533541
232 0.522218929342268 3.64530406478792
233 1.21232500538235 2.73109564296286
234 -0.039498954838881 3.4899454702921
235 0.184706254098255 8.40893172309762
236 -0.860676637185469 9.34906061642717
237 -0.646020916284561 7.31561016737478
238 -1.1507404320689 7.81190977116945
239 2.5575802895398 -0.414874233213237
240 2.37665380587721 0.064833002464159
241 -0.879133908241 5.43165362485763
242 0.0741913400273846 4.37000092698996
243 -2.13119098357154 8.77593571445153
244 -1.13934284812275 9.60119721071105
245 -0.649906627554858 6.30518128975241
246 2.39296394521543 1.68845449591375
247 -0.0395077996046986 4.29193280961987
248 -0.654488489260015 4.90637287850548
249 0.595755801611113 4.7824691275598
250 -1.15074314245785 7.81191641016328
251 0.445000635524801 4.70975043269537
252 -1.16198685680305 5.97212711973242
253 0.0740029699384134 3.68303991153158
254 2.159197727941 -0.393279403554235
255 0.853479769873892 2.84621443482417
256 -0.467612232851185 4.28393067288606
257 1.65745932873559 -0.112587404183061
258 0.274122040868314 3.00592070292204
259 0.911528144867 2.49312168706061
260 1.25726108931073 2.55760921128341
261 -1.16198702991911 5.97212739870206
262 -0.646020836483315 7.3156108052095
263 -1.54099813886047 7.19086551411269
264 0.364915043839181 2.35992390091967
265 -1.51598048817225 9.94292344536163
266 0.796546009706577 2.01152263704632
267 1.34979665803299 0.962829101083544
268 0.665029013066285 3.09160189201772
269 -0.302077353927309 6.3477919771218
270 0.363082698225966 2.83921999996442
271 0.177994018640745 3.36653653623655
272 1.34369535711548 7.37792924322203
273 2.04417884848776 1.19074168500291
274 -1.15462834194245 7.19281493721338
275 -2.15512320629196 7.30112244128898
276 -0.465233854791241 5.43377130001572
277 -2.10377094451835 10.4783292272356
278 -0.655340191905662 4.53392611117126
279 0.177995268758638 3.36653548934924
280 1.01943072124923 2.42965192795155
281 -2.13119163370608 8.7759375208259
282 -0.872546451841691 6.91325502195415
283 0.522231905359565 4.15396371747709
284 -0.294885546787003 8.83908238450237
285 0.184706203821511 8.40893195289683
286 -1.53757165494004 7.57229940144036
287 -0.306362311785413 4.39461657921795
288 0.666804551535381 2.39166213675134
289 1.57435170137114 7.17419052027019
290 2.15611865534892 0.131528376222398
291 -1.16400676126509 5.60653794356199
292 1.3016682833605 7.41510308944327
293 0.445529461183362 5.21568078247342
294 -1.54099792153097 7.19086556637656
295 0.361888069529667 3.72652259490206
296 -2.10377104153237 10.4783303248978
297 -0.30032247372717 6.97566106323014
298 1.11852082867289 2.89491607842981
299 1.25614990480402 3.89966085873868
300 -2.103771038744 10.4783312158327
301 0.853804970126351 2.68991029005663
302 -1.15074233234559 7.81191313271629
303 -0.655649551471494 4.35600864487159
304 1.34454473496349 1.89378608378213
305 0.444668114918752 4.23147333842912
306 -0.304795697520272 5.27374886502498
307 1.30146734036415 2.19308313505145
308 -0.638711335435514 9.14867165879718
309 -2.1037707370025 10.47832868253
310 -1.15870349391754 6.5299565798816
311 1.50040207644698 2.5119632091037
312 -1.16581332168598 5.25328877591829
313 1.2568274987921 5.44288120283312
314 -2.10376153506933 10.4783404516784
315 1.99130721394508 0.674229014604442
316 0.665206025560795 2.98061030803013
317 1.01982392979874 2.29950393602042
318 1.29967584930584 3.25408021688421
319 -0.465991682518563 5.14088335573125
320 0.910936501058191 2.73447163475611
321 -0.464084210862951 5.83840544367186
322 1.16835839588173 1.9950082449805
323 0.0742605861346238 3.37613162481566
324 2.33368608676437 -0.697896282476957
325 -1.16002098671462 6.30976516239385
326 -1.1610916437841 6.12765286455174
327 1.07499372949181 1.41928815958102
328 0.0739850056491114 4.01442942923721
329 -0.303115342434089 5.96038701807793
330 -0.650929467103107 6.02445395764944
331 -0.16265893691341 5.82071500975084
332 -1.54100063738721 7.19086911982328
333 0.0745696818247807 4.73828206997587
334 0.964954859874963 3.58921820561919
335 1.38263942219946 4.2819962269771
336 -0.638711093493439 9.14867201780042
337 0.665713397713084 2.73940170055835
338 1.65190034810281 0.616971974044692
339 0.444578334995605 3.89982939255644
340 1.46458414681683 1.77328724795457
341 2.43656724857884 4.27581609626039
342 1.89863593564511 6.88853194700204
343 -2.10377089749349 10.4783288390535
344 -2.10377114309043 10.4783294186109
345 -1.54949703827772 6.22209858105545
346 0.273262268791232 3.74105962279539
347 1.06919374497463 3.01853784834843
348 -1.16109284425081 6.12765157782736
349 -0.0390480924065999 4.71464383730464
350 0.856049737219516 2.04082676883003
351 -0.162658998175733 5.82071518798096
352 1.12053666700141 7.57549613550199
353 -1.13934257572713 9.60119336749364
354 -2.13119119225718 8.77593659225429
355 0.665501223477588 5.38804022761081
356 2.47163661917228 -0.739801675587481
357 0.273575478500632 4.5395798464268
358 1.42575141655954 1.77397147522167
359 -1.51598294571957 9.9429328411965
360 0.664625491646477 3.50282689462318
361 -1.16275255329398 5.83622753583607
362 0.731660223423961 2.63014450741889
363 2.01328951312426 6.78774250082058
364 -1.13934277743033 9.60119419734101
365 -0.879554665062103 5.32255548918065
366 -2.15512204652224 7.30112105830285
367 -0.466933278607822 4.71901736779129
368 0.362279709856318 3.23196238297431
369 -0.467835081763777 3.7482498165325
370 -2.17384010154441 6.11667106557363
371 -0.305139526553505 5.11728285833292
372 -2.10377091395475 10.4783292638506
373 0.364463870773904 6.32171621523503
374 0.664870260069727 3.2136088862385
375 -2.14102826020754 8.17025230784532
376 -0.165506944576832 3.98190594676928
377 0.273577236590233 4.53957617707728
378 1.01942850597935 2.42965109023006
379 -0.0386105432776292 5.00819994183214
380 -0.0390487344342674 4.71464493347283
381 -0.305841392594832 4.74964870763435
382 -1.13934268436712 9.60119470225731
383 -2.17168071282346 6.25787395226523
384 2.29732060929161 6.53848219170242
385 -2.1037717173505 10.4783322822241
386 -2.10377099241698 10.4783324349406
387 1.02037567652517 2.14342314548621
388 -0.872546142640181 6.9132543713294
389 -0.651706912326077 5.80324509024272
390 -0.304370121499796 5.45704910422867
391 0.184706068955082 8.40892850672167
392 1.16683190176372 2.47797476245951
393 2.25694330652357 0.117134231212543
394 0.595476566117195 3.4186944239428
395 -2.10377105726102 10.4783292074748
396 -0.453760420088491 8.98201333773986
397 2.48201439429679 6.37661851553433
398 -0.878649186093443 5.55273336265259
399 -0.45376017874911 8.98201150552471
400 0.361912031831156 3.65238512207195
401 -0.164378143111275 4.97679605286701
402 2.64447313739904 -1.02534772242644
403 0.361868424867556 3.89069107020383
404 -2.10377137545899 10.4783303325156
405 -0.1637432156823 5.31686745177475
406 0.666056933841422 2.61345544160506
407 1.53659900616103 3.27647354071276
408 0.669105896389585 1.92414563622152
409 -1.13934154615022 9.60119489856126
410 -1.16275187275778 5.83622779231772
411 -2.10377091289839 10.4783304571883
412 1.25682747829303 5.44287984647954
413 -0.0365737722942858 6.08454851079208
414 1.1657394854815 3.1781213409064
415 1.80866919461561 1.83363163750592
416 -0.638711905508575 9.14867372159299
417 -2.1716806529951 6.25787444797179
418 -0.638710944633438 9.14867191523074
419 1.3005267148498 2.57671964044474
420 1.46728800093631 1.22738550510812
421 -0.035199200369899 6.71490698584983
422 -0.0383129702241636 5.19180453050999
423 0.526835628161895 1.99283347014395
424 1.68123109888148 1.37391156111569
425 -0.87564013782716 6.24816868793966
426 0.178863654006286 5.19800433966401
427 2.13083122469463 0.0137809398512228
428 -1.53197838348381 8.18672693138311
429 -1.15462778129607 7.19281365564466
430 -1.54700951848655 6.51239217937802
431 0.597185112324723 6.09268032266387
432 -0.30564879841025 4.8591034288555
433 -0.306142056500676 4.55837307805995
434 1.11852104628582 2.89491615101918
435 -1.51597969100046 9.94292306524059
436 0.856097209960337 7.81019378974979
437 0.177725335059926 3.98983414227222
438 0.596839682885331 2.64340604440428
439 1.711567235653 7.05321109278359
440 -1.55141079667358 5.99325812151421
441 0.0739847153522538 4.01442899947526
442 -2.15160741100038 7.51819948177168
443 -1.54834204922974 6.35747691395141
444 -1.15462720740838 7.19281284929797
445 0.596002295345492 2.99799295129892
446 1.57753357109872 1.34771629118339
447 -2.10377109613223 10.4783293001246
448 -1.13934258491309 9.60119366921871
449 -1.16400838648499 5.60653983894609
450 -0.655503098919258 3.38124020720379
451 -0.0308455370653405 8.60201487800159
452 -2.10377212406457 10.4783361849048
453 -2.10377056039269 10.4783292037616
