"node" "R" "H"
1 0.960416395047193 3.70370145819843
2 -0.0457890704557767 8.60328737124711
3 0.183434582599666 3.74998983328115
4 -0.357472098616585 4.10371328812696
5 0.183514088364597 4.05743078722562
6 1.07569102436327 2.00714955186653
7 0.904351632404374 7.75458127892731
8 1.84812584439483 3.10954204009679
9 1.49188225042657 1.85780774620038
10 1.75884697972261 0.421608040974142
11 0.554575409801199 2.79759716467645
12 0.471258152822285 4.67110095340028
13 -2.02280575255157 8.65670735135084
14 1.12512863656238 3.53884131304281
15 0.293771440545354 8.2990533804921
16 -1.42216683725256 8.06583928909077
17 -0.541764857785269 5.68139027256521
18 -1.04453422077867 7.07102071257787
19 -0.195269577457159 4.99545759421001
20 -1.43562086598947 6.57192717743312
21 1.75287445155589 1.36256116103623
22 -0.357156545529212 3.40767192734775
23 0.635456687316919 7.99590791049144
24 -0.194007071628721 5.55685419366025
25 1.07243672145216 3.59166040617039
26 1.6455198137361 1.70344960392779
27 -1.99518453129537 10.3671239101102
28 1.17958398112347 1.86853094404321
29 -3.58708365058301 9.21140462430152
30 -0.356494078040392 4.7884040408863
31 -1.43363340177936 6.79109180558359
32 1.6800110588048 7.06778496284167
33 0.772759624907013 3.76950359091529
34 -2.04983785953968 7.00137515512322
35 0.631834941722786 5.40887591560521
36 0.470790245580873 4.07146959733868
37 -0.766427331143376 5.90512900947056
38 -2.04349249660047 7.39815090766228
39 1.49648815585913 1.01305797613141
40 -1.43844457208929 6.23567918612326
41 -1.40612366608276 9.83141273610036
42 -1.9951673636726 10.3671181098009
43 0.471257986448996 4.67110247791355
44 -0.0530358073323027 5.69909573988458
45 1.56919423102232 7.16549612978581
46 -1.43131387698556 7.06918521406229
47 -0.0554904315833291 3.54190811004154
48 1.01943952285099 2.37485073024241
49 -0.7655393107681 6.12606545241907
50 2.67143722223534 6.19738719894019
51 0.471233618814201 3.2182621988781
52 0.383424216614456 2.92726862975093
53 -1.05192160178478 5.85017813517794
54 -1.43131725101762 7.06919066695022
55 0.703815849982973 3.62882947979822
56 0.775975424029176 2.1747269216921
57 -0.195992229419426 4.62810977783999
58 -1.42206764836542 8.06573064405938
59 -1.4280192617005 7.45113559176016
60 1.71600108326761 1.97026055849958
61 1.12588872900711 5.5590877905549
62 -1.42205120409874 8.06566591389998
63 -1.99516897501885 10.3671321073044
64 1.91964792889345 0.58796033385424
65 -1.99515239391094 10.3670509294685
66 -0.357293454852738 4.29067315334783
67 -1.0509644448005 6.00554539698559
68 0.0704802899785371 4.59318918918738
69 0.96372701189655 7.70168954485897
70 -0.528648186817436 9.03755271880233
71 -0.764277078083414 6.40632315791854
72 -2.04339152397084 7.39803114013226
73 2.1301370810786 -0.40063465548504
74 -0.192322978378306 6.22632281732154
75 -0.0530566115411035 5.6991547007232
76 0.289056247814544 2.66252546771255
77 1.22576334642502 2.77613427677133
78 1.18176309146216 1.47965216700333
79 0.382568289887523 3.42281176092713
80 -1.99513738933687 10.3671324974621
81 0.555490944182078 6.12098489820853
82 1.69720475423694 -0.56804120829518
83 1.95119944718791 0.462787147031375
84 -2.02281563037658 8.65670122331437
85 1.98715219696541 -0.415397557325511
86 1.17819570158831 2.21573784153744
87 1.07534719232348 7.60427672717926
88 1.71758525117537 1.54885820504404
89 0.839763727486566 5.84112585083649
90 -2.03292818892652 8.05055150480917
91 -0.767884608534401 5.56682543216992
92 -0.764289149951328 6.40634196429219
93 -1.42214943520126 8.06583141838753
94 -0.543066093723469 5.205737289912
95 -1.44306425049054 5.68230200625
96 0.183448973670114 3.97268502217314
97 -1.44150558680593 5.87170955742129
98 -1.44960646894692 4.72013422098145
99 1.01964187425791 2.33164515992271
100 -1.99514838509781 10.3671271317788
101 -0.35214161993417 6.38484330541926
102 -2.04348129765221 7.39813812175974
103 2.17214668196461 6.63480156669073
104 0.904915391373305 1.92366637901022
105 -1.02926187280833 9.48973215049364
106 -1.43553051716688 6.57184360306646
107 -1.42204358702546 8.06566442373683
108 -1.05391438639932 5.48481055672596
109 1.12529157968157 4.5260123395522
110 -0.750541454898499 9.23776403679453
111 -0.343829929640431 8.87112971899809
112 1.97647874808137 1.3290120196963
113 -0.192352894273142 6.22641429610147
114 1.22956639135396 1.65765257239116
115 0.385100196171166 6.28862232462868
116 0.553924216298911 3.08140991909683
117 0.0708849198022832 4.88659442221863
118 0.0785933283776761 8.49175173929151
119 -0.764320853978667 6.40640125147899
120 -1.0484345318556 6.40763422588211
121 0.631303397206514 3.1145866774866
122 0.553398643394704 3.6026059347562
123 -1.99516913309367 10.3671199884662
124 1.17848665772906 7.51112340891705
125 0.960469451503146 3.58170369668513
126 0.635478959704749 7.99396751856968
127 -1.05189342649659 5.8501447017329
128 -2.02280235999497 8.65670729382038
129 0.287254647666264 4.37667764605388
130 -0.759527568309869 7.41469526975934
131 1.1804156646243 1.70700780722265
132 0.0702608003743447 3.41611129792689
133 -1.42804341366259 7.45117589492514
134 1.69059198385203 0.262866349212696
135 1.45397436443441 1.28739089025488
136 -0.350070487378461 7.01175791750907
137 1.12803854314537 7.55605846538095
138 0.703755163406301 3.72880041907545
139 -0.542701434584418 5.34215463107241
140 -1.99502889772168 10.366787450789
141 0.704101659877696 3.22905983320104
142 1.07517319734363 2.1162185449288
143 0.96116907615104 2.90585813569686
144 0.287023634410778 4.04561640271166
145 -0.19338192360016 5.83879284919928
146 -0.0550217847925337 4.5968088927931
147 -1.05444179002908 5.38574594463505
148 -1.40612288134732 9.83142875538591
149 0.772754931266881 3.76951387309003
150 1.91947907045128 0.612323753836262
151 -1.43844530371946 6.23567997291886
152 1.018955756986 2.56380107128983
153 1.53500542810806 1.17854833963074
154 1.60736140999822 2.07938152265315
155 0.384131457941277 5.65461789843079
156 -0.540867148755703 5.90239779360098
157 1.36285248623368 4.28906825531904
158 -1.05020225494418 6.18805679023265
159 0.9009821518995 3.33969236381133
160 -2.02282272886969 8.65664791762187
161 -1.0518263827475 5.8500592018761
162 0.069992698307657 3.86344790195157
163 -1.44061253179949 5.98010363999841
164 -1.42804347760864 7.45117498916924
165 1.17592015633213 3.78281323596774
166 -0.0536479901896358 5.41721267943305
167 0.904360795560156 7.75461549269706
168 0.901118217689406 3.17550555944999
169 -3.42252359185205 11.6745151684221
170 -2.03287737570316 8.05050524097091
171 0.632673402803088 6.04499838525487
172 -1.43845687799926 6.23569060845178
173 0.287050985257997 3.95387061073833
174 -1.04075244669681 7.69117331443683
175 1.71944274189897 1.16578013367941
176 0.630974159887518 3.3719106034886
177 0.630727738160064 3.91153297678416
178 0.633455908338341 2.3496511619405
179 1.64520482007936 1.79152157904805
180 0.078593406183904 8.49176143657937
181 1.37150031730909 0.956369323033457
182 -0.185077888839716 8.72841525182662
183 -2.02279108396924 8.65671245781481
184 -1.02924257042689 9.4897352768561
185 0.0715322662336282 2.88026538742221
186 -1.42204416019468 8.06566724445466
187 0.287054601428738 3.64639301622194
188 1.74994443859857 2.18033984216858
189 1.12547970338774 3.11485023791982
190 0.471307805066227 3.16414358674127
191 -1.04843671627604 6.40764222645819
192 -0.194962090568257 5.15191434780112
193 0.962845263260828 2.26709126714905
194 1.07313339488281 2.85946125617489
195 1.02136602539206 1.92871087781474
196 -1.0468401724781 6.68716720203635
197 -0.0230319883112343 0.6956190111739
198 0.703718671845677 3.96045892592176
199 0.776813807110044 7.86789309539984
200 0.703698293041259 3.83859820607446
201 1.36389923181863 2.56793199908519
202 0.904357126798306 7.75460734872565
203 0.382747480906703 3.25279474935126
204 1.82316590635191 0.758494120570869
205 2.55085725632646 -0.471577433161282
206 -0.765544595906536 6.12607023602617
207 -0.194608523771968 5.33527663131966
208 -0.54228137917873 5.49835861575426
209 -1.0407494965887 7.69116549631703
210 0.777431347571041 1.91173772443857
211 -0.528649249107358 9.03757876849845
212 -0.195987679260626 4.62810328755505
213 0.635485313627429 7.99381060528672
214 0.780414858111204 1.50658985772564
215 0.900829217399088 3.64142076834389
216 0.0701762916434433 3.51376863859827
217 1.1251453552643 3.83355326961574
218 0.476370606098348 8.13590431157565
219 1.65085531426204 0.764568481874277
220 -0.770349576796885 4.92579216503266
221 -0.545569576264881 3.89841334399901
222 -0.769356039026142 5.20070529608613
223 1.22748917480712 7.46776263694086
224 -1.42796587962402 7.45105195294147
225 -0.541673908130044 5.68123473589377
226 -1.05091929479728 6.0054794289179
227 2.19887640245937 6.61128966067629
228 -1.42204183731135 8.06565817408493
229 0.553546729701622 3.37976018075233
230 1.27478482805335 7.42588419969627
231 1.85730842302158 0.490231011715976
232 0.630806409036973 3.61006641878252
233 1.17667762382107 2.82533946528571
234 0.070097275759025 3.56565948889845
235 0.191052165002781 8.39100388472002
236 -1.02927441186633 9.4896806569188
237 -0.535980375398726 7.19472062917597
238 -1.02926109278531 9.48973038538722
239 2.48158111878577 -0.28428306596048
240 2.28458683600287 0.294616120469927
241 -1.43961180254737 6.10037170687673
242 0.183673616037879 4.35838555904318
243 -2.02280627214097 8.65670751752629
244 -1.40612409188511 9.83142961710356
245 -0.538368344751765 6.5692685931986
246 2.37705299727263 2.04957304075079
247 -0.196044314434051 4.43669658033631
248 -0.769884954336232 5.10162718182263
249 0.631440005969799 5.01805445874867
250 -1.04074270907345 7.69116356993225
251 0.471259852984836 4.67109726643499
252 -1.43844632154002 6.23568017529433
253 0.0700719516397335 3.73536621422469
254 2.184150322641 -0.354946251469469
255 0.631115017820193 3.23636180477668
256 -0.357295003749686 4.29067369361475
257 1.76237272132865 -0.0477628695229752
258 0.38311839280701 3.05690333031062
259 0.96201726471225 2.52320556630069
260 1.31933509780252 2.61263081134353
261 -1.05182935656325 5.85006723014054
262 -1.02926085440153 9.48960726064366
263 -1.43130983684655 7.06919422782908
264 0.289867434325619 2.48253971398506
265 -1.40612227505386 9.83138184060489
266 0.842037593982185 2.04639296491887
267 1.32607508084803 1.11358911775102
268 0.47109863910823 3.33422020550715
269 -0.759527572349465 7.41467090120402
270 0.287971107923668 2.98232458569724
271 0.0701911436267655 3.4639857273061
272 1.36500554549743 7.34600151277016
273 2.03602229048239 1.18935277401973
274 -1.42803654529437 7.45116417156123
275 -2.04677568651943 7.1808443340817
276 -0.354716492939102 5.49477679812527
277 -1.99513783734283 10.3671267475329
278 -0.357305305946562 4.29068944105206
279 0.183777253116404 3.35036543138392
280 0.901991304672347 2.68101867759193
281 -2.02281590236852 8.65669675715419
282 -0.764274261127503 6.40631722826867
283 0.470971585815777 4.33023356530457
284 -0.52864895628176 9.03757440132624
285 0.293770398655326 8.29905875016534
286 -1.4280378611938 7.45116508459188
287 -0.356659149918459 4.68885599715619
288 0.705759941617636 2.48653209894635
289 1.53051347584039 7.20035533373179
290 2.06954992736236 0.321276004857008
291 -1.05391265341263 5.48480640965877
292 1.3205872954315 7.38532864408799
293 0.185232529295557 5.46211272783461
294 -1.43132051373701 7.0691675643438
295 0.382414962635241 3.69458527035806
296 -1.99514067724498 10.3670926722023
297 -0.535977467899819 7.19471393763657
298 1.01802624134619 3.0584057978994
299 1.22496938522048 4.14211008370073
300 -1.99518758148988 10.3670855271838
301 0.773772273731601 2.80945609092591
302 -1.0407548923556 7.69117007252952
303 -0.545366019512614 4.18115403346929
304 1.40870380762036 1.98444091892206
305 0.287530533946152 4.67042336311485
306 -0.354713510984623 5.49476884541057
307 1.36448734601666 2.32319553175627
308 -0.528649066064555 9.03757300743501
309 -1.99515645642562 10.3671287210436
310 -1.04844822126252 6.4076508550362
311 1.49001328493975 2.51108874869739
312 -1.05488396417752 5.29471827478671
313 1.31894927583104 5.3688776612842
314 -1.99518745303215 10.3670578561919
315 1.94904653172695 0.789952241280942
316 0.63155259558334 2.95190140207711
317 1.07455592194101 2.27665299067012
318 1.17597605091125 3.62543081432953
319 -0.768692087185043 5.56789432623816
320 0.83870197676021 3.16395215326246
321 -0.354148638373829 5.71645582522754
322 1.22748756355499 2.12318813030102
323 0.07016248674123 3.5137851948972
324 2.28929393237917 -0.543950636056417
325 -1.43363015531283 6.79108770909574
326 -1.05189885464947 5.85015254187154
327 1.07865647516083 1.48118551512385
328 0.0702258462222446 4.36212032627039
329 -0.192351846353663 6.22641658531835
330 -0.54085166536231 5.90236179137667
331 -0.0505895533029983 6.71721496800453
332 -1.42804201935891 7.45117376596887
333 0.0711631625761788 5.07024768110848
334 0.960456389634304 3.99807089548907
335 1.3184246448842 4.33346261979135
336 -0.528649366754741 9.03758293943245
337 0.704853146676605 2.78089315330735
338 1.75741376751974 0.61260921145525
339 0.382349746533794 4.05017766458861
340 1.53195586498682 1.77588824345967
341 2.39989765790454 4.29944752498553
342 1.78367810244882 6.97642031279654
343 -3.42249381253966 11.6745475011307
344 -1.99516611095406 10.3671311226879
345 -1.43960479959076 6.10037343701363
346 0.286999954038521 3.79005104702049
347 1.17640627469889 2.97878608871107
348 -1.05093873189518 6.00551022313798
349 -0.0548707552006791 4.71840025495624
350 0.903992881491649 2.11131627270392
351 -0.0521484501184567 6.08729573890237
352 0.842068825749468 7.80992086130923
353 -1.02913731949415 9.48964162283329
354 -2.0228669620973 8.6566445020046
355 0.839075052910695 5.20316300197021
356 2.48367041298893 -0.705961130861964
357 0.287322796437246 4.51374020021217
358 1.49254984675683 1.69743554545997
359 -1.40612332504274 9.83142832709531
360 0.630815252711701 3.61004806974757
361 -1.0518614224934 5.85010533766907
362 0.773910134996361 2.75959011706708
363 2.08966060507108 6.70873744557037
364 -1.40611771124533 9.83136325546835
365 -1.0534751315994 5.5937711798303
366 -2.04697313839826 7.18103288902921
367 -0.356483307952727 4.7883908409327
368 0.287385896003439 3.34821870458629
369 -0.357527415737622 3.75341417588913
370 -2.06549567148632 5.99735372608567
371 -0.195269786034705 4.99545731797741
372 -1.99528161760103 10.367023981117
373 0.290163404193948 6.3820488113427
374 0.630878385405309 3.44597854980086
375 -2.03292851803034 8.05055123416677
376 0.069990170804325 3.86343922601797
377 0.0707620383493067 4.72988905426503
378 1.12682710276868 2.40588121603085
379 0.0715242543030448 5.29244037778938
380 0.0705438757679439 4.59310086449207
381 -0.195968617862412 4.62807649853604
382 -1.99522966904779 10.3670516492342
383 -2.05949486738515 6.3891876636893
384 2.22529202002201 6.58821433084279
385 -1.99513071236664 10.367129332223
386 -1.99516164735887 10.3670780190594
387 1.12742480688307 2.22353479894372
388 -1.04454196855204 7.0710335927446
389 -0.76552284313411 6.12603948398054
390 -0.194613101406867 5.33527141902052
391 0.191049178656883 8.39099159005205
392 1.12625759794361 2.61867622331695
393 2.15218069745499 0.453047839592012
394 0.630973770358908 3.3719104058389
395 -3.42248807818362 11.6745482597447
396 -0.343826852769293 8.87113229696911
397 2.49461769654165 6.35211048661562
398 -0.76787123786352 5.56680986250345
399 -0.34383120945879 8.87113341935852
400 0.470853224509224 3.60614390299158
401 -0.19458144072596 5.33522901316253
402 2.64063941552713 -0.880013006533728
403 0.287018950586314 4.04562271657456
404 -1.9951312329988 10.3671297528717
405 -0.0536526860138473 5.41721804200273
406 0.632093089684423 2.71997966618524
407 1.567608379157 3.23311187859962
408 0.776769009137279 2.02315309924139
409 -1.99513167533222 10.3671320767784
410 -1.05199050448529 5.85025709886815
411 -1.99512132391371 10.367128214876
412 1.22570485732145 5.46080088421443
413 0.074265438083549 6.59442109436858
414 0.960541307920936 3.47183727425354
415 1.81745716822878 1.98421046430507
416 -0.528648115317854 9.03755118198608
417 -2.06337903075412 6.13836331507538
418 -0.528648391957729 9.03755890347505
419 1.17691032859172 2.6896185956904
420 1.32346311308432 1.50374936513568
421 -0.185086068559046 8.72841307856202
422 -0.0540791539937928 5.19512212558922
423 0.386254910160283 2.25111849132376
424 1.71805053670149 1.43373185149429
425 -0.764340975135419 6.40644205266328
426 0.287999194942724 5.07674443668588
427 2.15419806419491 0.127313002837078
428 -1.42204081223658 8.06565521717698
429 -1.04453500806945 7.07102100677862
430 -1.43363269069867 6.79108793894162
431 0.705445232583749 5.97337149535784
432 -0.194618342764764 5.33527781087928
433 -0.195941216389271 4.52836696543386
434 1.17650232363952 2.89953299287424
435 -1.99518208103847 10.3671046266432
436 0.904360443602523 7.75461215680255
437 -0.0553644635694727 4.29614228255178
438 0.705212798529841 2.64670126859327
439 1.74976955570977 7.00624174325468
440 -1.44061412174389 5.980104218673
441 0.070089487203422 4.17078851704512
442 -2.04349658539227 7.39815552670389
443 -1.43960168328998 6.10037330331827
444 -1.04453459852779 7.07102098625988
445 0.382680799036376 3.30692168160682
446 1.45225181410535 1.59480259137146
447 -1.99511981995386 10.3669738253326
448 -1.02927694499093 9.48969012929992
449 -1.05388749872851 5.48478332266165
450 -0.544958137971977 3.34649273059702
451 0.0786001564243151 8.49164634568374
452 -1.99516012648735 10.3671336048855
453 -1.99515567820706 10.3671291723801
