150 445
231 427
85 239
350 135
219 85
323 33
112 188
204 427
290 39
254 103
440 50
73 39
270 150
248 124
203 276
322 205
368 94
231 384
83 135
423 85
132 401
307 403
257 246
283 403
324 18
76 310
60 260
22 342
75 268
51 68
153 45
320 77
327 227
288 298
315 421
98 434
267 181
311 69
161 342
378 39
64 400
98 412
327 28
403 134
11 7
104 257
233 179
328 112
280 43
320 9
6 240
239 205
408 297
339 431
273 9
131 338
403 307
207 87
254 283
424 291
131 15
205 356
82 107
219 246
85 324
83 131
5 205
312 449
288 341
246 146
220 76
322 194
129 33
290 356
73 10
324 134
151 253
338 427
245 219
82 219
267 175
134 204
408 2
172 239
26 99
406 439
338 356
393 384
116 307
76 33
194 73
85 206
398 316
433 134
288 280
350 414
125 50
324 234
267 402
350 347
104 56
77 313
96 402
197 12
420 441
323 412
175 138
328 144
324 290
153 400
260 340
31 158
210 240
187 56
82 398
52 171
427 171
290 181
205 301
402 24
22 55
402 219
257 419
323 129
317 178
197 380
112 165
393 83
408 398
142 297
346 236
257 76
378 304
376 403
78 175
83 227
121 17
153 103
73 311
101 208
427 228
150 324
155 60
134 195
127 153
317 320
60 155
132 384
231 15
197 218
85 208
239 116
109 205
10 227
86 270
135 397
257 341
142 357
214 257
334 36
177 318
28 114
430 146
48 253
338 347
159 8
134 189
82 45
387 89
14 412
19 9
371 303
11 227
197 325
153 393
78 373
443 434
125 9
198 339
197 288
303 371
64 205
145 179
64 131
82 24
150 227
150 81
116 204
122 142
197 444
73 96
99 436
178 315
159 23
181 401
39 393
193 363
143 315
261 328
122 280
104 315
402 64
406 32
76 143
301 402
445 82
381 51
267 213
450 219
144 328
281 209
406 85
192 315
304 135
193 135
154 25
214 273
288 246
99 311
73 83
86 352
231 446
254 45
370 249
357 315
56 112
258 82
393 292
181 70
85 426
204 6
85 171
429 335
260 36
264 78
253 50
392 318
158 117
358 415
446 341
135 223
322 138
55 342
261 242
176 239
73 240
185 205
419 230
267 99
21 240
358 341
315 419
362 103
200 166
258 159
26 402
39 152
181 121
131 153
324 272
173 195
33 9
131 292
176 351
376 239
219 307
424 171
338 437
197 326
420 227
11 401
85 212
264 45
288 335
210 231
55 299
340 188
98 335
287 82
445 427
258 21
253 298
179 112
5 116
20 299
214 55
60 421
307 83
305 339
197 182
197 144
150 50
83 254
92 381
438 270
150 406
82 396
9 407
267 85
350 39
423 358
356 307
114 376
86 185
4 204
257 165
264 192
11 204
181 82
201 112
294 434
254 259
408 424
116 402
324 52
195 402
446 135
121 4
338 83
419 407
402 420
239 402
229 290
254 15
322 304
178 154
85 318
104 9
347 269
39 7
214 161
324 15
66 293
267 32
280 50
446 85
129 323
194 322
181 159
197 139
64 358
96 32
301 83
4 393
40 250
367 255
240 259
147 217
264 311
12 104
427 78
412 50
387 103
273 112
83 356
82 290
261 340
340 214
264 289
295 392
198 35
320 48
415 257
56 358
121 402
178 334
303 374
231 393
73 339
438 290
324 425
73 156
78 181
73 382
423 427
259 78
28 258
327 189
387 138
197 241
33 380
10 7
231 356
200 285
104 441
77 285
415 217
338 82
28 393
420 240
204 337
47 205
143 201
449 57
339 198
205 45
427 149
129 413
402 189
117 158
246 159
369 88
82 105
324 427
441 219
337 195
338 11
104 415
320 189
181 6
150 64
33 434
427 204
197 67
420 451
188 412
361 143
446 219
266 255
10 28
52 338
73 78
333 137
73 437
362 304
73 175
82 37
52 32
189 113
11 397
365 22
257 297
438 85
197 65
383 285
36 137
303 335
98 55
134 83
301 384
432 215
10 173
73 246
356 47
176 403
64 393
185 246
257 12
99 235
301 227
415 441
239 150
264 219
116 181
39 350
267 103
415 315
427 419
328 248
231 83
358 334
376 329
350 205
77 257
9 179
229 11
402 231
39 287
333 143
420 439
203 283
393 88
392 339
178 122
204 194
324 180
205 290
267 251
197 274
280 8
221 273
324 50
114 356
177 257
370 50
85 231
325 188
288 141
197 357
185 415
30 257
279 39
85 205
82 258
257 441
434 55
338 131
219 197
338 153
153 227
178 253
381 324
26 227
149 305
11 446
44 41
135 79
264 239
420 384
221 157
109 240
303 218
82 204
315 358
132 109
94 380
423 254
402 406
185 268
254 88
194 227
82 250
82 352
9 320
420 103
47 233
257 421
410 268
257 266
415 318
338 110
298 48
402 254
402 318
98 336
317 104
197 310
203 403
393 239
181 406
271 227
440 8
112 412
316 313
290 45
257 355
134 82
358 315
290 350
185 426
266 9
350 418
368 67
17 195
73 341
393 420
135 267
240 73
52 195
219 245
356 45
445 21
83 205
231 313
260 412
370 260
387 304
402 384
181 373
393 52
295 198
271 51
239 393
324 131
21 150
151 178
120 178
203 82
82 344
365 330
312 201
106 71
1 48
78 259
228 148
346 154
26 239
231 418
153 195
365 197
181 290
99 121
52 254
242 273
195 7
197 246
254 231
381 419
132 393
304 393
150 307
257 19
240 52
51 329
324 219
40 317
102 106
287 351
337 446
219 415
449 335
163 407
345 186
264 423
10 5
420 150
204 402
378 254
239 397
33 368
135 393
320 8
267 180
446 304
204 352
220 215
150 290
324 279
446 79
324 198
266 257
254 363
98 315
64 50
10 352
56 190
150 384
324 157
195 363
43 145
85 235
10 73
383 284
153 21
214 407
449 260
360 157
406 121
33 129
240 362
220 8
338 384
146 272
104 255
324 70
33 349
216 112
432 20
60 340
162 68
270 86
154 272
266 2
132 103
437 414
279 397
239 439
29 374
406 181
301 103
104 217
316 165
313 341
423 278
214 36
264 193
446 362
303 282
264 384
10 313
362 45
438 324
214 69
322 73
232 434
205 396
165 167
176 394
28 88
175 28
427 205
10 270
247 346
356 393
150 135
141 214
104 152
210 402
219 264
172 356
270 21
307 114
205 4
219 318
256 179
26 240
445 136
175 373
381 92
99 240
406 396
374 60
315 273
154 8
82 254
152 424
102 71
82 113
73 397
181 378
401 181
36 260
221 365
24 419
56 450
446 205
205 271
187 44
185 384
71 106
77 61
324 114
153 131
161 188
104 436
64 61
323 179
205 82
64 239
185 10
135 50
258 341
205 378
446 78
181 304
3 415
389 8
216 36
362 254
47 168
76 274
361 60
328 334
337 239
131 231
267 229
149 152
369 324
205 406
51 87
79 268
66 165
139 211
322 227
47 393
276 85
10 45
414 73
267 88
356 322
398 408
149 50
316 61
387 446
153 26
141 232
358 189
22 118
283 134
120 434
222 218
39 175
267 239
356 135
216 407
240 126
22 137
135 427
142 316
6 10
315 1
417 257
417 50
327 402
407 225
166 315
432 306
67 129
423 83
423 251
264 448
82 435
257 219
72 61
267 289
254 362
311 193
378 150
254 304
254 427
239 88
85 50
39 82
64 167
288 50
21 290
369 32
214 341
233 340
233 8
438 239
264 200
131 400
315 48
153 240
273 141
392 305
293 157
185 159
185 202
205 240
378 290
324 21
56 316
260 342
438 320
424 339
193 387
362 378
86 181
268 341
82 190
121 82
104 12
173 17
82 307
116 87
147 104
114 88
315 165
267 204
73 181
240 15
358 317
55 157
35 115
369 150
104 246
424 315
153 32
185 121
400 402
393 181
175 85
187 217
271 403
132 181
427 423
392 198
424 419
450 165
188 179
222 221
301 131
83 307
257 35
219 230
82 210
149 339
239 240
340 57
242 43
427 39
190 408
370 280
231 194
267 83
197 60
278 112
290 103
381 85
108 324
83 6
66 171
267 227
219 147
34 273
307 315
427 121
239 290
290 311
51 74
134 402
427 86
205 427
368 413
82 238
367 273
423 78
378 175
433 219
240 132
255 266
188 407
178 408
408 273
96 83
419 112
239 254
406 363
358 408
204 114
246 8
338 134
221 112
142 23
104 95
362 229
209 286
143 303
279 3
4 439
270 227
393 150
323 137
116 5
22 8
85 150
190 154
323 380
365 222
178 48
266 157
39 83
9 48
88 223
10 356
273 189
221 272
271 394
181 24
254 341
83 240
48 246
83 10
357 142
85 35
22 249
112 215
83 149
423 199
271 384
239 351
82 381
338 26
170 50
189 159
73 254
420 392
330 222
268 426
104 147
219 267
315 415
210 82
146 257
210 324
197 411
271 109
144 137
6 227
356 175
301 324
10 81
427 73
264 324
135 363
390 434
153 397
192 424
383 298
195 6
200 315
197 368
420 422
135 150
134 376
258 290
402 301
195 83
264 424
420 292
402 400
193 28
266 298
229 289
378 446
408 77
179 9
394 87
114 87
414 239
159 346
304 52
356 400
73 369
254 295
204 82
190 268
201 251
254 78
66 239
83 313
303 312
426 321
82 364
338 239
450 230
5 427
234 73
30 315
192 147
17 254
259 32
205 254
114 176
214 199
222 334
280 246
6 26
231 437
267 311
378 223
48 255
11 194
85 202
269 239
141 219
83 406
157 50
216 14
205 194
28 402
255 60
324 205
258 64
197 359
290 230
240 301
240 264
423 121
150 103
358 77
215 25
98 218
205 121
82 327
434 182
279 356
205 181
197 358
357 230
185 410
295 339
242 340
210 445
39 45
383 230
210 239
190 50
255 315
221 341
443 293
185 150
188 233
76 261
273 298
76 257
85 64
112 272
181 116
257 177
142 230
247 273
197 20
11 391
246 441
251 415
239 83
311 316
197 30
26 88
122 189
145 9
104 317
159 189
291 61
47 304
271 283
290 378
279 175
28 231
239 352
257 50
322 181
288 69
178 367
73 21
78 384
254 85
162 74
276 239
423 192
423 262
337 205
332 8
393 103
143 288
270 292
30 9
77 200
231 45
197 261
219 299
392 373
402 356
83 290
49 433
85 28
34 374
158 19
197 302
267 427
349 33
73 174
143 91
312 371
51 16
210 338
320 246
6 175
166 104
402 427
256 299
231 39
86 420
376 346
254 52
179 280
88 150
226 201
88 437
95 233
214 335
181 39
340 215
194 181
97 188
280 317
254 448
108 205
98 273
324 431
304 7
102 320
88 26
324 78
258 268
82 184
240 427
257 358
179 340
273 272
153 81
427 290
324 363
290 229
417 285
266 341
259 264
219 82
99 393
10 289
345 35
125 48
267 116
214 188
85 21
210 254
351 394
6 304
327 103
257 416
304 446
205 26
17 121
390 129
19 298
181 363
99 230
195 89
290 73
358 357
210 88
86 338
246 318
82 75
25 60
153 384
323 233
279 431
427 82
239 445
214 334
324 85
338 86
219 121
370 288
150 193
316 424
338 81
161 340
132 356
304 362
258 315
114 402
82 393
22 9
134 28
434 33
205 384
205 397
241 357
52 231
270 438
312 141
440 60
231 227
258 239
257 407
181 157
71 246
1 190
197 61
150 347
82 74
253 334
178 9
153 6
88 402
147 266
172 324
104 157
257 2
249 124
207 379
173 45
361 112
195 378
393 363
21 414
176 271
48 315
77 292
338 231
205 85
254 394
178 33
322 401
429 76
153 401
197 160
376 51
214 9
88 239
12 154
427 238
328 215
273 260
326 50
150 362
21 347
423 45
154 50
181 45
267 205
304 73
257 402
24 171
326 342
83 324
36 334
446 103
239 32
143 333
324 239
288 188
219 19
99 219
280 122
408 200
424 104
324 254
114 283
11 26
179 50
144 179
443 165
48 2
51 419
80 325
256 144
219 142
271 402
152 3
179 342
417 335
10 193
247 317
414 402
239 114
177 315
221 159
191 134
241 257
433 246
233 412
338 301
257 346
434 129
378 363
340 25
85 394
88 39
330 365
64 21
433 49
356 88
264 85
214 14
187 415
219 122
315 125
222 197
85 115
131 10
407 112
264 318
240 363
73 194
138 392
214 143
256 50
304 402
280 405
221 214
204 384
257 255
326 340
377 335
259 223
433 40
179 242
181 194
215 188
424 153
327 85
304 290
208 272
324 89
197 440
255 8
73 438
271 391
366 377
197 282
83 423
369 109
427 21
402 187
121 410
348 124
347 195
356 10
9 298
254 131
181 279
430 232
135 205
255 125
254 6
393 7
408 167
77 206
66 82
402 134
350 73
6 32
52 439
91 214
28 82
141 19
420 327
214 421
327 88
214 328
437 103
197 253
324 387
322 402
423 402
301 39
82 286
192 142
11 322
125 315
307 150
407 214
193 290
82 268
355 124
438 223
273 159
197 256
434 380
402 77
139 274
173 73
47 356
91 299
424 407
231 301
88 363
88 287
188 137
279 427
239 327
423 337
142 125
226 154
196 320
408 177
142 293
26 64
306 340
312 335
104 311
420 402
393 39
362 32
438 234
141 1
85 83
222 14
368 390
82 27
356 126
135 373
134 111
356 7
248 144
76 335
82 229
122 177
144 342
356 254
82 148
402 439
219 117
175 259
358 1
30 358
76 124
239 420
86 204
446 293
433 59
135 322
205 78
215 50
205 420
147 197
85 363
139 220
278 8
273 125
446 259
201 355
423 264
254 114
9 341
338 254
48 408
370 348
408 219
402 239
34 342
259 254
99 358
189 273
178 159
424 255
437 231
78 289
155 260
350 338
64 338
415 358
154 246
423 290
315 357
368 232
21 10
114 204
400 153
188 342
240 131
252 87
283 394
390 50
234 239
112 297
85 23
279 324
360 198
257 273
10 39
450 357
239 176
73 304
114 438
393 437
423 206
415 313
427 392
26 204
438 82
259 135
147 192
266 192
36 201
417 266
231 337
362 427
198 392
21 234
55 434
205 369
254 360
181 88
231 64
203 134
290 81
26 324
370 299
142 421
197 284
85 403
381 212
445 150
424 219
83 439
374 260
324 438
350 103
311 233
446 231
185 356
66 10
206 251
377 124
62 256
360 407
267 259
95 200
191 87
334 137
257 69
240 304
257 247
337 402
210 126
424 48
393 350
259 362
96 229
450 48
271 21
350 32
301 254
20 215
276 271
282 389
377 342
193 204
85 199
185 397
197 277
254 317
195 267
73 168
135 387
356 204
311 415
220 139
420 194
131 393
408 187
252 311
11 384
366 273
173 402
369 363
231 267
78 350
64 420
402 203
414 83
258 205
82 252
187 316
191 111
270 135
197 371
9 125
234 227
85 99
316 257
408 268
73 313
197 280
170 416
197 389
56 1
153 86
267 26
10 223
256 43
175 290
408 9
129 349
153 175
100 102
85 276
153 219
267 317
21 39
319 139
427 176
82 329
114 394
231 175
46 122
445 205
322 259
79 26
253 137
239 18
85 11
427 231
91 143
73 234
378 350
356 52
394 403
134 49
131 427
6 445
204 21
402 317
402 210
264 205
247 154
310 76
122 377
73 89
254 68
104 48
427 311
420 175
197 273
259 150
56 257
427 279
142 112
257 232
303 143
346 35
206 268
22 202
82 376
393 341
400 126
257 77
415 200
64 219
186 51
450 415
99 77
393 295
402 414
378 7
85 400
279 239
320 342
48 125
445 290
163 25
76 179
221 208
147 167
338 52
450 436
31 246
255 1
86 231
231 439
131 240
39 339
271 239
135 227
95 154
193 356
142 56
351 176
40 329
168 324
4 157
93 70
34 12
194 254
197 421
324 356
319 220
64 240
112 179
240 204
210 322
153 109
134 105
251 233
47 153
181 213
132 324
260 157
322 356
298 104
260 215
402 121
21 210
104 197
247 257
317 424
88 205
150 205
306 119
383 335
11 289
358 436
327 239
229 32
16 51
193 289
48 424
29 124
197 377
315 377
427 111
85 376
153 73
39 85
181 301
255 23
317 202
76 249
26 229
187 202
36 179
253 178
150 39
132 304
121 311
387 341
85 279
177 313
327 445
231 7
232 273
132 402
181 223
83 301
153 289
74 85
428 134
76 211
8 246
82 244
350 26
6 414
437 26
197 146
114 21
392 152
231 400
291 358
267 356
168 394
82 410
315 2
55 251
402 157
135 96
108 175
408 235
97 50
104 266
288 155
151 9
99 402
315 255
188 112
85 397
57 14
194 205
197 90
76 216
338 64
139 325
317 159
406 402
85 254
203 51
135 378
267 257
205 88
85 373
6 205
240 96
10 78
203 87
4 64
205 168
239 376
104 3
196 329
98 341
82 134
197 315
246 315
96 356
403 394
85 327
365 221
39 50
270 290
358 104
210 420
151 125
327 115
114 320
88 292
195 313
6 103
408 313
73 15
420 165
270 205
402 437
9 246
168 403
424 142
387 150
346 50
52 402
346 201
233 201
66 227
197 365
415 284
422 396
203 317
79 205
39 223
5 393
369 81
197 331
420 21
204 185
356 39
231 28
115 69
197 222
221 188
68 381
302 257
134 356
360 240
239 64
315 355
257 30
36 272
278 50
175 6
197 43
356 157
408 199
249 157
322 26
252 379
179 137
279 205
134 175
112 25
165 293
165 142
367 298
322 290
315 230
402 99
231 82
99 135
43 144
82 180
419 424
393 194
257 233
179 43
254 17
290 28
257 9
443 112
85 157
85 240
51 85
365 189
122 260
21 324
197 367
427 407
280 55
408 35
402 419
420 318
39 402
258 219
239 414
358 217
39 239
273 342
210 270
139 319
175 153
181 10
240 239
60 215
437 126
56 341
410 392
197 214
85 356
339 152
256 380
267 194
85 51
154 112
423 446
316 142
185 227
204 307
273 255
340 299
197 355
56 315
185 204
55 77
179 374
85 419
39 78
85 341
440 342
197 211
131 103
450 199
116 103
9 188
150 397
239 45
434 67
6 337
197 46
229 171
369 21
129 214
131 356
400 397
361 120
56 398
278 188
259 322
9 273
214 112
450 266
374 215
407 179
131 45
240 138
257 124
176 168
449 14
51 203
197 48
356 311
438 103
175 193
257 122
185 420
78 235
270 393
153 83
132 307
131 152
360 50
356 4
214 368
156 363
239 134
28 10
10 324
350 406
38 315
327 231
316 419
288 273
356 397
204 85
9 335
5 204
104 316
44 199
312 389
11 153
14 188
197 147
229 363
116 290
290 150
76 166
3 230
142 246
338 7
172 32
46 288
10 402
402 227
291 217
324 419
362 393
159 273
231 52
135 103
158 162
423 267
73 103
10 240
150 338
240 205
214 154
304 78
347 73
441 48
254 324
153 264
25 215
94 323
104 122
324 267
67 368
152 298
73 267
252 246
445 402
423 205
422 358
231 397
220 43
402 327
368 35
98 22
254 198
290 50
253 273
204 423
410 311
356 21
442 143
358 33
204 239
423 436
377 299
381 219
57 242
112 280
78 362
150 6
259 205
79 88
369 384
116 352
315 112
317 415
114 239
78 45
240 384
92 320
88 15
78 82
195 45
122 50
217 357
175 83
340 306
210 190
197 449
288 249
99 109
327 64
350 83
311 152
356 293
303 60
143 374
135 313
316 104
175 5
82 44
150 264
28 187
374 355
267 115
39 384
150 363
338 307
220 216
64 356
205 150
197 166
76 222
337 64
114 341
25 342
76 139
215 340
98 182
232 331
383 61
393 73
66 402
178 151
356 233
317 154
85 131
450 422
393 406
198 360
38 217
66 109
97 25
393 397
368 214
257 161
150 78
185 315
424 141
175 240
134 231
408 104
383 288
181 322
147 316
408 190
324 451
420 10
322 21
304 103
437 363
194 239
219 341
39 227
239 427
383 200
378 289
39 290
104 192
176 134
79 135
402 89
134 267
76 221
88 103
197 370
83 89
144 334
322 150
153 99
190 48
229 393
179 25
356 239
311 44
393 229
347 384
53 69
248 342
56 302
203 159
17 45
254 7
304 6
253 424
402 153
231 6
181 245
39 149
52 304
10 438
362 446
254 423
51 379
258 427
427 384
417 200
134 433
197 255
420 387
73 85
153 424
73 134
165 157
64 451
46 60
214 129
402 50
441 8
298 313
48 165
318 50
82 174
10 307
241 408
254 262
163 137
242 299
321 190
162 31
68 105
9 23
150 259
82 405
279 73
290 204
197 1
266 230
181 419
387 175
312 143
178 141
86 64
22 335
151 424
6 384
246 405
47 239
205 219
315 36
57 334
52 88
271 113
3 313
288 22
197 200
231 419
212 381
146 246
232 1
108 73
420 341
219 51
185 180
6 231
257 335
298 9
258 397
221 50
83 73
324 347
181 202
54 345
394 114
56 266
278 333
66 341
324 3
240 337
142 104
11 363
131 363
52 347
226 246
64 168
327 150
380 94
254 152
229 219
85 441
446 423
78 152
274 399
434 413
85 393
142 77
99 289
98 340
356 352
78 415
85 223
187 257
197 266
11 311
356 384
134 393
78 39
212 162
257 167
253 141
258 352
402 83
150 341
267 50
356 11
257 143
210 153
356 96
450 331
400 73
327 347
318 251
189 8
357 77
197 260
233 50
121 185
403 168
6 363
356 337
406 39
398 292
229 240
83 126
232 178
78 427
99 315
317 358
255 25
40 219
327 397
267 195
25 154
356 422
64 177
240 78
239 109
254 175
347 21
324 362
79 427
197 133
323 50
320 12
185 292
419 316
316 408
134 109
153 341
214 434
85 189
56 219
311 229
264 181
82 106
387 324
134 23
233 334
205 99
193 324
114 397
242 25
153 262
267 138
267 322
181 392
392 89
324 87
346 60
427 88
257 412
138 289
82 322
181 402
82 427
258 86
98 215
402 311
193 341
298 315
266 392
315 297
82 194
234 352
317 233
437 254
254 150
177 408
68 134
438 227
441 77
205 338
114 73
340 179
73 414
440 188
26 153
324 393
337 73
393 126
402 445
260 124
270 88
323 246
360 149
30 341
153 420
48 441
114 10
179 215
264 64
86 258
205 392
10 4
266 318
175 82
214 119
142 257
347 204
112 14
327 338
419 12
327 213
98 358
135 78
240 26
66 324
406 79
279 193
154 288
31 117
64 103
259 279
239 258
350 363
64 173
204 356
362 135
1 284
88 175
256 328
280 179
333 415
337 384
204 64
349 413
356 445
47 73
327 210
337 240
387 193
400 131
374 218
159 69
159 246
267 189
85 439
257 55
311 109
98 112
387 205
267 254
356 425
193 347
406 227
127 338
172 193
114 213
85 185
254 149
423 73
85 227
210 85
279 168
19 141
203 207
304 39
427 397
419 408
266 299
146 154
267 171
168 205
73 24
273 253
216 60
152 305
268 190
408 246
94 413
323 232
400 254
22 218
78 301
134 426
231 223
261 144
142 35
327 193
360 89
358 202
317 112
132 138
112 8
178 436
450 316
134 75
420 254
288 333
324 10
197 316
348 326
257 293
307 394
6 195
260 218
210 204
3 89
323 94
78 402
168 384
402 393
78 423
333 335
240 307
408 419
420 352
423 227
56 415
57 179
275 69
340 272
317 246
85 424
125 298
335 273
259 290
240 400
79 341
290 116
197 97
367 415
423 439
307 116
290 210
64 69
150 132
188 272
257 159
360 339
360 167
197 215
204 32
219 217
402 82
271 134
315 133
197 220
215 20
340 50
153 205
324 352
266 273
195 126
134 252
340 255
183 41
197 154
64 88
193 32
356 28
264 121
28 338
400 64
83 64
190 246
86 446
450 50
266 36
356 387
39 427
10 373
189 260
197 124
73 239
408 315
181 239
5 64
374 199
393 387
356 50
221 334
229 259
438 327
234 134
257 141
150 387
9 342
193 227
356 108
377 167
203 176
445 347
450 14
56 419
327 175
205 132
102 100
286 69
312 154
150 239
9 145
197 447
304 83
449 424
85 116
427 85
446 378
406 99
66 439
393 289
129 434
204 134
195 134
37 419
233 154
142 1
181 5
73 402
287 402
424 333
208 137
193 304
104 30
134 420
350 10
78 198
338 290
405 69
197 225
197 50
254 420
64 347
339 313
175 402
438 88
450 358
290 26
76 112
303 112
441 257
195 103
288 137
419 251
450 217
26 114
196 118
132 397
316 315
328 188
335 280
175 393
214 137
446 181
85 121
415 142
338 414
79 64
317 346
241 154
349 94
350 362
219 165
216 412
73 28
82 311
257 44
356 441
257 75
327 247
267 318
83 231
52 356
82 276
350 397
328 50
82 240
229 205
94 390
324 132
273 188
10 32
210 26
178 125
162 117
256 220
57 50
326 124
215 342
78 135
338 322
131 88
356 240
317 189
73 398
178 349
322 6
10 305
64 231
214 272
420 177
301 397
83 393
408 377
255 336
51 376
273 407
324 381
258 85
267 230
38 424
9 1
239 21
402 338
379 276
197 332
22 273
402 271
76 407
179 334
362 150
219 436
56 125
55 272
240 150
73 259
185 327
195 15
212 87
291 230
231 150
356 219
66 180
334 112
356 451
47 397
327 204
147 219
374 179
106 320
175 239
78 406
327 320
197 335
400 45
402 258
266 177
131 223
73 6
78 391
257 200
82 10
30 56
73 400
242 179
83 39
389 188
204 327
82 159
327 23
106 118
408 298
221 317
73 219
181 69
21 45
221 189
55 201
11 229
201 273
85 109
142 8
387 135
320 50
288 340
161 124
6 324
240 338
197 77
197 221
450 178
30 313
9 253
78 83
197 9
402 135
47 307
195 73
197 323
368 112
437 393
219 99
70 93
367 9
150 231
26 384
267 45
328 340
28 219
338 114
278 77
76 214
99 146
203 271
108 397
134 227
73 360
135 438
316 77
60 14
162 254
392 136
28 239
241 297
255 340
333 288
360 342
138 324
246 48
358 246
248 340
73 231
204 78
6 307
438 73
73 446
220 137
28 427
337 400
82 85
73 204
239 234
6 45
450 298
91 179
419 320
197 424
393 213
216 434
97 124
402 304
156 254
195 173
290 180
203 239
107 92
153 311
154 159
28 227
82 63
398 230
175 264
266 124
446 165
162 415
283 87
73 108
350 219
210 290
152 415
290 324
327 439
323 390
279 339
135 356
214 246
82 292
288 154
39 304
14 179
10 88
197 137
85 113
188 215
393 223
270 82
402 103
315 288
197 91
401 322
434 188
239 195
402 66
366 50
231 81
85 347
290 289
22 25
401 10
356 363
133 273
317 412
267 290
206 424
29 137
441 142
95 285
33 299
443 299
402 397
445 64
424 257
78 392
288 233
94 434
197 155
153 121
403 203
141 145
216 8
427 267
408 342
406 290
234 438
325 80
392 246
73 451
370 215
79 301
197 243
134 245
312 374
322 393
254 210
221 179
268 298
417 341
389 374
8 60
240 79
266 104
324 64
376 85
21 352
168 239
317 187
3 217
339 305
405 280
241 358
85 445
295 3
427 356
441 341
210 393
324 338
278 280
28 26
28 45
82 300
266 355
64 153
132 26
420 231
427 167
427 103
427 394
258 28
264 415
356 86
392 360
212 134
221 247
402 363
327 177
33 390
64 427
205 39
52 138
434 323
146 280
60 143
433 415
52 384
260 273
239 394
405 8
419 273
259 387
147 422
260 154
340 265
82 49
402 78
134 212
11 32
398 358
433 44
403 254
79 402
276 134
387 61
280 334
338 6
175 150
96 397
22 188
417 142
73 229
368 33
231 126
132 267
337 427
449 333
327 171
82 118
323 260
432 137
86 132
263 201
176 85
255 273
221 299
219 402
197 42
179 57
267 202
197 201
85 436
414 393
21 420
76 220
116 73
193 384
413 434
290 83
88 290
423 268
420 239
266 357
82 164
368 188
134 327
348 248
99 11
141 424
185 352
268 246
104 408
20 224
402 17
85 77
82 439
85 6
268 321
356 150
254 173
190 346
204 234
78 431
36 50
76 294
28 420
135 384
98 188
141 154
232 48
315 122
273 233
28 204
205 81
56 142
82 64
131 64
132 52
393 204
36 115
78 448
301 406
301 135
86 427
380 33
266 117
369 64
195 347
290 352
280 12
53 189
33 323
78 360
239 213
219 149
440 299
304 219
85 321
138 109
371 312
323 14
64 83
190 320
358 407
290 21
55 22
356 438
64 81
278 101
319 211
264 175
82 121
194 363
255 141
193 150
40 159
356 6
240 402
51 236
195 337
194 393
163 188
78 264
324 23
79 397
206 77
156 341
205 350
270 311
430 25
280 201
290 387
51 134
72 77
175 420
360 305
214 361
328 57
234 338
56 217
99 177
197 249
254 356
214 342
393 290
374 143
420 167
356 290
264 402
362 240
248 236
434 232
96 393
19 424
203 393
204 240
406 378
22 124
234 83
56 50
219 205
11 378
357 56
367 316
134 384
134 73
270 73
290 234
153 239
21 327
438 427
95 197
370 36
79 195
315 266
104 219
67 434
258 356
408 255
324 138
381 405
420 219
266 424
349 380
82 209
234 21
3 339
108 64
415 165
239 203
233 273
179 154
356 85
197 94
419 201
82 21
221 14
241 313
420 88
151 8
205 446
402 159
239 231
268 318
376 159
210 363
134 428
450 200
10 26
242 188
288 214
150 254
424 9
387 32
301 356
214 115
5 402
327 176
82 111
83 414
232 125
214 201
270 446
290 10
181 254
219 10
257 241
315 237
195 26
323 340
178 255
179 407
47 267
339 392
369 231
402 11
214 293
83 446
210 205
52 233
338 324
181 118
64 227
358 137
327 205
338 402
346 189
340 137
326 355
204 73
10 64
26 446
76 319
231 327
82 175
204 5
337 414
214 189
394 271
195 175
138 322
392 367
322 153
287 438
402 257
420 64
425 214
311 202
216 374
204 267
350 387
116 45
96 205
357 424
327 311
210 446
432 188
228 435
214 218
437 7
85 74
337 356
368 293
264 150
78 363
112 118
94 182
6 157
280 36
85 177
194 204
1 141
163 288
55 233
133 342
306 407
187 246
402 223
83 103
112 69
214 215
68 74
338 175
8 334
106 44
219 257
233 342
96 240
242 342
181 338
295 152
392 295
266 125
248 355
290 259
378 397
3 316
25 340
205 73
64 39
73 350
234 204
323 413
369 240
39 103
159 412
114 269
78 308
88 81
270 83
449 188
254 81
402 194
146 251
253 125
152 1
257 315
116 423
159 247
132 219
39 356
419 187
406 356
21 227
221 218
189 412
4 290
185 21
445 292
356 134
222 257
402 341
440 124
10 103
303 342
141 273
327 341
425 157
324 327
256 434
427 360
268 230
83 397
315 177
116 446
324 227
408 292
82 239
316 12
255 9
266 136
376 394
122 335
108 240
197 330
280 335
9 115
22 260
290 272
424 408
423 195
173 10
134 276
257 215
151 1
143 371
85 45
82 26
178 260
82 236
197 328
255 112
216 299
78 227
304 205
306 432
131 83
26 427
190 321
83 153
254 194
197 452
85 134
109 134
82 245
82 271
334 14
36 215
193 103
76 55
446 425
375 320
356 66
28 363
34 340
175 73
28 324
264 358
338 126
85 379
427 283
450 311
263 335
257 268
64 341
168 204
370 421
327 82
28 290
254 292
134 246
135 270
127 439
73 373
26 150
55 280
254 431
254 195
345 51
338 10
257 260
433 244
150 420
39 352
11 402
449 60
423 77
158 31
239 324
400 427
351 283
204 324
219 324
156 83
381 320
104 200
266 415
185 86
205 32
21 28
415 298
205 109
307 363
114 28
337 131
271 87
73 419
267 132
112 157
48 1
387 378
304 240
134 341
214 412
423 35
323 201
195 64
83 378
234 205
401 153
232 424
197 336
450 30
67 55
197 142
450 315
79 305
419 436
138 240
240 64
356 324
257 206
219 132
356 181
197 342
327 269
85 87
325 399
86 210
49 415
239 279
408 1
205 227
356 82
143 216
376 246
168 290
11 205
205 363
214 33
234 356
96 439
75 426
178 189
134 397
85 68
19 358
233 159
370 335
154 260
52 324
197 151
68 87
290 423
247 50
82 363
424 56
445 2
214 355
283 114
134 32
301 231
379 207
10 2
221 155
402 32
290 227
316 230
31 162
21 82
247 189
22 199
378 387
181 167
324 210
317 257
162 379
178 298
95 166
450 392
437 402
147 341
178 331
134 403
135 21
51 237
408 154
398 313
77 246
150 26
438 384
427 64
73 195
371 315
85 135
291 316
393 402
82 68
362 73
82 423
150 88
304 391
64 254
28 292
254 437
380 129
259 229
9 272
427 393
303 412
142 415
197 84
446 350
197 299
131 7
450 77
55 182
197 129
450 12
320 272
231 88
424 241
73 114
150 446
437 324
52 393
73 270
82 338
210 352
143 14
298 341
197 293
430 255
276 203
181 32
231 378
338 439
157 112
432 328
26 391
197 417
39 254
82 227
214 165
192 266
356 270
82 419
150 356
135 239
76 359
149 295
152 295
73 26
288 215
64 199
317 199
131 420
424 266
271 203
142 48
197 169
205 391
173 254
193 378
257 25
119 306
73 393
392 3
85 387
201 412
324 149
232 141
161 60
83 152
5 384
210 356
420 363
316 284
82 415
356 350
438 21
319 440
257 409
1 165
134 240
175 50
288 112
88 73
347 231
338 32
98 424
108 227
446 387
239 204
422 436
85 251
57 328
367 358
310 139
324 420
82 228
402 204
315 371
387 83
83 61
402 240
246 341
239 26
273 246
135 99
257 302
288 118
420 205
162 292
283 203
77 358
427 175
203 114
420 73
85 408
10 338
287 324
86 397
114 254
181 397
187 341
127 427
324 339
356 406
195 153
279 32
4 50
369 138
307 239
438 352
258 50
298 358
446 438
85 252
361 335
5 254
127 240
83 28
393 10
22 179
215 8
315 142
197 374
450 333
131 360
303 201
376 87
233 55
340 260
189 60
174 388
266 112
134 207
334 233
295 313
11 239
6 204
60 112
253 112
278 412
10 21
4 61
82 69
129 115
3 431
254 176
85 391
290 78
175 427
328 43
86 103
249 225
257 262
347 239
424 125
179 216
83 11
232 253
400 337
369 289
76 341
423 356
197 98
268 419
112 342
161 257
6 88
290 304
324 264
320 112
131 254
356 32
252 134
79 446
181 240
337 254
402 114
203 402
402 131
239 73
425 340
138 387
188 50
73 64
185 239
268 77
261 57
194 153
322 414
190 273
22 340
231 205
401 132
201 36
299 218
221 8
318 257
8 50
257 408
73 173
52 153
328 179
82 212
95 177
219 350
125 142
153 363
159 233
380 182
259 406
350 150
298 19
423 61
56 408
420 397
324 231
267 135
76 25
64 324
19 158
82 270
406 135
231 402
337 439
380 368
3 305
446 290
239 39
273 315
112 201
86 267
82 386
172 205
273 60
28 269
427 438
377 154
205 7
280 260
240 347
134 74
52 267
379 134
98 60
427 239
257 280
350 393
214 432
376 392
205 231
212 68
197 163
231 11
402 195
193 240
257 320
324 168
152 89
217 104
290 446
290 240
142 342
427 134
287 384
94 129
329 196
371 91
26 205
98 260
307 103
259 397
82 187
264 259
197 399
173 267
134 272
129 69
378 406
135 446
48 266
78 70
121 181
271 276
240 7
427 240
195 384
257 225
10 177
117 217
127 87
154 273
181 356
210 327
57 124
290 402
362 146
254 446
423 10
22 214
90 12
317 272
393 96
315 9
181 317
259 193
320 318
88 195
255 331
85 192
387 289
420 324
82 247
315 298
82 379
175 356
11 356
134 233
154 355
39 150
322 289
324 26
423 257
253 14
350 78
394 134
210 414
179 14
408 8
303 91
85 153
22 415
179 144
205 202
321 268
219 422
150 204
175 439
204 301
181 350
234 39
153 322
254 83
181 93
279 198
85 181
82 375
205 315
21 204
417 188
190 8
402 15
60 36
255 246
39 240
257 115
247 159
205 324
231 363
446 254
402 337
249 355
134 292
219 56
131 126
423 48
307 219
187 230
295 167
121 153
270 267
168 114
383 341
153 5
214 374
205 11
154 35
56 357
356 26
210 439
239 403
131 290
426 190
64 407
189 154
78 10
60 323
437 73
132 363
139 76
114 18
132 240
402 21
417 230
10 423
280 342
264 254
86 223
86 239
221 137
219 200
51 164
219 61
185 311
450 9
420 223
171 335
279 373
60 273
141 255
259 446
187 77
67 349
112 60
254 35
450 104
134 39
239 337
135 240
378 362
210 45
79 246
175 131
82 92
135 350
393 175
317 60
340 412
234 393
88 420
358 61
323 368
197 432
197 263
82 324
3 392
315 143
92 107
205 83
330 197
79 240
214 43
222 330
142 315
102 69
256 319
248 242
14 112
117 415
315 217
79 156
88 393
6 83
375 246
259 289
440 112
185 322
197 34
315 246
204 338
120 361
430 50
424 367
22 201
6 85
304 150
142 188
152 35
153 422
135 304
98 155
371 143
225 249
434 94
85 283
427 324
275 219
393 205
86 356
179 157
349 368
30 217
264 48
104 61
239 168
21 156
324 414
240 83
306 25
231 240
112 233
415 251
268 415
301 7
97 182
365 317
82 321
57 340
22 407
10 401
178 120
83 32
410 415
159 154
73 227
204 4
10 397
6 397
210 24
231 131
315 374
131 402
178 450
135 352
324 384
200 69
257 179
400 15
135 83
205 259
10 136
303 137
378 202
11 338
369 402
324 88
427 28
21 384
189 346
446 150
78 414
445 227
197 348
82 153
290 363
181 227
197 294
185 103
73 420
334 215
194 427
10 181
181 61
220 256
315 341
214 8
176 283
290 205
39 301
239 96
324 45
162 324
47 103
424 1
393 414
356 427
147 142
82 41
231 50
324 162
360 295
197 95
358 14
1 409
368 216
53 54
402 96
390 33
356 338
205 64
39 363
259 304
98 178
426 75
374 8
424 187
438 114
181 446
350 289
9 141
327 10
369 73
153 337
22 299
117 266
316 415
205 279
446 116
205 10
161 200
214 122
112 320
114 338
73 289
204 11
370 60
48 273
85 73
99 356
441 50
295 431
324 82
338 289
275 288
194 240
415 166
267 159
10 437
349 129
408 257
214 299
113 317
9 434
185 82
154 377
402 290
197 29
315 199
413 67
268 358
219 298
274 139
317 113
356 402
254 403
175 134
350 446
408 358
83 45
116 397
362 363
18 324
73 79
393 5
376 114
366 14
197 291
82 2
331 48
392 313
432 342
350 25
197 232
207 85
176 307
304 387
356 210
28 327
260 179
282 143
446 338
415 104
358 25
60 8
311 99
6 420
78 239
324 193
415 408
88 414
229 99
10 231
10 327
86 290
387 356
345 16
387 290
450 232
214 12
82 385
135 231
153 138
88 187
134 271
134 239
276 207
270 24
441 190
320 199
377 273
10 130
239 87
423 82
204 347
270 356
190 441
150 289
132 86
57 43
323 334
423 99
225 326
239 28
288 407
197 72
324 185
450 257
400 231
10 350
150 402
303 179
316 56
76 226
85 267
259 240
214 141
57 342
21 445
393 304
258 39
219 28
73 126
222 256
210 109
82 183
64 369
175 168
402 324
177 61
82 388
168 307
254 77
271 205
365 50
320 118
299 155
37 184
98 355
73 116
305 431
234 290
73 305
22 306
197 140
210 202
266 217
21 338
327 384
64 419
408 142
153 64
303 8
320 115
444 280
298 23
356 279
423 384
175 279
210 116
340 328
257 60
51 53
145 141
212 405
378 32
403 283
287 204
290 223
266 143
446 86
203 69
405 159
278 405
197 312
83 431
78 393
64 26
316 146
203 419
25 201
204 223
51 71
185 219
340 242
108 254
114 227
394 307
164 317
356 258
258 227
159 317
187 92
205 387
394 176
387 229
73 88
346 317
163 342
150 73
135 175
21 239
380 349
214 124
116 267
290 177
127 311
99 205
231 135
197 404
354 416
270 10
233 260
427 114
125 141
440 319
356 229
220 333
39 96
39 3
311 230
318 315
39 219
420 86
6 239
402 86
295 149
255 298
446 363
311 272
6 150
280 216
345 272
221 101
122 201
290 414
85 203
260 112
205 352
304 11
214 425
17 402
85 32
4 109
39 32
197 179
76 434
393 391
201 60
260 14
195 131
324 39
72 200
301 181
257 171
315 154
427 131
175 254
417 299
408 357
446 397
114 427
10 210
28 73
73 384
324 81
423 230
197 62
162 212
248 43
338 204
368 434
39 131
338 369
403 376
327 114
303 334
258 439
134 290
194 64
324 108
257 146
197 125
288 55
255 201
150 439
205 103
368 380
356 301
28 397
257 357
339 424
434 368
154 412
424 337
350 138
66 231
402 418
116 205
210 258
419 415
255 188
338 438
229 26
214 249
240 290
104 117
369 393
214 159
175 103
288 199
367 436
440 143
324 28
181 362
134 351
56 187
99 341
51 186
30 1
135 301
11 45
73 150
356 61
178 1
84 315
450 248
83 9
424 273
51 426
201 246
240 311
299 214
307 168
131 324
210 150
178 179
56 424
266 142
83 150
21 439
324 6
257 125
48 142
450 22
262 35
112 9
367 200
98 8
378 240
301 205
135 229
350 384
86 153
402 181
331 50
141 342
66 384
259 175
214 179
283 176
134 194
34 328
392 415
6 427
162 85
85 414
420 233
241 315
438 135
197 442
427 362
323 60
10 83
266 56
112 50
320 44
387 219
393 135
414 308
427 254
56 285
270 427
248 122
210 341
85 396
261 179
264 392
150 175
153 439
56 313
259 267
47 219
83 15
114 203
47 324
278 246
362 347
60 25
329 164
271 82
287 83
374 55
450 112
131 337
393 32
387 397
266 12
234 50
48 318
85 207
408 341
254 439
78 85
189 247
424 192
134 150
165 217
393 82
338 132
10 384
322 134
378 78
200 318
402 167
319 256
273 237
402 73
175 289
151 232
231 134
258 392
239 85
229 387
78 295
73 153
131 89
10 264
78 150
356 205
407 188
267 397
22 182
368 323
290 135
247 299
178 449
231 26
279 152
216 46
210 427
239 82
144 157
185 324
232 9
219 192
254 307
154 167
56 246
264 99
346 8
85 406
21 397
178 22
26 21
53 345
197 296
88 451
73 352
231 103
290 341
298 199
28 439
367 424
402 292
204 210
153 245
264 204
361 215
362 138
204 227
82 101
204 88
264 227
152 339
450 424
56 436
324 402
438 397
402 362
290 438
450 341
10 301
192 117
192 104
168 176
257 249
64 445
85 96
197 366
9 25
403 176
197 112
52 103
30 177
362 301
179 36
267 279
383 124
195 239
356 437
11 83
3 149
257 230
73 324
315 201
387 393
10 446
117 315
324 397
82 103
85 427
315 56
190 436
356 227
4 292
195 446
172 397
134 283
318 113
22 155
433 353
8 14
315 303
150 83
253 255
270 363
142 217
5 103
224 432
387 420
419 313
48 331
280 144
136 392
197 248
144 57
350 290
268 424
212 51
83 350
338 233
317 247
135 152
56 177
303 188
266 1
291 178
219 175
22 50
393 427
25 112
203 162
271 176
322 99
98 122
78 324
350 239
9 50
350 269
338 240
254 181
132 150
4 26
254 187
142 298
245 246
197 450
369 338
240 227
340 157
99 322
387 315
394 254
402 199
134 394
197 8
132 32
322 64
185 138
200 2
234 150
39 279
22 424
129 380
214 155
78 205
445 28
197 319
142 9
181 264
264 362
39 378
12 112
402 10
117 341
258 384
149 198
204 87
427 352
76 255
208 60
240 414
293 216
53 50
154 188
267 21
134 153
56 298
387 350
220 25
64 384
134 88
64 230
98 280
88 397
150 350
402 350
203 379
197 230
432 179
134 338
77 441
10 185
408 436
85 175
356 223
163 299
205 322
288 8
338 210
324 351
327 134
85 338
11 231
95 217
219 141
254 392
347 397
53 8
256 340
49 244
350 231
393 322
295 89
83 78
78 304
337 393
424 450
324 240
76 299
393 231
181 86
350 99
99 171
187 219
233 189
239 153
60 216
387 223
191 271
251 318
190 104
195 394
445 239
345 237
39 205
401 254
201 8
280 340
307 341
26 290
94 368
423 173
73 152
350 223
86 85
324 439
240 32
270 384
267 324
324 32
179 260
10 149
376 134
257 284
207 203
256 33
315 146
96 39
10 363
423 392
273 8
73 418
179 188
427 135
423 204
324 93
246 154
64 424
173 356
175 7
141 253
181 168
220 112
259 26
369 103
73 322
210 175
104 318
60 122
402 150
221 257
357 217
56 291
445 6
77 318
21 205
304 193
187 313
77 136
393 109
257 56
315 157
257 154
270 445
82 86
144 43
181 439
198 305
79 308
356 165
347 240
369 307
204 393
378 83
427 79
168 397
368 129
394 168
195 88
320 69
28 21
181 7
9 19
374 14
188 8
208 288
205 52
150 369
134 68
82 353
96 135
134 324
217 315
134 352
205 327
312 434
390 323
205 96
278 317
82 162
283 307
239 66
82 309
239 283
40 433
181 207
239 227
181 135
197 443
147 315
294 155
324 307
345 54
450 60
304 181
175 347
216 50
408 272
83 289
321 426
121 219
178 76
294 280
197 430
149 89
267 384
288 415
356 341
134 388
153 194
190 75
21 64
374 155
131 311
267 231
392 424
214 178
347 414
260 69
76 43
247 137
402 6
307 240
402 272
85 103
12 299
73 198
26 259
254 205
346 69
131 149
338 446
201 405
327 419
446 73
197 25
268 407
10 292
338 397
446 83
190 189
254 134
305 295
86 66
217 246
181 427
378 205
290 4
257 142
254 397
267 387
367 166
273 323
424 402
132 21
340 43
406 150
205 307
96 73
295 360
216 165
273 412
393 356
427 195
54 51
97 60
219 178
177 50
47 341
82 51
71 320
198 89
324 289
78 446
219 396
445 85
406 350
379 162
185 247
231 318
427 213
245 341
198 295
324 212
214 182
36 412
257 178
205 210
287 21
340 60
197 434
402 39
368 14
356 327
197 165
204 290
450 367
175 108
256 249
346 113
318 12
28 194
78 305
254 313
358 112
264 397
193 175
231 304
393 362
173 240
162 219
258 317
64 150
304 289
427 313
135 32
210 83
134 51
325 310
257 1
368 60
219 446
267 86
253 331
82 281
424 117
324 400
322 254
449 288
278 60
290 32
60 224
39 198
55 424
85 5
73 307
82 231
85 272
49 37
257 48
231 338
204 74
162 376
153 324
197 33
212 324
406 78
219 407
305 360
278 208
427 341
83 427
77 341
60 342
229 322
39 347
254 305
214 340
112 246
406 259
239 7
239 356
257 137
162 19
178 214
154 335
134 347
369 356
273 154
290 397
114 103
317 273
219 316
263 226
83 363
204 26
338 341
150 21
53 336
266 235
210 168
64 397
135 406
152 392
195 420
143 334
185 317
257 202
393 254
112 335
325 139
146 159
135 181
10 290
350 240
350 356
258 61
319 25
99 318
144 242
6 393
197 285
317 335
83 407
68 51
450 125
73 356
340 124
86 327
49 219
48 298
324 83
327 233
4 289
365 246
324 150
307 397
240 47
157 179
56 159
173 427
73 424
220 55
327 438
219 112
366 335
233 112
98 50
324 292
198 152
39 89
358 316
197 275
290 231
10 239
226 335
376 351
76 58
25 115
234 292
349 434
266 249
88 64
387 78
317 407
246 112
219 426
197 119
175 327
104 341
288 165
423 424
152 431
73 337
408 56
193 39
264 240
64 32
326 249
252 85
197 145
97 112
322 324
408 407
6 153
373 392
338 21
402 116
73 279
204 264
168 150
152 198
327 290
290 258
181 329
446 267
383 154
205 258
181 187
57 137
24 26
181 83
73 378
408 141
240 229
370 137
56 230
64 415
378 402
28 193
194 338
400 103
204 10
332 377
60 201
56 48
349 390
104 450
446 52
356 304
21 427
240 420
85 210
257 166
231 451
131 397
257 217
35 202
369 194
310 399
279 360
122 273
240 175
51 54
135 39
73 290
423 393
173 64
356 131
257 299
104 298
254 126
197 265
152 373
114 233
14 8
197 416
231 254
394 351
11 131
142 407
239 451
254 337
5 290
142 50
389 143
39 397
197 122
410 2
143 407
298 56
178 165
441 318
165 315
152 358
56 147
131 239
257 317
73 362
340 119
56 178
82 127
290 445
82 433
215 260
99 415
324 322
163 340
79 356
197 354
181 73
108 103
362 414
427 15
194 231
197 22
73 427
6 21
104 392
119 432
257 278
104 358
181 205
368 349
257 285
157 251
188 260
104 190
134 234
358 188
51 212
301 21
185 207
254 384
264 290
324 269
39 73
82 40
220 261
205 185
194 384
327 110
205 270
369 420
267 391
264 387
323 342
427 292
316 235
66 311
231 73
73 213
86 402
275 272
253 48
98 246
153 254
189 272
26 397
205 153
193 318
267 73
423 208
402 113
121 406
346 247
37 2
77 436
79 73
204 150
210 21
257 415
358 155
9 33
135 86
14 60
48 257
420 393
257 313
203 311
10 445
257 201
47 363
240 168
195 52
427 45
52 21
195 427
254 301
254 402
446 356
337 103
10 66
220 319
97 434
134 10
301 239
78 290
271 292
297 112
10 267
214 50
205 130
64 195
239 338
153 419
368 299
406 393
402 173
402 346
112 407
11 109
205 229
246 273
131 73
90 246
231 109
73 295
254 401
229 227
197 340
240 193
64 439
414 350
153 127
234 324
143 282
438 28
216 293
82 123
379 250
394 203
268 436
176 376
34 188
257 101
367 61
231 202
37 49
85 114
330 76
270 397
259 378
410 185
139 399
128 246
197 178
181 78
120 33
116 64
307 384
337 204
253 246
56 273
153 338
410 121
427 305
280 215
304 356
131 301
99 2
82 87
85 246
160 50
324 73
82 100
219 8
78 73
60 154
427 431
162 87
420 134
134 379
258 88
6 356
39 231
76 429
338 28
133 179
28 175
280 328
449 421
323 182
121 322
9 251
445 439
402 175
152 313
198 431
408 206
121 85
21 73
152 83
205 79
82 71
434 349
108 32
52 239
253 9
423 64
427 10
406 235
198 149
73 193
150 85
407 273
408 285
237 273
402 28
421 335
116 210
438 356
97 8
374 340
197 298
232 368
114 384
85 110
320 262
257 436
168 356
214 288
205 28
279 259
316 358
204 168
187 419
239 287
94 33
442 14
212 379
408 415
64 307
205 289
383 257
445 210
438 134
370 412
424 358
406 415
150 45
443 55
215 179
83 352
21 110
75 190
53 419
337 420
303 260
231 290
340 233
22 355
204 116
175 10
82 207
337 397
162 227
324 7
442 280
414 397
193 239
76 355
267 10
402 352
52 240
104 407
291 424
166 257
389 246
253 1
239 175
95 104
402 270
258 415
280 202
267 167
393 451
305 89
317 434
442 412
195 414
338 194
198 3
175 397
193 172
188 273
138 23
9 112
19 313
43 242
215 60
315 342
205 304
362 83
181 130
64 126
194 402
450 142
175 324
82 32
324 167
393 99
204 254
280 112
438 233
324 195
175 341
95 422
48 112
82 384
239 86
98 179
193 10
443 368
4 82
441 415
79 152
150 153
73 363
356 15
10 50
21 85
273 179
369 99
374 412
311 115
362 289
356 64
85 10
231 420
340 144
312 280
339 3
47 315
324 213
82 314
316 217
423 367
208 278
146 318
279 149
324 103
303 154
279 295
198 313
406 223
356 420
142 341
347 88
445 356
398 341
278 199
21 402
19 117
197 361
333 280
85 384
83 387
254 322
98 288
290 393
374 112
188 340
337 153
369 202
221 330
369 239
410 426
181 85
356 153
134 191
290 338
406 301
270 402
134 87
427 402
78 240
322 427
327 420
408 48
450 1
290 384
153 231
170 218
116 26
327 292
114 419
39 88
408 316
91 377
190 426
83 223
240 446
175 387
76 8
356 267
304 378
134 269
195 356
216 355
217 142
348 355
273 340
415 75
368 97
197 36
419 77
301 156
393 64
446 11
338 311
323 12
298 266
337 223
78 356
317 311
231 10
216 280
83 175
83 384
266 342
266 293
443 33
17 393
392 311
150 109
200 77
104 166
204 231
188 214
338 109
219 258
187 408
275 157
197 306
48 9
39 258
197 341
402 45
257 36
231 21
86 135
134 103
39 213
141 23
154 317
433 37
273 50
52 420
37 433
143 188
387 363
10 204
424 356
201 69
220 341
291 77
446 240
339 360
258 402
75 321
450 35
1 315
29 249
104 357
82 397
141 9
362 175
85 381
332 334
85 402
264 439
131 52
298 125
39 193
219 47
348 225
153 402
98 316
203 346
78 254
257 8
323 273
22 374
116 82
322 121
26 79
270 109
256 242
287 86
316 246
154 189
445 270
434 157
134 6
121 264
188 218
28 83
322 103
311 246
287 39
219 24
240 378
264 341
197 13
26 304
150 114
197 343
44 320
39 324
150 240
254 10
355 249
312 36
89 431
197 257
9 201
324 118
141 333
64 402
417 8
346 159
134 26
251 157
256 341
225 355
83 7
254 153
422 341
47 240
270 181
73 202
331 1
12 35
10 175
327 167
10 205
152 230
322 338
85 176
327 272
312 303
82 320
39 415
387 259
268 85
240 289
221 197
197 217
358 56
406 384
420 28
114 307
114 311
257 112
318 189
4 121
356 93
338 103
82 136
145 43
338 213
423 408
26 246
143 342
356 168
273 335
379 364
307 283
10 6
438 287
73 131
420 131
104 142
204 193
48 293
82 5
376 162
68 212
10 111
1 23
185 290
76 416
204 397
380 434
143 60
52 205
178 232
82 346
427 181
21 369
214 125
76 62
214 60
4 240
393 337
88 83
268 75
82 73
214 306
82 445
77 190
254 73
9 377
402 26
78 397
11 99
205 402
212 246
185 439
231 79
254 378
320 202
96 194
219 177
348 249
125 273
356 213
403 114
66 28
176 114
99 391
427 400
82 102
210 114
150 32
338 88
22 60
179 273
231 157
254 338
201 14
286 209
420 337
60 50
91 374
159 201
254 156
205 267
254 246
51 381
423 17
142 424
427 26
175 21
362 78
179 145
33 413
79 414
165 443
193 420
73 431
446 10
48 23
420 185
216 188
76 330
10 135
394 85
56 104
47 384
122 60
338 363
420 356
97 260
267 393
195 240
112 260
82 28
153 347
13 341
254 393
131 295
205 47
134 268
153 150
290 175
178 157
195 254
254 240
39 373
423 311
197 57
424 178
53 272
73 439
56 197
181 268
91 371
408 125
423 153
135 10
10 360
197 242
338 227
368 137
239 180
132 239
287 227
21 322
420 289
266 246
134 176
134 205
356 231
178 317
438 39
424 163
178 424
254 400
376 82
168 283
8 272
125 56
450 141
327 180
257 298
56 61
362 324
40 118
338 420
134 203
270 239
315 124
365 159
280 188
374 342
134 438
114 403
197 333
152 308
134 307
163 179
282 371
266 201
104 335
197 429
39 21
3 152
21 356
260 155
403 85
338 193
316 341
10 393
142 408
427 198
216 334
214 332
254 39
254 204
10 82
288 143
142 154
378 259
299 55
366 412
423 318
267 173
253 60
85 75
39 135
22 112
279 172
190 1
11 6
340 334
338 168
109 239
73 205
200 266
219 304
197 216
369 439
85 418
14 260
334 188
86 205
234 88
12 50
150 322
287 88
121 427
337 88
318 374
177 35
122 340
177 284
127 402
98 14
36 342
215 432
420 153
83 327
347 64
305 198
205 138
356 103
427 173
142 436
203 394
178 98
321 75
197 349
73 82
214 216
197 390
173 78
315 335
433 405
304 259
315 55
335 154
257 61
197 372
334 50
252 364
57 144
327 86
109 393
260 374
356 78
256 368
193 259
240 231
86 82
197 128
214 22
197 224
21 292
47 338
150 393
88 204
175 227
83 402
392 61
280 444
298 419
383 165
376 176
78 223
393 78
333 60
422 219
387 99
48 217
239 52
175 363
114 292
197 80
78 387
52 26
273 377
9 255
231 86
59 433
257 104
187 358
214 260
121 392
99 26
47 181
55 214
424 253
106 101
225 348
219 315
83 239
254 5
178 407
214 144
10 347
114 134
417 315
312 421
271 207
414 437
423 116
38 142
3 358
134 114
197 226
207 271
51 320
82 382
56 30
356 171
306 188
197 383
220 124
112 216
24 402
131 11
117 313
210 227
96 239
268 48
445 384
121 205
358 48
36 188
323 434
226 253
264 391
264 153
153 356
340 273
197 76
83 360
152 149
141 178
210 397
175 195
56 430
378 135
3 198
327 235
98 154
450 56
358 424
310 211
438 338
197 38
187 69
337 231
358 230
101 278
261 43
83 295
324 437
8 273
322 109
5 397
256 25
356 73
288 272
1 142
200 257
376 283
162 134
56 77
254 89
10 150
104 235
324 175
197 409
219 77
39 121
114 150
28 180
356 414
193 21
257 188
254 227
338 45
338 181
327 324
280 146
231 324
52 227
197 56
88 356
179 328
74 68
6 254
197 334
231 153
28 407
257 23
152 360
134 37
82 181
175 223
11 304
247 201
254 239
117 19
144 280
76 342
176 87
450 407
28 205
239 307
83 167
270 210
205 401
371 299
6 11
64 363
254 407
73 7
142 122
117 419
290 239
178 145
392 149
78 32
152 292
402 451
347 324
259 109
402 87
134 21
358 165
153 307
82 79
61 358
98 342
175 64
257 189
20 50
96 311
402 79
295 305
225 124
95 257
430 246
30 318
232 407
141 125
47 138
43 340
10 131
273 122
135 289
320 382
420 81
73 223
338 85
400 240
241 61
76 256
64 289
257 377
201 444
176 203
324 68
68 324
135 290
290 406
131 175
154 346
324 223
18 114
350 85
307 289
239 347
85 86
39 392
197 143
205 439
4 88
79 339
114 327
104 165
88 254
204 103
88 126
304 26
231 5
247 157
234 213
195 324
374 50
134 427
403 87
28 384
408 61
427 373
432 119
10 79
190 118
9 315
408 217
239 271
193 362
197 55
441 273
66 86
60 255
112 293
394 283
221 342
55 179
149 360
142 165
125 331
290 88
388 174
64 48
426 268
267 126
114 168
380 323
135 45
288 355
216 143
82 88
193 73
267 446
328 124
402 85
370 248
82 392
10 254
114 324
82 395
85 278
393 131
295 373
163 214
240 45
401 289
39 438
398 415
239 10
6 338
406 205
73 251
339 89
290 86
415 419
189 320
257 199
327 318
190 77
132 202
246 280
256 76
240 360
197 188
138 397
132 289
267 157
254 64
240 134
254 414
195 311
175 362
210 384
44 184
278 260
205 239
81 103
238 388
257 368
85 190
10 108
240 173
248 249
290 131
71 69
290 439
201 124
307 47
164 329
427 83
254 308
197 413
112 374
290 427
94 349
307 204
307 176
83 195
104 422
450 285
324 301
10 420
99 257
328 242
393 153
195 397
76 9
319 76
219 387
119 340
361 214
320 273
257 214
257 117
371 282
82 246
269 204
78 378
9 266
51 196
68 162
350 311
315 115
361 407
201 50
185 85
82 116
234 180
131 195
205 21
201 154
408 23
424 298
216 218
22 412
290 267
95 266
130 202
82 59
73 392
116 239
408 50
253 232
394 427
273 201
387 9
295 393
248 179
323 112
146 152
214 145
214 157
233 188
255 48
9 167
76 30
4 205
82 196
67 413
112 333
402 423
205 393
152 311
150 10
47 289
423 240
417 217
239 103
116 439
340 249
444 201
293 165
257 272
324 422
216 335
234 384
246 237
204 86
47 26
48 232
301 240
254 82
304 397
330 221
64 6
22 189
271 246
219 185
271 268
64 257
95 61
190 341
91 303
267 439
78 204
393 324
64 175
181 393
58 76
11 138
195 301
141 50
197 161
210 86
112 137
28 213
26 47
362 397
242 144
26 168
82 356
181 138
301 79
39 134
154 60
370 154
43 179
299 342
48 30
85 290
231 239
131 39
39 10
301 363
132 338
315 318
83 181
195 423
134 213
28 445
14 334
85 420
234 82
22 246
86 287
22 288
356 79
340 218
