420 86
152 298
278 288
76 25
427 267
420 219
152 424
402 50
393 205
153 150
305 339
393 39
402 301
26 267
201 273
338 290
82 106
153 21
432 328
192 147
36 137
231 240
356 293
205 420
405 246
338 437
64 307
413 434
36 342
185 109
324 78
112 407
231 254
393 324
30 177
86 135
39 223
194 239
53 54
378 83
268 419
197 146
258 352
205 392
11 446
239 28
52 231
71 320
246 146
82 268
307 168
194 240
287 402
109 240
79 356
234 39
85 157
117 313
82 32
179 188
320 9
233 188
315 112
415 318
85 324
21 445
333 335
39 290
11 45
231 210
197 315
290 384
347 269
423 121
198 339
104 192
214 189
82 327
231 73
408 436
427 397
205 185
221 365
197 36
91 303
197 94
331 48
147 341
366 50
153 419
240 45
165 293
175 341
228 435
6 402
318 315
73 446
9 112
86 287
175 134
208 272
240 324
290 239
401 153
195 153
234 205
175 259
392 318
82 382
10 79
33 299
270 10
280 342
150 109
350 446
66 50
66 384
9 19
327 420
315 335
328 179
10 360
402 181
376 159
423 17
154 50
189 247
304 193
324 185
304 52
402 189
19 9
79 305
142 48
99 121
356 50
340 299
423 311
324 88
220 139
175 108
408 315
295 167
430 255
232 1
424 142
392 313
39 352
86 397
231 153
203 311
280 112
256 144
181 240
83 352
240 15
134 114
245 219
267 21
257 260
290 39
11 83
367 255
376 346
427 373
185 247
350 269
116 26
323 12
231 446
270 85
374 342
201 69
446 304
193 324
85 203
362 229
288 8
114 10
260 412
424 419
10 108
438 73
210 85
262 35
254 10
176 87
333 60
79 88
257 159
96 393
322 21
320 69
146 280
112 157
432 215
188 407
445 21
387 103
257 262
9 315
290 150
415 75
198 35
410 2
8 60
78 239
73 240
73 337
22 118
197 139
96 83
219 175
312 280
432 306
193 318
400 73
361 112
322 401
221 317
257 48
28 290
427 292
301 406
204 78
34 188
273 253
181 88
253 273
374 14
48 298
200 257
441 257
258 61
181 69
369 26
56 104
328 112
185 384
320 382
10 73
424 241
257 56
246 112
190 273
100 102
154 159
127 338
17 393
241 297
257 1
21 85
350 414
121 185
135 270
26 229
85 384
408 8
311 233
338 10
402 21
175 28
210 427
299 214
10 352
145 141
249 157
319 220
287 39
378 446
78 223
22 389
312 154
238 388
231 81
322 181
153 121
195 414
132 52
78 446
368 67
323 233
340 215
112 273
109 393
17 45
438 88
288 374
53 189
298 415
276 271
76 335
356 88
258 427
197 368
242 340
210 88
214 182
307 315
98 316
427 167
194 393
254 205
98 342
273 377
64 195
255 246
219 393
408 217
181 61
398 408
193 204
324 397
234 352
432 342
339 392
437 73
205 227
141 154
21 28
25 115
338 28
229 219
73 352
369 324
288 298
259 223
9 141
86 153
193 290
57 137
133 342
12 299
334 233
198 305
153 64
125 142
298 9
425 214
329 317
56 246
94 368
334 112
197 141
55 201
234 290
264 423
446 362
114 134
408 2
21 352
66 311
327 180
197 241
181 86
108 64
203 51
132 26
346 60
204 393
162 85
214 280
420 239
99 2
331 50
408 419
78 289
29 249
332 377
220 76
197 274
304 231
402 6
39 32
197 20
421 335
55 182
393 7
173 356
433 415
142 421
205 352
221 341
131 103
338 363
10 254
305 295
246 441
246 318
96 73
441 318
234 239
10 420
179 137
320 272
82 395
187 219
403 87
307 394
198 89
83 7
446 350
39 131
129 349
427 279
142 293
70 93
322 134
102 100
73 373
393 341
408 206
51 164
315 293
350 78
82 5
255 201
142 217
365 22
419 230
9 255
327 269
73 251
195 384
11 26
168 204
415 358
178 48
64 69
379 364
95 154
424 333
76 30
197 328
5 427
214 216
51 68
406 32
337 402
153 219
114 21
369 231
387 397
406 235
134 28
1 409
28 180
55 179
280 334
362 45
85 279
82 271
22 218
393 451
290 231
52 267
134 176
78 181
260 124
56 159
153 227
185 82
360 240
68 162
420 356
135 45
190 77
259 78
408 219
85 96
393 292
257 255
197 188
175 420
150 289
163 137
280 216
356 93
94 323
323 342
325 80
49 244
267 322
434 182
402 113
187 419
239 403
79 301
257 284
76 222
257 8
257 358
60 224
98 60
176 403
254 82
39 219
135 406
170 50
116 423
220 319
88 384
324 439
266 56
269 239
83 414
210 384
52 420
307 289
117 415
85 252
21 324
438 320
266 357
423 268
383 284
26 324
205 231
220 25
205 445
117 315
85 445
257 225
181 202
393 337
402 77
159 412
383 335
56 112
78 423
254 262
280 43
34 179
338 327
82 445
304 356
112 297
402 83
351 283
78 175
79 414
254 149
306 119
193 150
28 239
239 88
288 355
73 126
132 240
320 48
73 393
317 199
318 12
322 26
267 289
402 159
324 205
320 118
445 327
134 82
420 103
283 203
387 150
112 374
450 22
147 266
193 384
420 175
423 48
85 207
36 334
51 320
430 246
258 268
85 420
73 202
427 283
21 153
80 325
11 311
264 391
334 137
83 254
389 188
197 169
393 32
450 392
231 227
47 153
374 199
125 48
6 414
328 215
76 179
197 29
256 319
423 180
219 56
73 213
266 165
28 227
88 290
172 356
168 290
150 103
204 264
44 41
240 150
219 147
445 270
135 205
187 202
22 25
116 239
267 439
450 248
219 64
324 393
10 26
157 50
440 188
420 150
387 61
229 240
324 212
197 434
214 421
73 360
39 301
214 25
287 438
215 179
330 197
205 7
267 50
324 21
55 280
28 219
83 150
248 236
215 20
181 393
151 178
379 162
66 293
367 424
362 32
175 5
10 239
10 437
255 298
337 195
73 437
75 268
73 103
88 26
82 2
424 117
290 397
6 175
153 322
240 131
267 202
401 181
387 32
181 83
86 204
78 397
393 204
271 207
257 409
175 138
57 43
153 341
104 122
362 193
240 414
258 159
240 83
60 36
408 56
205 64
150 402
10 305
334 36
205 402
88 15
383 341
71 246
141 255
323 137
9 377
51 134
98 412
181 268
446 79
153 422
104 316
414 73
328 340
197 343
175 264
