156 263
513 365
474 362
455 4
190 517
127 34
227 278
215 540
483 408
56 317
474 497
503 280
500 27
446 389
176 534
431 356
120 521
202 423
226 270
495 247
507 125
230 127
175 401
225 461
294 197
522 154
410 471
438 144
321 38
353 103
227 9
383 165
299 383
163 189
299 513
163 18
120 125
241 269
283 263
521 451
220 95
225 356
261 285
277 535
513 537
42 321
144 45
199 152
521 122
233 197
225 304
236 403
410 279
190 290
520 345
48 420
50 533
95 356
372 470
521 262
1 457
479 468
195 396
127 176
473 210
277 532
164 351
454 191
225 95
387 239
267 161
267 9
139 245
296 189
34 333
317 206
66 314
278 535
523 334
504 164
134 233
1 217
372 105
197 457
30 418
299 51
132 31
163 217
282 261
504 47
6 217
255 9
346 518
357 317
439 402
176 502
15 232
217 413
154 192
399 59
56 411
176 191
191 207
322 342
101 72
9 504
529 381
193 207
191 354
211 299
417 28
280 279
84 299
200 327
179 218
358 471
523 143
278 348
17 197
102 398
520 457
23 247
287 45
199 487
220 345
359 403
70 465
521 189
357 454
150 319
345 280
413 55
13 274
304 357
317 225
342 418
229 219
288 339
168 425
100 372
205 394
484 152
239 108
306 454
100 197
277 207
386 437
180 262
537 308
217 299
274 444
361 225
137 143
502 207
434 516
326 339
199 265
63 450
535 387
357 520
32 263
333 193
280 144
44 521
411 389
425 262
95 450
156 351
263 45
313 274
8 383
532 119
306 197
23 191
278 197
359 174
411 263
383 4
410 263
127 495
225 85
465 396
313 351
225 86
523 413
387 389
245 51
242 34
133 278
446 392
106 191
302 535
365 356
521 509
401 310
119 303
389 498
98 437
450 437
276 21
253 351
211 533
163 253
241 193
125 31
163 34
7 285
176 457
184 435
224 322
193 488
230 489
461 263
333 279
15 366
308 530
127 267
534 402
425 506
242 104
225 387
342 480
268 239
102 380
241 176
276 217
111 466
267 367
365 537
145 343
506 24
440 314
119 532
451 47
261 353
197 512
411 497
503 59
189 263
220 414
530 39
76 490
478 348
524 315
401 489
542 129
263 146
389 482
509 327
502 67
296 213
313 279
114 188
201 197
122 18
20 256
296 197
22 28
305 197
253 327
147 127
343 290
167 389
368 333
28 457
268 292
13 314
411 2
422 22
444 389
96 180
200 241
263 133
454 86
268 437
200 495
304 216
30 190
35 9
197 66
294 173
443 165
280 274
308 144
487 321
303 46
338 225
296 413
338 275
324 450
521 523
163 122
91 520
311 367
535 308
200 451
351 521
62 437
47 18
202 27
526 60
471 457
520 467
340 205
127 41
530 314
505 455
320 530
438 279
299 21
219 15
311 247
41 451
13 399
415 109
336 73
147 532
13 217
121 197
191 13
274 239
144 156
69 315
70 403
419 471
380 365
147 176
207 362
200 228
145 523
529 535
125 153
299 497
283 339
21 274
356 505
467 45
32 535
230 269
408 434
299 422
530 387
520 339
299 179
535 134
344 62
127 439
232 299
119 8
175 127
391 435
411 279
333 372
155 535
345 256
397 371
127 327
105 228
442 43
233 259
495 191
400 354
333 345
144 354
503 275
443 521
523 266
283 520
100 269
308 169
304 354
467 520
80 66
105 504
372 311
535 443
383 478
359 56
144 197
339 225
137 437
188 444
47 260
173 361
534 515
443 44
362 14
516 179
6 59
32 281
197 243
328 321
13 357
295 119
121 19
528 518
163 12
344 155
535 467
225 345
278 263
346 301
456 520
345 144
520 352
342 434
313 45
121 288
217 308
296 341
232 418
299 70
253 275
199 129
102 442
54 411
528 69
135 371
146 28
454 326
356 99
163 378
366 408
317 156
42 95
443 34
356 413
131 521
439 176
179 262
473 43
193 333
73 378
535 357
133 355
368 86
346 261
472 290
199 521
224 95
368 537
413 437
304 274
535 95
345 362
278 133
43 333
301 270
151 204
401 534
197 170
133 295
463 80
411 535
127 106
360 270
361 340
418 523
191 159
104 389
392 272
13 296
267 241
521 93
101 539
85 20
151 336
349 389
454 239
414 85
10 284
155 225
225 167
338 109
521 457
497 59
535 61
127 119
138 145
241 46
1 133
8 239
541 537
253 35
333 488
230 119
159 199
497 125
216 32
506 434
521 197
102 523
126 203
230 504
229 386
207 95
342 102
471 400
376 129
304 195
199 411
155 497
88 129
173 85
154 527
480 10
228 106
414 411
296 280
218 145
169 505
515 105
535 216
319 361
155 28
418 30
119 389
451 230
290 472
425 459
535 520
336 230
306 438
227 470
188 6
434 477
397 15
250 437
488 322
389 296
211 307
442 473
261 315
277 278
419 275
180 516
207 521
356 537
326 485
21 521
144 316
85 535
413 380
160 520
485 314
263 191
283 400
179 328
333 119
455 43
117 403
530 535
72 398
530 362
490 403
299 368
250 365
313 97
72 442
247 336
199 340
346 192
362 485
356 455
215 356
225 299
9 495
521 438
75 518
473 384
154 391
163 348
259 271
535 100
296 374
122 241
521 59
278 440
488 520
200 534
439 333
334 391
333 287
230 227
387 497
299 331
160 356
296 351
61 52
533 422
375 371
219 231
475 13
433 191
161 73
443 274
199 535
100 509
64 413
163 310
311 147
284 299
477 129
451 119
358 457
345 333
11 418
233 31
211 60
275 18
521 225
454 156
73 339
497 62
200 151
502 303
373 363
526 160
117 154
383 322
301 391
474 45
523 356
8 292
189 204
217 184
333 225
207 361
342 473
217 43
540 28
46 12
225 201
225 437
161 327
3 88
284 321
311 18
489 504
356 380
70 145
304 521
100 534
132 521
466 184
64 43
396 246
365 138
254 364
283 296
122 439
299 427
269 534
358 333
278 34
422 408
142 231
131 530
233 150
521 466
167 184
465 533
19 521
454 311
191 333
356 224
56 457
521 341
155 317
410 274
357 37
520 274
473 270
419 333
35 100
247 23
295 535
474 454
145 231
362 191
334 403
163 303
21 28
501 345
27 500
454 59
515 127
521 400
151 269
537 154
356 43
417 437
317 276
268 8
365 348
138 450
46 419
497 283
420 377
317 183
8 276
199 33
188 290
147 489
338 389
509 73
202 266
242 154
122 336
385 350
263 104
401 439
146 281
474 333
161 43
495 35
207 414
342 218
385 257
303 311
228 288
497 278
535 247
383 437
45 239
504 46
275 532
56 354
172 322
266 60
12 267
164 127
339 438
365 371
100 333
404 2
503 106
509 119
411 485
387 385
351 488
91 296
341 86
535 184
134 454
154 435
127 241
300 403
518 270
1 263
15 229
105 509
295 348
279 263
122 311
319 173
253 46
338 437
59 354
197 316
521 280
440 362
478 437
408 388
189 104
173 134
163 419
173 233
264 522
383 408
308 263
513 102
513 386
73 191
488 86
255 327
431 322
163 1
247 228
413 533
304 288
151 303
193 216
451 275
150 189
356 403
8 530
163 59
409 345
488 45
194 299
450 324
401 504
344 387
362 317
501 262
480 413
108 217
39 266
159 108
357 497
529 326
299 418
168 225
50 473
102 408
242 521
515 389
310 255
191 508
227 367
181 403
538 216
232 30
164 263
357 211
438 56
276 308
164 367
365 270
401 200
103 69
521 269
495 18
173 346
141 28
497 149
227 311
489 119
439 515
95 469
115 430
542 36
73 401
46 336
176 228
197 499
326 263
454 167
104 225
495 151
32 216
127 73
488 545
521 490
400 418
317 333
225 543
98 443
241 230
60 435
138 231
133 217
283 373
125 262
66 129
338 506
191 389
164 253
197 467
530 263
191 288
515 119
228 144
454 125
374 521
475 16
401 367
86 263
241 311
521 160
421 66
227 521
241 470
253 18
349 218
159 85
18 515
20 201
443 350
505 232
542 341
127 336
473 244
191 69
333 228
278 216
408 335
530 195
338 272
253 97
127 367
211 380
127 47
163 457
317 521
404 403
268 263
176 310
188 104
147 534
454 85
102 386
197 416
33 120
455 290
163 87
119 314
521 494
225 385
274 56
299 95
156 13
495 105
515 253
296 465
530 521
503 260
306 521
145 143
294 361
474 180
70 515
276 197
538 197
131 217
194 229
34 444
3 162
535 69
200 119
119 267
134 340
454 87
523 487
35 336
502 200
165 38
391 192
238 56
299 236
398 408
515 311
189 146
215 400
15 431
142 6
225 339
471 70
222 200
497 276
408 537
365 513
389 31
495 164
485 37
268 427
125 341
102 539
521 12
119 310
413 348
310 18
516 422
21 345
87 362
401 67
119 191
268 274
164 515
80 183
114 225
242 195
102 394
122 151
193 133
225 233
365 396
410 287
515 41
276 76
134 317
408 437
69 484
373 193
410 521
346 403
506 537
439 269
483 533
70 450
266 394
515 439
408 442
32 145
304 299
401 18
219 154
523 483
420 403
443 497
296 144
91 521
506 465
345 191
180 145
439 327
310 70
474 191
96 57
144 159
513 383
276 387
521 354
313 19
411 302
535 278
201 535
275 119
463 233
365 393
8 418
408 505
282 103
225 34
300 195
295 144
465 356
207 409
411 370
443 444
61 197
250 366
274 497
333 311
119 269
259 322
313 345
385 389
338 325
444 199
326 461
239 287
280 351
145 390
39 328
302 197
440 317
399 8
122 495
384 218
318 197
525 125
193 180
212 450
10 145
22 259
215 28
315 391
101 42
207 59
228 46
535 264
271 29
521 211
523 299
368 523
483 523
521 485
225 346
408 42
188 167
308 197
317 425
439 419
86 387
414 485
45 19
226 56
13 317
144 535
500 270
207 256
197 359
423 102
338 13
497 163
13 26
296 288
358 278
195 403
100 230
502 521
145 95
13 39
444 189
102 429
76 472
173 514
375 487
272 446
70 437
276 129
164 147
323 65
219 95
73 345
144 32
534 504
299 117
197 297
144 520
88 395
384 284
483 262
183 8
188 69
236 184
56 308
114 132
483 450
389 90
488 513
513 70
308 76
125 34
383 130
220 319
454 205
349 69
433 389
383 217
513 290
1 19
507 183
530 317
392 400
46 47
461 438
537 69
443 183
127 470
383 154
296 13
105 269
431 284
102 396
144 351
207 344
477 296
73 106
443 520
397 299
389 259
161 40
418 137
480 435
520 514
320 37
268 21
21 308
45 296
219 102
542 464
46 230
503 389
389 376
489 267
155 521
461 132
151 8
345 263
338 70
313 413
419 156
125 167
54 197
503 46
364 254
268 191
263 217
423 95
529 226
164 311
439 127
85 242
294 20
129 225
346 406
165 518
211 513
46 227
414 264
399 154
278 199
534 127
102 450
408 450
450 423
122 515
176 9
535 34
365 10
304 326
357 93
163 358
163 454
134 411
389 277
530 344
296 182
425 523
411 56
263 296
299 284
400 144
513 262
85 501
109 320
345 21
66 109
144 339
467 59
443 149
228 374
521 263
521 504
311 336
523 434
88 389
497 228
207 120
480 450
443 263
224 72
489 495
467 129
361 389
225 56
87 357
168 368
365 224
69 24
408 465
504 176
120 234
274 97
207 274
13 97
33 501
70 84
145 505
124 10
189 276
127 191
30 445
421 333
105 193
380 95
423 301
317 288
122 467
319 281
542 109
224 214
114 438
406 282
134 93
86 8
14 530
279 19
469 420
446 521
408 202
503 45
193 46
23 303
411 242
10 437
85 134
405 197
333 247
18 451
305 373
444 535
451 439
41 40
273 185
32 6
159 144
303 310
222 451
229 322
468 519
104 8
13 458
121 106
518 26
454 537
319 521
527 64
389 79
520 6
499 517
534 222
521 395
450 240
207 98
208 394
163 255
521 224
34 520
440 400
497 220
227 255
266 184
193 467
276 8
125 411
59 197
102 473
268 262
86 239
145 411
122 164
43 95
122 489
439 230
18 175
280 59
349 344
102 271
86 520
430 101
18 247
314 399
317 104
513 154
19 59
198 521
173 345
455 244
506 95
227 18
193 402
393 39
163 400
59 87
423 473
299 411
491 338
443 217
501 317
316 195
393 365
362 538
338 216
13 352
86 36
454 214
442 244
295 97
159 314
503 189
288 56
355 225
478 95
147 351
120 317
230 43
9 176
244 473
41 200
219 99
464 441
47 247
313 497
104 85
515 504
226 339
288 521
189 21
400 437
119 470
62 146
497 182
272 542
198 279
521 199
535 488
445 394
504 73
122 35
252 65
274 1
460 32
217 189
163 274
326 125
451 67
144 384
306 104
47 419
515 47
255 35
108 28
440 70
358 515
95 184
100 378
473 394
8 145
241 247
474 355
57 205
114 281
345 39
163 317
508 457
224 299
35 18
358 316
15 454
308 384
239 156
70 121
73 372
253 228
345 316
101 371
311 227
18 228
454 520
168 339
28 189
129 220
408 244
114 399
408 212
244 60
373 542
389 429
95 99
105 197
179 533
155 399
520 279
389 537
127 502
261 69
32 276
304 333
351 59
255 521
372 327
217 288
461 339
144 134
274 44
76 333
56 71
227 147
53 403
164 495
104 274
13 502
35 263
296 272
18 161
532 9
179 413
163 119
294 207
438 21
221 457
168 341
274 6
518 435
351 535
183 197
131 381
166 144
399 13
13 185
317 280
121 488
50 72
436 258
296 317
454 539
105 191
372 333
155 85
88 392
189 217
398 366
21 299
521 220
338 535
263 189
488 474
215 207
521 304
219 264
521 95
253 367
41 241
164 46
47 161
389 166
455 130
321 450
363 57
263 354
241 73
242 188
504 470
515 106
145 371
516 334
366 343
368 60
504 230
44 443
65 462
199 125
532 47
230 502
228 454
204 386
103 184
47 310
467 122
425 36
254 4
438 497
509 504
207 290
55 499
411 28
365 197
481 483
211 391
195 475
279 316
230 176
64 124
24 391
333 144
228 253
234 199
503 504
225 352
372 532
13 320
542 197
383 224
69 118
269 176
7 406
359 109
18 67
521 474
521 362
451 147
362 144
269 122
86 141
442 284
442 408
188 485
164 122
345 6
118 75
384 290
487 408
361 294
488 308
199 207
278 345
193 399
46 521
502 351
165 154
217 357
130 224
183 233
463 525
59 1
161 470
12 241
95 203
454 501
35 175
101 124
389 434
294 497
101 244
72 99
362 197
50 394
179 380
133 59
207 218
423 505
365 231
281 114
59 497
454 371
482 65
399 279
521 267
262 43
117 334
523 455
259 333
239 389
160 271
287 333
250 299
368 214
408 380
489 532
233 490
374 73
217 339
438 263
224 366
201 27
389 335
165 381
339 333
66 418
303 230
444 21
413 284
197 538
232 380
138 75
477 99
172 28
319 389
163 180
215 66
310 73
515 230
226 521
339 263
377 154
361 480
503 34
375 138
147 439
73 367
56 357
333 163
131 299
47 372
191 542
28 154
493 433
96 299
225 340
336 311
515 100
488 36
465 130
56 288
154 377
400 263
59 217
362 198
501 216
355 239
13 211
51 64
73 509
21 375
295 263
422 262
401 40
399 314
422 102
255 127
189 357
145 96
418 218
128 64
1 351
277 8
451 151
480 516
303 23
418 434
520 114
263 43
317 134
454 263
176 46
114 274
396 210
515 333
467 280
408 457
119 40
411 443
10 219
163 504
144 474
168 60
191 225
471 279
389 110
151 402
443 314
534 509
425 384
520 193
317 304
102 430
197 535
540 62
95 442
24 192
155 93
501 189
411 146
521 299
523 244
283 225
530 243
373 497
294 233
46 100
361 150
198 316
483 435
530 174
504 100
488 351
520 59
9 197
156 1
361 36
474 467
86 197
34 225
521 317
439 119
373 516
535 229
78 126
411 427
488 280
442 523
227 230
419 176
42 290
530 454
163 316
521 151
230 41
211 170
365 435
102 434
345 59
207 502
207 138
223 521
242 114
163 127
455 10
509 333
280 410
69 371
1 521
319 197
126 521
176 227
208 202
342 442
63 411
259 541
69 453
21 304
193 164
217 1
267 521
230 217
215 299
176 122
383 332
134 389
32 520
417 197
200 470
299 219
538 225
45 59
399 440
102 397
146 86
223 403
390 299
20 150
419 534
411 149
504 495
151 345
165 181
515 227
39 244
56 66
102 290
326 8
131 414
380 69
228 296
495 46
299 250
141 225
401 12
523 250
520 170
516 96
385 317
200 46
535 333
495 451
105 367
444 159
254 290
56 197
225 503
266 325
399 302
401 46
408 480
134 513
534 253
201 361
144 34
299 224
276 195
160 290
42 394
127 402
9 127
474 280
275 247
134 104
413 244
409 511
20 521
355 333
422 523
380 102
122 303
489 255
479 433
339 86
306 8
419 200
256 207
86 189
304 458
389 539
408 435
342 394
513 60
277 355
56 184
521 156
167 339
241 100
188 189
359 530
123 182
117 494
295 351
6 389
361 173
488 333
85 114
454 283
310 161
73 161
502 193
59 207
240 262
244 481
159 528
310 253
188 497
145 262
495 207
439 504
184 75
241 310
216 129
296 314
125 389
207 520
417 308
326 268
222 489
333 354
376 466
434 299
128 494
95 64
445 30
361 449
145 384
513 533
108 125
499 520
389 397
133 521
310 119
516 30
176 515
444 263
161 345
338 530
274 333
6 181
6 197
133 274
504 310
294 155
418 408
261 472
217 87
108 387
502 457
357 374
189 125
163 267
483 244
373 283
499 332
495 263
61 345
146 454
321 473
18 327
108 195
86 411
211 190
530 59
468 13
525 466
41 372
512 391
105 515
156 419
356 244
32 167
530 528
299 59
217 279
155 114
176 372
220 262
59 520
43 270
438 326
534 40
521 121
101 366
503 354
518 391
12 367
119 151
108 149
535 56
365 411
383 523
389 168
521 487
179 138
268 145
304 345
98 418
156 313
156 471
1 339
13 515
362 280
343 450
73 176
13 373
333 399
299 348
387 535
474 295
308 461
60 42
336 333
13 263
438 389
339 461
56 468
290 95
163 105
147 504
471 144
278 313
9 228
100 241
211 244
387 183
37 223
145 437
300 38
296 262
164 504
497 443
520 62
56 6
409 326
278 204
317 167
199 497
267 311
422 473
295 521
296 97
299 403
474 198
520 182
468 191
308 276
520 91
188 195
535 411
357 399
283 389
193 535
276 490
359 191
387 8
181 490
434 322
21 390
372 193
489 41
211 408
326 116
95 70
275 191
539 347
279 133
102 322
353 518
148 56
150 233
145 375
150 220
454 60
423 202
399 104
355 488
365 384
197 191
405 535
47 46
484 290
154 24
399 400
419 354
70 516
104 497
344 339
521 109
315 181
91 457
521 272
253 333
302 103
283 457
167 521
122 367
533 95
163 439
163 372
359 129
130 386
190 371
394 95
240 480
306 263
389 411
485 184
125 339
287 354
56 144
419 133
520 132
130 450
290 26
513 299
423 403
42 39
228 389
211 523
146 501
220 207
299 262
8 511
499 143
188 129
119 67
420 24
171 531
400 345
172 411
151 495
87 288
46 40
296 526
311 372
28 399
197 248
419 355
363 30
299 516
333 295
542 17
501 497
144 326
13 389
390 383
145 290
280 474
18 41
418 334
317 440
455 450
475 493
304 45
521 520
226 461
311 260
346 152
56 304
480 138
461 225
497 399
523 442
225 69
487 494
183 69
239 358
22 418
266 39
521 233
336 351
455 211
530 538
535 6
487 523
383 356
357 204
401 41
224 523
43 60
454 306
454 530
520 143
263 474
419 122
515 316
520 22
132 462
495 419
227 532
399 225
363 190
534 327
289 518
450 24
261 7
26 371
503 18
425 361
495 310
456 223
226 59
541 437
188 114
310 122
13 542
442 210
538 535
276 344
383 38
294 146
425 296
389 15
520 370
126 290
523 232
197 178
147 374
440 66
418 516
410 314
27 202
179 418
144 411
400 121
230 310
412 225
199 7
73 488
122 119
501 62
344 95
372 228
228 521
85 173
414 144
263 97
313 191
223 475
163 305
338 403
228 354
59 389
533 321
535 295
503 122
276 317
263 56
288 87
69 185
401 372
521 34
245 64
383 375
1 515
442 368
18 164
73 521
85 6
151 515
326 115
438 199
156 467
521 43
495 333
515 534
222 419
532 310
189 281
310 489
532 402
473 371
483 386
59 280
410 520
529 154
127 263
534 333
73 197
162 143
454 384
13 325
268 356
499 395
521 333
193 303
255 227
534 67
56 359
408 299
484 346
233 262
383 348
333 304
12 122
165 435
425 545
308 465
197 412
164 534
27 423
188 389
438 191
121 217
359 433
340 69
95 4
419 230
537 393
104 505
485 8
155 262
275 263
275 230
391 403
62 340
338 521
164 70
278 497
259 457
151 532
155 6
250 224
42 418
279 45
521 221
173 414
161 497
234 146
176 40
191 438
539 371
311 255
410 373
279 438
413 423
370 217
108 314
418 423
489 303
195 371
242 199
399 362
454 278
217 59
207 327
521 538
225 460
343 262
308 69
105 230
145 63
452 154
263 28
345 520
505 473
224 240
230 495
163 357
299 307
241 41
163 222
515 67
515 373
122 222
411 21
375 386
365 179
6 56
193 200
161 35
253 119
242 125
211 457
46 451
124 64
356 418
384 371
390 375
189 443
161 100
226 530
161 12
247 127
343 437
114 104
305 278
361 20
334 181
339 125
13 538
269 267
410 313
521 308
188 184
359 521
465 218
504 122
315 406
311 275
401 151
199 139
278 87
108 263
180 375
345 292
324 434
198 30
511 232
275 228
60 244
175 333
197 36
296 22
200 161
411 63
95 437
145 180
220 20
512 332
321 290
245 289
222 119
357 59
296 418
147 521
487 437
47 303
225 104
85 520
175 311
39 380
230 18
230 509
521 488
8 357
6 225
241 197
279 354
256 95
413 356
282 7
162 88
467 191
520 168
483 513
383 69
438 114
473 95
489 503
221 520
145 517
412 535
396 284
336 515
161 34
479 26
317 97
371 377
287 274
137 145
311 253
247 164
104 521
400 207
161 535
45 156
310 40
101 39
69 406
233 323
46 176
532 40
308 296
521 30
432 386
199 95
269 311
344 239
116 210
184 203
532 327
336 147
339 191
278 317
355 296
317 233
389 430
25 505
451 9
293 371
211 436
321 328
333 56
389 488
222 46
504 509
509 310
336 46
240 455
535 294
467 189
311 495
45 313
310 470
131 389
28 485
18 105
451 260
225 281
256 340
454 202
108 132
280 400
13 109
478 473
239 193
535 19
197 37
279 69
520 535
34 165
474 43
368 356
13 288
503 489
528 453
197 56
164 35
383 411
241 503
456 392
419 327
279 528
163 228
425 505
133 515
497 97
317 387
34 85
18 193
336 122
18 119
207 308
21 225
104 317
104 195
72 430
164 295
144 278
267 439
146 182
39 365
253 336
419 263
188 326
506 321
221 325
454 500
229 516
164 73
302 6
520 271
228 367
173 520
336 372
191 365
505 384
368 539
346 356
279 59
127 260
414 131
480 366
95 365
475 195
520 296
163 207
414 154
13 491
230 151
72 366
509 515
393 403
117 391
46 35
163 67
384 394
102 145
528 48
22 421
389 317
43 422
