311 202
445 356
33 129
316 257
282 143
271 113
179 328
135 223
205 73
424 408
324 82
210 322
419 77
334 215
208 278
82 24
402 338
204 352
324 279
52 45
443 33
234 28
408 2
108 397
338 438
290 311
298 358
356 39
85 376
254 337
295 313
134 268
420 167
95 197
18 324
273 189
231 451
366 14
10 21
197 218
323 340
326 355
423 192
97 188
280 355
205 239
330 221
175 327
91 303
203 393
257 56
67 434
52 384
280 317
303 188
138 397
10 204
197 293
273 335
132 86
192 147
424 12
178 151
161 257
240 52
420 205
197 139
142 315
204 10
258 50
