273 280
194 393
273 8
327 269
270 239
278 260
298 56
197 166
114 324
85 206
406 259
214 137
406 363
78 198
203 176
205 392
5 116
21 369
3 305
260 124
11 446
420 254
303 374
214 201
356 337
39 392
215 260
191 111
280 43
248 122
219 197
14 60
356 270
193 304
214 199
295 339
55 299
55 157
20 299
142 408
402 271
295 89
216 143
257 122
324 301
195 427
204 223
405 8
387 324
98 246
190 118
181 85
143 371
219 402
150 194
193 172
257 2
94 434
253 1
268 246
83 295
26 267
60 323
427 239
197 447
114 352
376 246
104 166
153 45
38 142
112 374
79 152
268 48
9 253
356 15
187 219
304 240
350 205
282 389
393 229
383 341
82 87
135 384
322 194
264 254
52 446
197 241
340 124
328 188
450 141
178 315
163 288
22 112
205 406
79 26
82 388
10 7
175 324
420 81
246 280
440 188
129 380
114 341
106 320
333 137
438 73
33 129
444 280
358 415
188 407
141 342
30 358
257 358
11 391
449 421
276 207
78 175
164 317
26 391
210 393
197 275
197 361
10 438
254 338
315 165
175 82
393 83
127 427
221 222
196 118
350 378
402 254
97 124
346 201
349 94
360 339
197 124
82 212
307 363
205 150
378 397
254 292
366 50
181 264
446 387
316 61
82 85
383 284
234 150
85 414
214 421
239 82
432 119
162 212
132 26
89 431
163 137
134 109
131 311
279 193
85 420
430 246
47 233
73 231
26 21
73 202
216 8
446 290
301 131
240 52
197 165
175 131
257 255
73 451
380 33
231 7
290 322
392 305
99 356
5 153
362 240
305 339
356 324
356 350
195 26
259 26
301 239
1 48
175 347
14 334
175 108
178 407
231 378
338 304
112 260
301 7
389 374
333 60
39 7
323 14
328 334
79 397
52 402
273 412
150 21
193 384
83 313
157 251
290 338
280 342
151 178
197 188
423 83
377 335
10 81
73 290
393 213
121 39
11 26
420 150
338 311
261 43
255 141
28 258
142 9
402 83
77 318
52 356
56 408
134 352
175 195
56 61
257 12
181 70
10 173
219 396
360 407
68 87
355 249
56 230
200 285
290 406
95 266
10 373
121 153
301 83
10 401
37 49
205 327
122 142
356 126
142 165
9 341
304 26
73 240
221 208
146 246
106 101
56 197
9 167
114 402
11 231
6 414
10 39
134 376
60 155
144 242
446 205
178 48
287 82
39 96
438 324
423 311
239 205
82 268
427 313
350 406
271 292
99 177
197 335
112 9
10 239
358 316
9 266
408 398
181 168
240 427
190 154
371 299
135 267
231 204
82 229
214 188
122 335
301 156
88 393
438 233
268 190
77 358
204 254
370 421
205 153
267 318
348 326
420 239
424 337
57 242
283 134
333 288
197 29
304 7
210 239
423 424
450 248
288 8
77 285
226 335
135 32
258 427
78 392
94 390
178 408
219 246
290 103
324 397
231 419
354 416
195 83
408 217
420 219
280 335
88 420
162 376
258 64
392 89
254 149
273 189
190 1
445 64
214 50
26 446
197 416
297 112
264 341
62 256
316 313
214 407
257 317
189 8
326 124
444 201
6 324
402 10
323 233
205 223
234 292
179 137
424 273
253 331
290 88
394 403
358 137
356 11
134 327
25 112
273 188
394 176
304 290
20 50
315 104
197 355
153 289
402 363
168 397
83 152
424 402
53 69
267 231
264 358
316 142
22 179
381 51
320 50
26 168
88 231
85 189
64 103
214 112
423 262
82 185
104 48
83 195
185 204
327 114
410 426
175 150
423 337
347 324
48 257
239 287
78 446
134 21
52 227
320 118
246 318
203 346
181 350
57 43
85 35
232 407
258 384
134 388
21 210
402 327
134 32
338 6
97 182
270 86
66 356
116 85
82 311
197 255
39 198
324 3
47 153
368 14
83 393
147 316
402 304
214 144
197 9
240 363
324 240
204 264
360 89
95 200
247 201
150 362
197 62
420 223
400 64
85 176
335 154
279 205
112 280
231 210
99 146
402 400
306 432
51 68
405 69
51 329
327 150
205 271
328 179
267 88
323 342
256 319
303 188
338 290
76 299
219 422
322 289
9 179
264 219
142 104
85 99
153 150
393 289
197 282
356 292
82 247
134 68
291 77
256 341
254 68
162 227
132 138
240 304
60 216
254 308
197 178
85 290
144 57
446 397
19 424
201 112
381 92
357 315
267 397
73 15
287 438
304 52
175 88
159 247
73 229
134 88
317 335
197 221
279 73
204 356
131 73
85 185
76 112
239 414
112 297
408 436
264 121
405 159
181 213
324 47
115 69
434 349
356 393
82 322
315 371
82 239
324 68
102 320
48 341
316 284
197 449
158 246
154 50
402 324
338 420
30 313
241 154
229 363
197 332
205 391
82 364
86 420
12 112
134 213
14 8
241 297
260 154
142 154
334 112
131 254
10 88
205 88
78 193
303 137
449 14
267 159
181 227
231 202
324 289
383 61
22 201
356 397
339 424
10 420
39 131
52 45
298 48
233 50
176 427
166 315
77 441
153 422
315 342
410 185
72 77
327 82
450 60
195 423
337 439
141 273
445 239
83 301
320 342
334 342
83 11
295 360
138 397
176 114
92 320
417 299
217 142
204 337
338 131
387 61
3 152
203 159
39 205
220 215
323 368
438 10
39 83
195 402
131 153
190 408
231 82
86 132
270 150
204 338
408 8
112 60
198 295
195 15
438 223
197 146
322 290
446 181
134 271
339 360
312 374
378 387
73 424
390 323
267 32
419 313
86 231
420 205
73 384
424 125
39 304
203 114
414 397
406 378
315 115
302 257
131 393
239 10
205 378
197 57
121 99
229 99
420 352
408 48
175 134
393 427
54 53
51 376
355 124
254 78
181 205
323 434
262 35
430 50
415 284
193 39
220 124
10 445
195 7
315 273
47 138
203 271
271 176
204 352
21 73
125 50
423 230
56 341
85 268
229 205
427 311
327 438
10 307
278 208
319 211
83 397
85 341
48 9
424 219
231 73
55 272
438 397
255 112
254 89
142 341
66 341
98 315
340 299
450 50
197 46
85 68
83 290
419 187
350 150
340 188
327 171
445 2
52 439
446 135
257 278
82 121
197 161
257 101
275 219
52 103
254 73
204 384
264 227
56 285
177 35
406 393
64 231
425 214
88 39
9 125
144 157
402 227
82 393
257 315
256 25
82 356
73 446
47 304
288 154
368 67
267 135
424 266
257 219
267 195
387 103
393 82
358 424
214 178
424 241
64 397
299 214
210 363
264 181
387 193
240 337
181 93
257 215
315 255
75 321
4 88
198 305
85 350
283 114
264 259
362 103
402 28
345 53
196 329
270 73
204 82
340 334
369 384
28 402
181 317
423 235
279 373
161 124
112 272
71 246
219 112
220 261
279 32
450 257
376 85
216 280
132 397
403 307
178 214
187 257
259 406
357 230
221 112
327 210
181 427
153 5
239 240
39 150
195 414
66 28
340 50
149 50
79 88
257 416
219 8
152 305
446 338
328 144
450 14
135 322
78 402
10 135
85 373
48 165
414 103
179 157
268 77
238 388
214 374
258 290
158 19
36 412
356 39
113 189
326 50
322 64
104 255
338 85
73 213
197 91
264 45
163 25
379 162
6 153
52 338
181 187
73 6
76 342
21 338
77 136
190 346
246 112
254 45
270 446
117 158
324 103
369 338
134 268
73 259
356 50
9 145
77 292
239 327
273 9
185 86
51 236
73 26
181 301
424 339
185 138
76 416
76 9
85 403
4 292
135 229
393 397
433 44
48 408
256 50
257 8
178 33
194 204
324 138
79 195
88 223
153 401
52 138
14 188
239 7
47 393
356 307
231 356
19 158
345 51
194 254
150 439
150 205
254 363
147 104
82 238
347 88
257 167
233 260
143 14
64 168
346 154
114 227
394 254
150 363
48 331
394 283
150 397
21 45
150 45
52 233
258 439
356 157
51 53
170 218
320 44
423 439
138 324
240 347
55 179
370 249
419 77
4 439
179 215
205 79
298 315
348 355
135 378
245 219
197 359
91 303
82 88
201 412
282 371
190 233
56 50
219 64
219 267
197 399
427 384
153 127
271 394
214 306
254 194
197 182
28 427
204 397
125 298
326 249
320 202
216 412
350 311
348 248
324 64
214 342
264 423
86 103
254 10
203 283
278 50
324 327
185 327
362 324
219 315
104 219
10 82
356 219
219 200
271 283
387 356
254 231
304 193
205 138
98 179
185 202
204 193
33 434
150 135
257 19
219 257
205 445
85 116
83 61
197 43
112 333
254 156
78 423
131 11
321 190
280 260
162 292
134 103
85 109
82 231
66 82
112 137
304 356
6 26
329 164
369 194
408 246
30 341
19 358
127 87
240 32
175 5
317 154
33 349
94 33
22 124
116 239
134 246
427 64
104 298
64 424
82 228
423 227
204 32
210 24
204 307
197 434
168 73
121 410
231 400
22 412
56 77
424 163
30 318
290 73
239 52
149 295
338 86
6 254
46 288
420 393
153 86
26 204
153 384
438 384
31 117
291 56
92 381
380 94
57 342
270 397
9 19
173 356
356 181
256 380
219 142
200 69
88 26
86 64
139 319
203 394
317 346
98 155
47 397
339 3
197 452
205 396
402 418
240 324
10 6
189 260
10 289
98 342
240 307
402 187
313 341
267 157
112 157
175 362
317 320
393 231
322 414
246 159
234 356
203 51
173 45
197 302
153 245
311 272
204 11
177 61
327 86
82 205
73 85
185 426
83 15
153 264
176 394
185 180
21 290
225 326
233 188
254 181
147 142
8 246
79 135
402 153
11 194
154 8
85 338
195 347
268 436
134 233
324 205
214 280
268 321
362 446
402 15
240 131
402 17
287 204
362 135
1 315
254 322
424 358
217 246
175 10
324 219
168 324
82 382
114 311
150 109
419 316
82 79
205 47
197 409
317 233
154 167
257 377
205 401
290 272
267 213
82 28
78 135
177 257
280 444
393 7
56 450
232 125
185 227
325 80
10 384
134 397
241 315
21 110
260 179
194 240
338 307
205 301
293 157
82 210
3 358
82 105
142 56
279 295
179 233
166 104
205 290
406 39
67 368
52 32
99 436
85 279
114 233
427 352
258 85
449 57
318 251
214 182
147 341
257 35
83 360
234 204
311 233
152 360
98 14
114 88
146 257
327 64
85 110
371 91
193 420
290 50
177 284
348 249
214 260
403 85
231 327
39 103
21 427
154 112
315 124
423 73
197 139
374 342
56 112
273 154
239 402
338 194
52 290
307 384
402 352
39 287
365 330
239 134
221 247
153 262
26 114
197 30
430 255
83 356
362 229
114 87
377 154
327 324
361 335
423 254
88 402
383 315
102 106
356 79
393 384
327 320
99 318
132 267
195 175
226 263
204 116
402 350
39 219
197 340
450 341
133 273
257 44
40 219
427 173
176 271
168 283
257 434
270 290
356 327
424 407
356 422
131 324
221 137
141 255
64 195
21 32
268 407
403 203
49 37
257 50
142 293
216 36
198 313
22 137
98 215
86 427
328 50
178 255
98 341
264 73
83 126
197 315
252 379
278 77
19 313
48 298
251 201
387 9
266 9
114 10
356 437
424 187
242 273
255 331
53 50
71 320
194 322
315 154
64 407
327 439
112 165
402 257
72 358
370 50
11 6
429 335
307 219
288 272
78 45
201 60
427 73
239 347
406 223
254 446
134 240
204 185
402 50
368 293
367 61
185 247
74 68
434 380
389 143
324 118
258 205
86 327
427 438
56 30
83 427
197 55
85 205
168 176
197 284
270 438
271 51
264 204
427 114
346 69
153 239
143 303
197 169
28 363
106 71
52 267
356 153
83 327
185 268
210 290
214 20
193 289
387 259
410 415
173 267
135 397
267 384
240 109
116 205
295 305
408 141
327 247
322 227
240 378
155 260
127 311
282 143
116 397
197 160
162 117
377 124
401 181
197 330
219 264
197 260
295 393
378 254
152 373
205 185
295 431
99 393
197 328
420 441
154 335
430 232
39 393
234 324
200 318
287 384
240 83
82 136
197 246
98 112
98 55
197 67
82 386
135 290
379 276
22 342
95 166
39 85
239 32
424 153
408 142
219 177
51 426
197 125
257 441
311 69
188 412
221 273
356 352
10 64
181 392
135 313
259 32
138 289
356 78
29 124
121 322
39 279
197 60
393 223
408 297
82 384
214 412
234 438
279 324
151 424
76 216
197 280
28 219
360 152
358 165
78 39
311 229
82 106
240 168
10 204
60 8
85 153
316 104
216 434
85 239
445 327
76 220
78 448
22 389
205 369
362 378
8 273
153 219
39 339
79 156
322 324
25 215
231 227
427 419
264 387
370 154
275 157
108 324
36 50
193 356
403 394
324 108
1 141
150 32
254 347
197 77
393 254
267 99
64 153
330 221
214 43
358 77
417 315
273 112
197 442
197 348
205 322
267 45
178 60
345 237
98 280
142 48
231 6
181 406
323 50
231 134
402 397
374 260
82 244
122 260
340 273
22 374
142 257
260 14
362 397
408 235
241 257
172 193
255 60
281 209
205 270
369 88
276 134
288 137
76 8
303 143
205 64
324 414
85 26
441 273
290 177
303 201
387 78
260 36
114 103
55 280
257 76
78 205
122 201
307 403
214 60
210 341
198 3
193 135
205 397
390 33
234 73
387 341
357 217
267 205
259 223
48 293
153 400
86 28
98 412
26 88
48 273
432 137
135 373
253 112
75 190
322 134
134 322
290 21
304 378
333 415
125 142
134 10
349 413
98 178
10 205
82 290
138 23
358 357
254 239
427 78
350 347
324 352
181 393
401 153
152 1
239 451
168 394
290 304
73 341
350 362
234 88
221 278
301 181
427 324
153 205
424 257
82 162
10 26
322 181
240 64
221 272
91 179
290 387
267 324
8 334
279 39
116 103
322 26
402 114
219 9
305 89
259 290
73 324
427 360
315 246
192 424
78 295
356 171
153 324
208 137
28 213
114 356
322 205
279 149
360 240
408 154
261 328
104 441
64 384
252 134
85 6
446 425
43 242
88 83
326 225
231 384
239 153
68 212
268 230
267 86
229 11
427 10
324 73
78 227
369 21
258 268
424 104
197 137
8 60
205 121
240 96
177 315
144 328
420 231
6 157
257 30
376 159
240 79
402 150
420 134
324 85
66 180
12 35
288 143
9 50
239 338
64 402
86 181
82 392
214 215
54 345
1 23
219 141
290 205
85 210
324 234
233 112
317 8
185 88
349 129
47 384
37 184
450 311
427 402
239 175
350 446
209 286
214 361
298 199
59 353
175 363
231 239
320 69
273 246
132 307
440 112
185 21
82 376
58 76
96 39
96 397
402 437
259 322
222 334
210 327
369 240
10 267
39 415
205 231
57 50
11 402
76 214
197 294
60 143
304 11
34 12
270 24
82 59
48 441
406 78
171 335
304 259
114 394
239 254
185 324
317 412
414 437
104 257
408 315
323 94
135 239
441 266
85 381
383 200
337 384
408 424
219 61
387 32
82 271
389 246
39 227
28 356
350 135
324 339
290 116
191 271
181 245
135 223
358 25
95 154
197 128
367 273
258 21
190 246
201 273
376 162
231 420
338 341
240 173
181 135
195 363
278 412
220 256
197 211
324 420
48 266
176 307
116 82
34 340
432 328
414 73
387 420
204 210
39 21
216 112
147 192
362 347
104 341
73 78
393 304
290 86
337 393
129 33
85 327
178 331
315 2
280 202
82 63
233 189
257 142
231 290
421 335
73 419
9 48
402 99
197 98
392 424
125 9
273 201
356 290
21 439
231 81
57 328
253 255
190 320
214 115
187 44
82 32
66 311
175 103
210 83
423 77
55 424
46 60
423 192
257 293
234 205
356 32
406 415
450 230
328 124
5 393
129 214
11 384
338 11
204 87
214 125
204 227
266 217
71 106
99 402
231 131
376 403
356 441
320 272
253 14
219 304
139 399
108 32
131 126
256 220
64 420
254 394
427 292
446 165
21 150
327 318
179 340
94 368
239 83
427 83
231 194
271 207
205 259
154 188
26 240
24 419
430 25
78 387
420 397
327 445
176 168
179 407
420 153
240 15
257 346
266 341
423 367
338 150
266 157
60 112
138 392
376 82
303 112
96 229
197 120
402 78
378 223
205 78
414 83
361 215
320 115
408 206
422 341
345 35
193 240
254 403
257 165
203 379
22 8
340 214
288 50
197 147
334 188
258 86
393 39
334 36
155 60
312 434
206 268
370 260
324 6
79 205
52 239
150 83
52 384
82 363
445 136
131 52
358 317
197 368
204 78
402 406
134 267
402 346
64 61
197 366
39 181
122 60
393 295
226 246
304 78
408 419
374 55
135 86
85 77
231 451
108 175
216 355
30 1
166 257
267 116
295 313
22 154
374 199
56 313
88 204
157 112
420 64
374 60
259 240
181 304
204 114
356 414
427 341
273 260
159 412
26 150
214 69
9 320
320 246
39 254
210 88
427 356
197 25
173 402
316 235
427 181
231 324
328 215
420 356
259 387
114 73
369 81
205 10
149 89
231 175
315 335
441 50
82 314
271 227
93 70
114 204
3 436
99 121
39 3
197 122
79 308
95 233
317 247
247 50
19 117
348 225
408 104
142 8
257 262
82 227
267 26
48 246
350 393
99 230
82 49
51 212
315 266
112 69
254 267
406 227
143 334
20 215
254 301
234 39
398 313
231 11
134 393
402 414
173 254
193 103
290 439
195 324
369 109
104 30
264 240
51 379
257 77
350 356
48 142
340 218
145 141
304 205
340 144
98 335
197 412
408 272
242 137
165 157
150 6
112 320
257 117
203 311
255 266
257 161
57 340
340 112
231 52
267 50
60 421
219 205
152 89
408 2
85 32
257 143
254 307
324 149
356 85
210 338
3 360
338 402
150 387
205 384
324 381
214 155
369 231
149 305
55 201
270 109
420 131
39 89
201 355
197 220
219 316
327 231
175 73
219 426
201 233
83 39
21 85
6 11
312 201
415 251
324 167
193 150
153 138
10 423
317 202
66 439
365 222
381 68
56 125
88 451
197 243
268 358
254 52
47 267
38 424
82 148
3 392
357 142
270 210
6 32
402 439
288 155
317 187
39 78
85 419
402 270
152 292
82 159
446 293
264 311
98 50
181 32
368 35
153 81
239 445
210 231
131 175
197 440
210 21
369 103
205 387
205 324
153 175
319 220
427 279
301 103
393 387
85 175
210 227
298 23
450 315
356 239
303 179
446 356
340 265
406 439
85 45
402 64
402 223
142 122
288 415
264 193
234 83
212 381
420 28
295 149
358 14
420 88
239 352
346 247
446 150
324 264
197 291
152 436
288 69
154 25
131 363
60 340
267 317
338 83
156 83
205 446
432 188
315 293
98 358
440 124
254 400
154 35
317 189
222 256
134 85
201 25
174 388
324 451
319 25
276 203
254 81
346 299
415 315
402 113
305 360
257 61
141 23
77 200
85 177
393 363
