10 231
290 350
85 384
206 268
240 32
358 188
327 231
415 408
338 88
322 138
4 64
215 60
205 52
150 83
25 112
267 427
219 99
220 25
73 400
195 6
427 131
26 114
205 227
267 446
380 94
66 86
134 150
197 14
400 131
176 376
231 397
446 83
129 214
141 145
134 379
48 266
369 356
134 290
47 168
197 257
280 36
85 427
374 8
362 289
153 363
254 301
449 60
267 254
153 419
257 402
392 198
287 384
267 88
408 190
135 152
260 232
64 150
131 402
150 6
432 215
427 341
28 10
104 311
239 134
445 327
197 361
387 9
153 138
85 419
400 15
400 64
425 214
324 205
394 427
4 109
242 342
181 245
323 33
316 12
153 341
88 437
254 89
402 116
88 337
132 86
231 153
40 250
134 207
240 259
216 165
52 103
83 39
324 78
322 338
368 299
44 320
266 122
301 240
66 109
82 207
44 184
374 14
210 168
155 260
423 254
85 134
114 21
329 196
134 88
197 161
410 268
77 61
275 272
257 341
29 374
332 377
26 427
205 420
210 324
421 335
28 269
188 215
231 301
357 230
268 75
56 77
413 434
72 61
349 129
48 165
392 89
350 10
52 138
402 204
424 298
341 246
315 165
142 342
179 25
193 304
94 182
64 420
381 405
315 143
350 269
403 394
189 273
393 131
266 2
240 347
185 150
298 415
203 419
307 205
254 173
83 126
135 290
73 174
264 259
177 315
422 436
224 60
134 73
438 28
317 424
254 15
446 79
290 78
82 276
268 48
153 289
369 103
423 427
185 159
86 103
356 85
254 45
346 201
161 188
98 273
257 441
200 285
31 246
273 315
322 290
374 60
78 193
73 427
183 41
408 1
28 338
142 112
75 426
264 227
173 64
142 357
316 284
424 9
214 332
253 255
197 211
278 288
143 201
371 282
73 10
204 223
205 202
195 52
339 431
82 159
423 35
254 194
339 149
10 227
445 384
39 304
288 272
338 45
253 141
9 201
97 434
400 45
73 347
450 104
365 221
158 117
9 112
185 180
47 240
154 8
175 223
78 223
47 26
290 39
132 307
388 238
450 9
112 342
324 338
340 342
51 87
427 171
56 190
356 15
324 307
356 229
287 352
150 347
64 153
68 87
266 157
153 205
423 83
338 290
259 289
219 341
337 88
437 26
22 306
324 213
116 446
402 437
197 43
177 284
189 346
368 413
402 99
190 436
438 82
192 117
214 272
420 324
197 430
85 150
98 340
99 415
73 205
338 7
322 64
114 327
139 399
175 264
258 384
324 425
267 324
378 254
30 313
324 414
356 150
254 149
21 324
337 427
187 358
197 256
290 423
338 83
324 431
179 340
39 378
257 161
408 358
254 356
162 85
79 240
146 154
288 112
264 318
288 165
234 82
144 334
427 231
339 152
241 315
254 231
248 122
187 408
267 21
318 251
6 393
22 188
380 129
192 315
324 47
132 384
149 295
231 363
82 227
264 204
450 178
26 153
231 324
6 157
193 420
311 229
201 14
387 89
197 293
290 50
22 124
335 273
142 293
257 315
268 246
328 340
306 119
78 45
85 267
338 254
98 188
144 43
210 327
187 56
131 73
240 99
92 320
39 356
142 48
82 111
226 335
420 240
273 323
402 194
88 254
290 177
99 311
82 395
350 135
387 304
239 18
39 223
362 193
214 159
403 114
438 21
378 39
393 64
197 404
255 188
162 19
316 146
229 11
424 171
214 361
129 413
210 26
197 163
340 272
39 3
301 181
347 397
99 146
185 346
214 154
78 415
356 21
365 197
82 252
104 357
234 324
47 324
39 32
295 373
294 434
267 116
279 356
273 141
6 307
99 2
9 246
141 333
394 134
383 165
185 32
304 259
3 358
368 214
337 356
219 407
417 335
234 290
197 72
116 85
417 217
324 87
420 131
392 415
424 241
210 45
254 384
324 384
33 299
131 420
3 89
82 381
36 179
327 23
290 175
324 108
82 320
43 144
3 152
254 378
356 39
288 199
77 285
214 124
181 121
356 78
205 239
315 357
221 341
131 126
338 240
85 290
181 322
39 254
288 69
135 356
197 275
85 324
131 393
356 153
437 7
239 445
178 214
295 152
166 315
21 347
86 327
368 390
56 1
356 181
6 195
370 421
240 175
99 171
10 384
423 384
56 302
216 334
257 284
221 273
73 423
356 73
438 290
267 10
150 73
324 15
56 291
201 355
24 26
91 299
73 324
121 410
168 205
82 71
66 341
73 81
197 372
9 342
99 356
259 387
324 292
315 201
73 223
28 83
195 356
86 420
197 440
82 379
288 50
408 219
66 324
446 259
249 355
298 315
153 231
39 45
181 5
433 40
9 1
135 79
279 149
132 202
76 30
9 298
423 257
150 194
338 134
261 179
450 298
333 143
10 313
402 32
89 431
205 45
268 85
74 85
168 356
47 341
320 118
220 215
450 200
327 384
190 48
273 122
264 387
85 205
197 112
188 342
257 357
241 61
356 96
85 350
78 363
168 397
393 52
187 92
346 69
70 93
197 316
267 391
210 397
36 201
360 305
214 293
134 37
410 415
73 414
393 78
324 26
406 181
432 306
189 113
163 340
303 112
47 205
254 427
149 50
299 214
206 77
130 202
229 219
78 289
210 227
273 255
430 146
334 50
185 239
153 245
254 150
3 316
429 335
280 335
340 157
153 121
358 56
324 234
257 419
83 402
83 231
26 402
347 231
153 202
367 298
261 57
408 206
205 401
3 198
215 50
51 53
197 412
279 397
324 162
214 216
56 430
135 45
88 195
99 318
450 333
266 392
9 320
176 271
197 303
255 340
221 222
324 289
135 446
290 73
85 51
135 267
112 69
85 103
76 112
197 358
317 257
338 239
73 402
83 223
417 230
402 378
380 323
408 273
255 298
240 337
387 393
22 389
39 239
83 73
10 79
441 77
116 87
259 229
48 318
185 420
6 427
316 415
127 87
214 257
210 150
304 397
114 338
197 165
56 424
82 397
190 268
149 305
64 83
193 172
324 85
316 424
441 8
408 142
28 439
347 239
117 415
316 358
85 5
276 85
215 342
135 10
221 247
322 259
153 194
370 280
327 290
135 270
149 198
240 78
197 263
216 36
177 313
197 160
52 131
39 82
441 219
144 328
6 88
10 66
86 397
85 254
338 233
415 313
408 77
159 247
96 229
307 168
197 215
290 223
86 338
350 393
154 346
423 99
310 399
356 422
257 217
22 355
73 289
197 336
10 185
78 264
368 323
48 30
365 222
10 427
83 103
356 157
11 194
402 419
181 401
325 310
112 333
164 329
197 119
270 85
22 342
234 28
398 408
356 397
266 217
181 227
78 397
257 159
188 233
8 50
233 55
83 61
249 225
82 245
400 231
205 259
99 177
150 26
10 397
408 407
98 179
56 408
4 121
214 179
257 409
446 438
266 246
420 392
221 218
44 41
39 363
324 66
324 23
57 342
135 402
326 225
241 257
86 64
438 427
324 347
320 50
295 89
52 324
185 103
231 50
64 81
290 45
114 203
85 28
201 273
393 239
85 278
21 73
400 103
320 272
28 21
134 213
406 135
197 224
357 217
64 240
324 352
134 233
64 219
34 12
315 335
231 205
64 363
414 83
157 179
85 6
77 313
197 330
134 403
394 195
204 264
170 50
327 85
315 1
198 305
390 33
381 320
356 131
135 387
323 340
181 301
197 80
450 392
251 233
389 188
76 429
10 327
263 335
82 344
112 50
64 103
67 413
427 198
179 154
134 194
181 378
327 86
446 86
401 254
322 227
162 324
177 408
239 254
112 340
134 83
47 304
178 260
356 393
144 179
276 203
99 358
402 134
273 280
39 64
142 255
193 227
257 171
208 272
104 219
424 125
304 402
205 279
356 135
367 424
197 291
152 415
427 121
337 400
347 240
368 129
393 324
55 251
8 14
146 280
85 283
203 403
387 78
231 267
446 11
6 240
122 142
374 50
450 341
402 111
259 290
82 321
25 342
232 141
307 289
28 219
333 288
348 225
260 124
240 397
369 150
114 88
369 439
82 73
73 28
441 142
56 316
10 175
288 415
367 358
271 384
11 397
231 420
266 219
48 253
420 451
150 239
112 154
48 341
8 60
324 267
10 420
260 218
141 342
114 292
234 180
219 28
257 299
152 339
301 363
410 185
401 10
116 423
402 292
273 412
427 88
66 50
350 362
337 223
200 166
85 387
234 83
96 205
10 292
398 316
142 424
298 9
221 214
377 342
190 104
85 240
82 190
322 304
185 82
134 212
150 114
261 328
402 86
252 85
356 79
6 338
197 355
197 30
402 406
438 356
311 415
12 154
56 197
295 149
162 415
264 99
205 194
349 380
403 134
173 267
258 85
83 393
134 269
179 112
290 324
303 8
181 187
181 24
420 194
350 219
22 182
85 403
26 99
193 292
231 446
114 171
324 239
256 179
104 408
51 419
295 415
239 195
402 17
82 219
122 273
257 285
420 422
406 39
197 359
322 99
149 89
76 255
85 50
257 219
59 433
9 19
150 369
393 397
76 330
346 154
10 210
64 39
239 427
172 324
39 181
356 445
99 315
11 356
82 68
315 199
204 103
446 397
93 70
322 239
158 19
290 88
266 342
239 86
450 273
291 424
216 8
78 175
104 147
362 150
241 408
64 173
195 313
229 259
83 149
214 260
198 431
132 338
288 233
147 217
114 28
67 434
221 157
288 407
143 407
279 175
338 301
350 73
374 199
231 82
362 103
326 340
10 2
210 290
73 446
307 283
129 349
175 88
356 219
258 439
56 285
10 45
346 50
28 384
305 152
197 230
157 251
98 342
10 393
347 324
153 83
307 176
402 11
427 205
204 28
443 368
440 124
326 124
36 188
21 384
83 352
56 30
358 408
427 352
326 249
136 392
142 408
132 304
162 68
154 50
437 231
143 288
73 322
273 377
83 406
402 24
231 157
229 32
280 202
446 362
181 373
141 424
287 88
204 227
298 104
153 195
64 415
178 48
305 360
393 451
222 218
315 237
240 231
254 35
40 159
112 246
369 202
85 251
197 147
82 244
290 135
415 441
73 78
85 321
264 423
323 233
181 267
55 179
340 43
441 50
271 292
39 397
83 135
279 295
279 324
303 374
239 116
257 146
21 205
114 73
144 57
324 393
131 103
315 358
320 9
324 131
153 439
324 138
444 280
53 419
22 246
85 208
85 441
392 424
280 328
97 112
51 74
73 26
288 412
307 397
338 427
403 203
402 318
254 403
153 99
98 154
197 200
181 223
37 184
197 56
283 176
356 425
11 138
114 427
83 350
36 137
190 321
402 6
261 340
387 99
127 427
197 277
449 421
135 193
420 356
197 218
365 50
338 11
82 375
393 153
379 276
178 60
374 215
350 397
197 343
303 201
21 420
268 190
327 175
10 21
424 419
374 260
73 251
6 420
135 96
214 407
73 373
273 9
304 387
239 351
303 25
10 270
231 86
204 324
161 124
233 342
116 64
10 360
28 26
57 14
378 78
239 52
190 346
264 121
193 10
20 432
378 304
76 359
427 407
440 319
219 316
73 439
178 179
11 363
287 21
274 139
82 254
165 217
251 201
432 119
333 60
311 246
46 288
318 257
350 25
242 273
234 39
83 175
420 205
76 33
112 179
39 347
158 31
190 56
358 246
153 401
420 10
10 352
324 254
60 201
201 412
177 35
402 195
324 180
150 445
234 73
278 199
47 393
60 224
132 324
328 248
73 213
266 36
324 301
83 131
239 290
51 237
408 23
376 392
83 304
226 201
264 70
150 254
319 440
240 311
43 145
254 407
6 363
98 434
99 109
22 412
112 335
9 48
11 231
257 143
132 240
33 129
280 8
269 239
197 151
327 210
60 273
131 88
283 394
138 23
10 135
402 181
21 32
290 239
10 290
320 342
254 82
366 335
159 69
402 21
85 318
387 315
270 24
279 3
215 20
255 125
86 204
153 356
76 310
392 367
219 9
178 76
408 315
197 60
181 407
12 50
145 141
195 363
28 114
78 82
73 279
96 73
205 369
393 402
33 323
442 14
268 185
267 99
257 247
197 328
297 112
406 396
99 230
134 420
307 403
144 242
56 313
423 240
205 402
280 340
197 29
159 317
82 246
229 397
190 118
264 362
214 328
278 112
22 260
440 8
316 61
197 266
340 255
82 106
229 171
39 152
449 14
49 219
427 394
260 155
198 152
266 142
393 205
159 233
104 415
73 451
271 176
1 315
259 304
26 446
150 338
214 218
76 399
48 441
438 384
73 382
316 104
327 82
231 103
346 159
78 304
73 168
86 258
340 273
231 5
423 446
316 217
3 431
175 85
258 50
417 266
267 195
197 34
30 9
317 154
9 335
232 368
441 266
144 340
197 249
205 307
21 445
193 347
142 421
78 240
88 187
330 221
21 85
257 117
197 25
258 171
204 5
239 356
288 246
387 350
393 254
279 431
340 233
253 60
402 15
4 439
264 415
340 188
374 143
144 157
350 363
315 246
427 85
239 234
294 280
185 247
304 289
253 9
295 167
197 365
298 48
254 400
104 341
381 219
257 377
368 380
280 444
340 179
120 434
402 223
246 405
178 331
5 116
217 246
356 64
195 394
85 396
301 135
204 347
346 189
181 402
326 50
135 50
47 219
38 142
271 227
383 341
205 350
371 143
175 82
232 125
358 436
434 182
13 341
158 246
134 227
142 9
39 279
324 7
369 21
216 335
9 377
39 96
215 25
88 402
256 380
121 205
132 402
251 415
104 266
393 81
423 290
10 307
116 204
266 415
134 254
254 175
122 340
204 26
77 246
327 269
356 350
54 345
127 338
276 271
150 397
426 75
100 102
85 397
195 103
122 189
210 126
3 360
254 85
262 35
406 205
56 147
10 301
178 154
82 314
264 150
402 400
82 2
212 246
375 246
264 85
327 114
328 179
273 298
283 403
253 232
79 402
239 279
34 188
338 311
85 341
231 52
305 295
402 254
228 148
264 192
204 87
119 432
147 192
327 205
440 342
312 141
85 279
332 334
362 83
318 189
175 193
178 157
177 50
37 49
197 443
253 48
83 324
370 60
154 246
315 36
407 225
82 352
86 28
393 437
322 289
402 83
4 289
240 204
150 85
320 199
135 223
424 219
267 251
232 424
312 389
203 379
134 75
200 315
159 154
78 356
311 115
150 406
22 335
203 134
288 167
259 193
154 25
85 171
240 45
361 60
271 51
327 445
350 39
450 358
358 165
441 273
324 427
134 393
185 426
402 73
187 257
104 117
194 393
181 61
94 129
60 143
226 246
197 178
52 384
82 49
324 114
134 175
446 78
220 112
229 227
204 73
322 26
82 239
200 2
324 363
340 242
122 201
5 384
356 240
73 420
423 192
205 150
204 338
315 142
358 1
323 232
142 1
181 290
82 317
85 64
76 294
278 50
239 103
46 60
83 7
338 210
446 231
394 307
317 415
52 231
428 134
86 446
85 402
256 25
48 112
185 268
197 143
175 373
449 424
134 283
78 360
270 210
315 125
197 62
82 384
229 289
179 334
39 301
420 352
423 205
205 185
327 420
290 227
194 204
197 265
82 376
249 157
303 179
362 45
254 313
214 199
177 61
303 143
141 125
11 402
338 369
112 272
376 114
263 201
205 83
324 227
208 137
114 10
271 268
390 50
99 289
219 350
14 179
203 276
150 193
270 397
204 21
414 88
121 311
356 402
205 223
254 240
376 82
205 397
280 334
82 191
39 402
205 153
22 199
423 195
438 114
121 153
64 205
394 176
188 8
321 75
402 311
197 409
239 213
76 62
134 397
322 150
350 347
83 313
78 406
258 227
83 11
278 246
26 439
135 289
215 188
88 292
76 355
114 50
204 88
125 50
240 47
273 112
254 156
48 9
225 249
239 414
258 315
356 26
219 77
324 387
197 447
219 324
417 50
315 297
165 293
301 131
114 168
194 363
446 293
229 205
301 402
159 8
82 103
187 316
6 204
210 86
441 318
334 8
197 67
203 82
153 131
442 412
356 114
214 161
295 3
122 177
266 255
214 425
254 239
257 412
337 420
181 240
150 50
197 285
216 143
240 132
257 232
185 246
179 137
142 154
4 157
433 353
11 322
153 337
22 155
219 199
26 324
219 304
220 256
240 267
204 427
420 177
304 393
142 122
327 134
423 402
168 324
104 407
95 197
423 251
193 32
11 311
402 171
79 305
216 293
82 102
11 378
154 288
197 9
288 374
280 201
181 268
264 358
259 322
290 341
403 283
231 318
318 113
315 255
266 235
257 76
21 240
290 150
197 274
226 154
214 355
9 266
246 48
291 61
239 32
88 239
153 103
402 270
104 335
197 170
119 306
356 322
267 189
316 313
446 150
121 402
19 358
278 280
252 134
52 393
273 201
433 49
329 317
423 73
207 85
438 338
420 397
147 266
10 239
193 259
256 43
256 299
190 233
260 374
301 231
305 89
254 246
280 55
73 175
6 11
427 103
4 26
114 352
189 8
83 227
301 156
290 289
415 266
245 341
356 363
26 290
287 402
376 346
256 328
134 51
28 45
48 257
301 83
219 318
139 325
246 8
82 40
195 420
423 77
406 290
410 311
82 281
408 177
150 387
295 392
264 341
438 10
415 318
248 157
415 165
194 254
91 377
150 153
315 115
179 260
197 298
204 78
121 427
188 179
194 21
283 203
40 329
270 311
427 111
257 44
349 33
402 150
254 362
445 210
266 315
267 231
338 227
195 175
76 43
434 323
78 423
64 407
175 83
168 283
219 267
449 333
83 295
219 396
449 57
109 239
275 69
259 397
10 177
348 248
257 302
254 414
214 137
257 318
360 152
221 272
195 414
82 105
131 153
254 162
210 446
350 223
197 144
82 148
324 195
248 124
220 261
251 318
39 324
195 173
112 60
39 373
82 238
373 392
290 272
10 213
266 112
170 218
358 77
73 15
267 239
73 356
204 240
358 137
66 10
131 360
204 4
278 317
423 367
338 85
109 134
271 207
39 350
387 175
86 132
327 180
56 142
402 324
205 130
73 337
266 177
361 407
195 26
197 306
417 315
86 402
427 423
239 150
161 340
178 98
215 179
424 253
356 293
28 292
350 387
104 142
193 439
175 7
423 439
322 134
360 149
51 85
104 152
257 346
178 120
197 357
324 18
427 362
82 185
37 433
98 122
197 140
206 251
264 257
178 125
273 246
298 419
181 70
264 219
231 223
267 439
181 194
48 217
131 83
73 254
3 436
247 317
193 235
332 8
98 358
219 47
181 350
178 122
189 154
287 351
298 266
39 89
378 83
178 141
257 249
392 373
64 338
131 195
135 384
450 424
366 50
402 341
39 150
356 223
39 339
108 32
73 392
312 303
178 189
85 363
264 384
52 233
21 234
446 205
64 199
135 32
60 8
356 61
121 85
205 219
78 32
83 254
402 64
369 99
240 131
214 115
116 210
214 20
338 150
178 1
406 393
88 150
143 333
257 142
134 322
358 33
28 402
417 257
222 14
295 339
197 90
315 230
317 178
376 403
316 246
51 376
220 429
185 315
83 167
327 115
201 50
85 356
290 258
201 124
99 341
197 399
91 143
150 81
433 415
52 439
142 104
254 341
98 412
117 341
305 198
427 292
82 10
347 88
204 234
420 384
427 392
104 257
132 267
264 289
214 43
291 178
219 85
51 71
205 396
324 279
205 82
73 369
175 50
10 438
151 8
82 433
406 384
181 264
290 304
221 342
220 76
291 77
408 398
334 188
134 276
176 168
339 392
187 77
246 280
193 324
141 23
253 331
450 1
64 451
204 210
387 397
420 341
132 239
338 289
10 305
260 157
104 436
56 104
56 217
168 403
219 192
152 198
424 450
172 193
231 227
26 397
240 446
239 438
257 241
82 183
198 89
73 3
121 39
291 230
260 342
328 215
239 402
195 134
82 453
121 322
368 33
85 414
278 8
450 285
427 10
47 356
438 223
162 379
402 10
423 262
393 322
79 356
256 341
205 78
197 46
104 12
214 246
356 45
318 12
337 363
122 60
214 182
446 387
76 216
424 291
159 246
268 341
234 393
368 14
437 126
82 45
168 307
134 239
254 262
104 298
10 88
433 134
260 112
257 246
422 219
22 179
85 109
420 337
73 126
402 338
241 297
25 154
131 338
267 356
82 24
267 181
91 371
266 104
153 402
53 69
153 322
214 188
88 83
204 402
56 358
83 378
327 167
68 324
402 445
394 283
247 137
254 423
75 268
324 193
85 439
204 301
172 32
10 402
427 149
254 420
64 239
72 200
129 69
76 274
22 336
64 6
402 327
219 205
66 82
134 26
64 427
387 341
402 199
253 424
260 14
73 246
195 239
98 50
73 150
73 103
437 402
114 87
257 165
141 232
79 268
201 251
48 315
21 210
408 235
408 313
427 173
154 260
181 279
96 194
254 431
270 290
10 363
36 260
316 142
264 391
427 240
83 64
83 327
212 134
405 246
83 427
317 273
82 410
368 434
358 61
450 56
21 414
135 322
64 21
240 420
263 226
178 22
351 283
185 207
425 188
445 205
82 271
200 266
234 227
257 12
78 414
427 438
240 64
427 313
240 414
178 349
427 176
150 402
82 300
304 240
181 39
403 376
324 70
95 166
214 12
214 9
64 393
175 341
378 397
239 231
179 374
232 178
219 299
338 21
1 142
432 342
28 239
73 393
327 103
301 406
324 422
94 33
92 381
267 279
360 295
240 83
316 408
187 341
427 311
248 249
441 190
60 340
66 180
393 414
175 108
104 450
316 235
85 235
312 421
406 85
131 39
402 39
290 234
361 214
216 280
402 418
20 50
356 441
39 85
257 35
278 77
420 86
350 85
257 189
221 189
450 230
181 83
77 200
329 164
295 305
266 298
86 352
178 9
176 134
57 328
83 407
215 260
370 215
82 212
393 167
234 205
134 85
135 21
185 397
102 100
257 358
176 283
113 317
252 87
417 299
315 55
49 433
402 290
367 436
393 7
78 384
214 306
234 438
315 157
290 387
402 271
446 135
240 362
290 267
257 273
197 315
279 172
114 150
347 195
203 311
22 288
216 46
234 21
112 165
350 418
17 393
450 422
340 215
104 318
402 384
327 177
214 25
392 149
205 445
73 114
6 397
30 56
135 78
19 313
98 182
22 273
83 195
82 228
365 159
175 64
181 167
350 338
408 141
5 427
356 337
12 299
185 88
150 384
99 219
78 204
195 427
76 166
231 15
175 363
266 318
48 232
52 195
112 297
197 341
324 362
267 132
424 187
153 397
390 323
275 219
28 193
176 239
190 8
259 78
79 246
175 240
172 205
28 205
229 290
424 117
333 335
39 134
67 129
153 324
278 60
377 154
122 50
258 39
185 327
6 32
134 394
10 4
420 393
408 230
78 39
369 109
231 239
48 125
340 265
52 356
14 188
143 342
351 176
161 342
176 307
251 157
450 248
423 337
257 251
10 73
104 317
122 335
97 25
311 99
193 240
369 81
115 69
248 43
85 185
270 356
28 213
239 175
393 5
286 209
112 412
175 420
82 184
216 374
152 313
288 141
143 371
197 8
73 240
10 223
259 32
179 280
267 180
231 81
28 187
198 392
153 32
376 159
188 137
360 339
214 342
198 313
154 412
86 82
304 205
98 178
360 157
266 355
317 159
6 445
205 132
134 234
85 189
56 436
233 189
268 407
135 83
291 316
97 260
60 215
76 335
406 350
78 387
290 445
219 358
349 390
6 150
337 205
39 193
233 112
357 142
408 255
39 219
361 112
375 320
85 393
338 114
406 259
19 158
423 227
48 1
338 52
239 96
323 273
327 311
240 229
153 347
168 384
176 351
197 310
175 397
22 218
393 10
324 88
406 415
258 392
222 197
241 357
22 189
181 135
246 341
152 1
193 28
191 271
231 131
73 360
142 230
446 341
134 103
438 234
11 384
312 335
51 381
304 26
56 273
204 150
153 150
135 205
414 350
207 271
79 64
214 288
393 126
348 249
414 308
73 202
197 282
427 82
406 99
229 240
154 335
311 272
422 341
79 414
278 412
85 176
197 444
204 307
378 150
419 56
200 257
350 289
33 380
73 304
394 168
303 342
85 436
67 55
303 312
131 239
327 439
255 25
73 39
345 53
146 251
39 10
150 175
427 254
178 165
203 69
197 120
21 10
205 39
28 427
156 341
152 83
370 36
79 205
134 356
254 52
181 393
9 251
360 167
99 77
379 250
424 339
357 424
55 342
150 39
307 315
78 135
181 6
266 12
383 154
356 400
85 210
47 73
317 272
88 397
3 230
433 44
39 231
438 320
434 232
77 358
279 239
280 355
423 311
280 12
356 11
246 159
378 205
185 202
424 48
423 230
78 391
232 9
356 290
86 290
173 17
210 24
402 203
82 427
168 73
60 323
306 407
258 415
76 342
82 79
76 299
254 205
21 427
47 138
400 73
320 262
219 393
347 73
257 25
197 91
197 242
20 224
131 301
383 284
291 56
231 427
322 194
142 407
323 413
338 363
1 409
150 350
295 198
287 39
85 204
387 219
188 218
197 296
153 257
173 356
358 316
324 81
56 246
323 334
355 124
52 267
239 83
21 227
85 121
198 35
173 240
73 134
340 119
134 351
267 384
98 55
153 227
