240 289
338 126
134 23
21 64
233 201
56 298
324 93
172 193
295 339
195 427
38 315
108 397
141 219
273 315
427 10
324 254
358 315
104 246
26 439
152 339
6 240
145 179
9 1
295 373
205 350
83 387
85 68
443 112
231 79
376 346
79 240
231 414
28 73
415 315
197 201
362 289
257 199
258 171
34 328
92 381
131 402
176 168
176 351
264 45
112 8
197 232
85 338
57 179
6 427
185 290
73 418
307 415
197 310
266 217
181 392
339 149
178 120
420 397
383 124
83 153
96 239
56 178
257 142
20 215
21 420
60 201
257 434
175 254
307 83
214 69
408 268
424 192
257 368
191 111
368 434
324 212
239 414
349 129
181 205
83 135
327 175
154 159
6 337
240 311
194 338
316 313
231 363
258 392
131 393
358 217
134 162
204 73
34 179
185 205
198 339
197 256
97 182
178 189
311 229
132 219
96 135
88 64
241 313
197 265
312 335
197 442
56 273
28 88
323 246
324 175
205 439
131 420
178 157
34 188
155 260
197 429
56 159
437 324
214 182
221 112
423 77
22 412
268 407
17 402
257 273
257 178
369 194
159 233
279 73
450 357
153 219
301 181
273 179
22 202
417 335
420 21
427 419
423 121
381 320
73 152
257 115
10 305
275 69
219 178
367 436
445 327
221 222
232 407
324 150
198 89
335 273
210 356
358 25
317 311
28 420
338 83
131 324
142 217
432 119
28 82
324 82
365 50
73 427
406 79
324 347
136 392
26 88
39 193
10 290
219 387
197 370
197 325
318 189
197 335
424 56
153 26
321 426
423 254
221 155
424 266
88 397
402 39
270 85
259 175
402 270
267 73
73 350
82 244
369 393
33 368
414 308
82 113
400 231
178 214
204 239
22 124
351 394
271 246
197 411
327 324
356 103
257 225
383 341
338 322
34 12
8 50
362 304
88 292
82 153
4 64
322 109
26 259
290 78
10 108
267 189
10 393
132 397
287 88
82 134
390 50
22 179
307 394
373 392
51 68
231 103
334 188
12 104
420 318
419 320
83 126
267 135
240 337
231 327
85 414
39 73
51 85
365 189
246 8
445 85
215 20
185 86
83 39
405 8
28 21
231 10
304 52
134 105
338 103
135 205
131 152
204 397
438 82
82 136
427 83
258 268
279 239
73 202
338 193
358 14
33 413
260 36
427 121
441 190
10 81
402 439
322 227
175 239
153 338
4 157
423 45
104 157
104 311
64 402
402 77
176 85
88 15
181 397
99 11
193 10
64 324
207 203
178 317
324 352
305 295
415 166
259 135
73 378
181 93
28 86
423 116
214 189
338 109
153 384
114 168
260 14
179 25
315 1
212 87
26 267
175 363
179 137
132 26
420 392
197 450
324 327
152 1
257 44
39 290
125 255
194 205
39 150
329 164
204 384
392 415
106 320
438 287
346 201
264 424
356 88
161 124
301 406
240 45
99 356
402 363
268 318
134 153
368 97
205 258
267 45
22 260
231 82
88 205
197 303
280 215
322 21
64 69
51 320
76 342
190 268
21 270
257 232
187 56
73 82
361 112
88 254
79 152
64 150
11 446
197 273
339 392
197 416
195 384
318 12
134 438
254 351
179 9
254 85
304 26
83 195
323 434
323 182
318 233
257 125
370 154
190 320
254 239
424 315
134 271
437 363
394 307
303 25
82 311
233 154
85 11
135 352
57 144
39 402
85 45
82 290
83 406
324 26
181 194
301 240
193 259
134 283
192 315
288 155
99 322
214 50
340 215
287 324
3 152
138 322
350 414
168 204
82 40
76 30
132 150
121 311
264 192
150 50
387 289
304 289
393 437
134 114
195 89
301 239
85 427
423 17
264 227
66 341
181 439
82 27
327 231
377 299
240 132
430 25
96 205
275 219
315 303
358 230
79 397
221 272
408 154
256 341
149 152
73 81
205 290
370 421
21 82
273 323
406 78
231 240
419 77
85 21
203 283
197 166
394 134
254 378
143 188
303 371
234 324
350 135
150 114
188 179
83 6
215 340
231 338
362 193
104 358
360 295
55 251
78 73
201 251
82 100
259 290
77 200
256 144
290 86
204 11
432 215
112 246
325 310
428 134
82 64
51 16
142 154
264 219
168 324
78 254
185 85
254 246
129 115
200 285
420 363
322 6
273 260
324 223
197 260
316 341
142 9
264 239
242 340
76 220
446 397
214 421
127 439
362 397
252 364
187 217
239 52
387 378
324 103
56 190
163 137
14 334
247 159
6 384
6 239
434 67
408 217
400 131
175 10
53 8
403 376
324 279
311 152
256 76
248 242
35 202
129 349
220 215
1 48
64 195
127 240
267 397
392 295
132 304
131 231
135 406
39 304
427 15
320 272
64 21
420 239
79 88
270 24
175 6
338 289
178 98
231 418
205 39
125 141
222 76
239 427
415 298
82 382
86 397
270 82
434 33
203 419
176 327
288 50
424 12
129 413
189 154
349 434
85 171
429 335
208 50
240 64
197 215
263 201
346 113
271 203
255 201
322 103
189 60
57 50
413 434
393 205
221 299
383 257
374 355
38 142
39 415
82 51
142 257
283 307
280 334
30 313
276 203
240 83
328 242
203 159
254 194
311 272
39 82
4 50
6 26
315 112
47 138
295 392
445 6
132 239
10 363
189 8
304 39
131 295
312 421
283 87
239 283
288 199
175 264
177 318
162 254
408 167
423 35
337 420
177 257
446 362
317 113
221 208
98 50
304 78
193 235
283 394
387 135
290 289
108 324
330 365
73 369
176 376
198 3
85 324
316 61
128 246
185 21
229 290
427 324
207 379
152 198
197 128
393 289
356 7
6 356
178 76
400 126
66 171
6 153
22 214
438 290
356 304
257 266
210 194
64 153
134 327
73 414
48 246
362 135
239 227
366 273
356 150
204 337
76 8
121 39
303 179
194 322
141 1
254 307
82 258
324 322
362 254
290 116
68 105
73 290
181 427
190 189
324 219
443 299
214 374
241 257
144 43
254 5
122 280
240 78
438 320
267 181
83 198
257 278
420 356
446 79
52 446
76 58
255 9
329 196
323 201
143 333
219 112
254 175
322 121
239 393
271 402
408 272
270 109
10 149
402 393
254 198
450 358
190 104
142 104
181 61
131 301
195 45
356 85
214 215
370 60
21 352
64 219
301 254
97 60
339 3
254 17
450 230
313 341
327 402
220 216
320 189
73 108
134 403
85 185
290 267
22 112
11 45
175 138
410 121
450 104
358 408
240 96
239 88
135 378
338 439
48 273
358 288
168 403
78 448
181 45
237 273
240 26
31 117
356 397
339 424
205 26
173 356
82 184
9 266
85 350
179 374
257 35
239 45
423 240
254 130
197 282
172 32
134 176
39 287
73 15
324 131
116 402
450 165
31 158
340 412
38 424
150 322
356 338
434 188
194 363
267 194
197 226
73 363
446 293
85 363
181 24
122 340
212 51
450 392
402 423
282 143
264 415
231 384
304 181
76 434
104 61
130 202
315 297
241 297
259 406
82 203
443 368
179 407
324 400
134 426
204 267
267 50
315 165
104 12
99 311
83 350
327 269
6 32
197 444
73 304
298 313
117 266
28 384
266 257
203 51
47 219
449 57
92 107
135 427
446 290
340 137
78 223
329 317
304 356
356 240
406 402
216 143
299 155
219 257
47 304
393 254
259 279
240 134
290 229
257 355
338 11
231 6
85 223
317 407
205 304
225 348
361 335
197 214
153 311
197 30
402 175
327 204
177 61
85 408
28 227
288 374
134 204
112 320
189 246
178 349
323 273
445 210
246 315
40 250
290 83
254 313
3 198
108 227
290 352
67 434
224 60
86 205
257 141
172 205
402 352
161 60
326 355
433 415
324 15
278 288
337 131
19 313
254 301
266 230
204 82
68 212
376 85
258 39
417 257
83 363
338 10
64 415
424 241
394 403
149 89
6 402
82 240
374 199
28 407
173 17
195 446
36 412
66 109
210 240
323 342
348 248
325 399
9 251
380 33
197 372
239 307
82 229
216 36
154 246
48 125
323 390
154 25
417 341
82 238
82 86
73 231
197 14
163 288
112 374
204 26
217 104
135 350
204 423
135 229
10 150
288 189
114 403
231 318
187 419
204 254
181 254
85 278
369 26
205 99
135 363
365 22
315 377
423 358
324 425
197 42
426 75
157 179
181 83
427 431
257 177
257 217
142 77
116 210
113 189
197 366
222 365
242 25
77 341
19 424
279 32
56 230
287 83
197 57
116 103
82 79
326 124
82 286
257 318
181 109
85 87
312 374
295 89
449 60
181 401
204 231
446 425
22 273
85 379
231 239
56 313
393 384
104 165
179 260
10 324
374 50
260 155
290 150
387 99
193 341
194 227
415 284
338 64
393 99
141 154
197 29
10 185
427 292
166 257
98 112
276 207
88 393
197 343
76 143
60 112
222 197
64 50
21 156
153 363
214 368
22 199
406 205
214 260
64 167
374 260
10 239
214 115
131 103
378 78
450 415
387 229
197 12
301 7
367 200
197 341
371 303
450 422
423 439
64 173
39 78
214 144
85 212
229 387
134 82
437 231
54 345
423 195
368 413
370 260
104 147
393 32
193 205
142 112
179 14
423 408
135 78
356 451
271 176
82 300
26 47
423 173
256 249
356 153
239 18
104 152
132 401
290 259
298 415
29 124
232 178
378 205
327 110
10 292
150 363
210 86
48 112
393 83
406 135
197 315
222 256
356 234
76 319
431 89
394 427
322 304
427 45
346 299
377 335
135 259
257 146
234 88
219 142
358 61
216 8
197 263
134 267
369 356
323 260
88 187
85 394
356 311
205 82
438 270
53 54
417 299
257 317
267 363
389 246
267 175
427 384
322 393
10 88
85 192
266 246
322 134
432 179
379 250
407 112
370 50
48 298
176 283
358 165
266 112
197 61
337 239
76 359
82 268
78 402
177 313
3 392
19 117
340 43
365 159
131 73
86 66
200 69
423 61
66 180
356 134
356 79
90 12
327 267
258 227
116 45
52 239
438 135
378 290
288 407
350 32
197 46
60 255
1 284
246 48
88 223
402 135
270 181
271 191
406 227
324 204
95 61
86 356
193 362
197 125
257 320
362 83
214 22
131 239
402 85
429 76
197 288
327 85
77 190
146 251
261 340
259 150
360 167
324 384
406 223
104 298
49 415
392 246
135 438
368 67
219 341
210 290
240 193
21 292
356 78
197 293
22 118
291 358
135 150
240 304
264 205
78 181
345 16
204 32
141 214
152 292
259 387
150 384
195 397
378 32
214 432
356 210
267 227
420 223
234 239
28 290
145 9
60 340
427 39
369 402
197 424
417 200
153 109
85 176
195 239
365 317
76 124
446 165
210 363
85 74
64 358
229 311
450 178
402 311
450 331
33 129
189 272
215 60
135 290
379 207
338 363
141 333
317 154
445 427
356 93
338 32
402 157
358 317
153 254
76 25
278 112
56 315
85 341
234 28
264 73
419 230
197 62
200 318
64 88
267 290
250 433
406 378
398 408
240 362
423 153
189 320
402 73
254 448
257 23
392 360
450 311
116 290
193 347
383 61
338 356
141 273
259 254
414 83
257 25
60 36
125 273
368 188
114 150
307 114
22 335
239 114
204 427
153 6
266 318
193 378
10 227
21 324
135 10
205 307
26 227
259 26
290 45
239 109
402 451
11 99
8 334
340 124
205 259
270 135
138 324
78 356
119 432
102 106
187 257
149 305
115 69
82 174
77 358
310 139
203 379
153 324
10 21
205 219
82 386
154 273
266 255
99 230
99 205
56 450
76 335
338 414
210 82
210 414
30 1
134 103
378 135
280 335
76 179
205 88
112 188
64 239
437 103
424 339
402 427
39 363
290 378
175 88
134 189
347 88
362 427
426 321
185 315
104 392
257 302
98 179
192 142
229 259
134 240
369 64
55 214
401 254
195 175
306 407
355 124
85 103
315 298
311 127
19 9
251 157
64 131
99 235
214 407
57 242
97 260
251 415
380 349
369 109
419 313
239 26
315 122
288 22
10 360
73 26
60 155
3 431
166 104
34 273
425 188
324 338
68 162
247 137
83 15
315 2
324 362
356 231
197 328
212 162
437 73
82 410
19 298
338 85
214 412
175 420
317 335
131 52
337 439
278 60
433 246
39 219
320 9
450 232
9 112
231 223
270 290
239 73
239 279
205 271
273 246
11 402
73 181
426 268
55 280
434 380
264 48
150 338
434 390
257 421
86 327
362 150
98 260
346 35
51 196
317 178
197 302
187 246
197 169
153 227
345 54
82 245
360 339
290 135
216 46
338 86
214 199
406 39
269 239
243 412
21 445
220 139
163 340
79 64
116 87
121 85
267 173
305 149
57 340
270 86
381 51
257 346
205 279
280 444
273 50
189 412
82 314
417 50
109 134
172 427
159 246
408 358
162 74
324 438
99 402
231 157
10 204
246 318
187 44
178 159
114 28
181 69
114 227
203 346
387 193
248 249
11 227
78 350
393 103
147 197
446 181
303 335
112 233
290 363
94 434
185 346
408 77
193 356
424 333
175 50
132 267
85 393
398 341
159 69
78 406
134 239
152 3
95 257
17 393
52 88
197 43
121 82
266 143
381 324
400 397
393 167
39 131
168 239
134 10
378 259
195 414
315 288
51 54
423 230
160 50
95 197
205 227
88 126
104 192
71 246
21 369
400 73
149 339
86 82
356 441
159 346
55 342
450 273
207 87
324 149
6 10
197 143
423 262
197 72
70 93
446 73
181 290
402 82
73 352
77 285
82 397
134 85
446 423
253 178
96 73
83 9
427 86
66 227
210 338
86 267
141 232
114 338
220 76
159 273
214 159
51 53
150 39
26 240
142 293
79 402
358 407
257 48
231 446
273 188
419 201
219 175
334 233
143 374
154 335
328 43
221 278
205 210
204 86
135 239
21 347
420 231
39 45
327 171
433 59
82 228
210 231
122 177
22 336
288 167
73 347
4 61
193 227
185 246
99 171
290 204
400 402
398 316
427 283
20 432
153 121
446 341
408 246
290 324
138 289
290 402
134 231
64 205
338 153
205 86
231 7
197 58
311 109
200 315
82 2
18 114
267 83
356 10
327 239
98 315
175 387
185 159
6 227
6 420
9 188
187 316
214 280
334 112
357 77
150 205
219 267
338 402
187 408
264 427
168 394
181 419
82 250
108 175
402 11
28 269
441 273
73 362
264 423
85 424
26 427
85 175
83 175
324 193
104 407
324 198
376 87
150 81
290 28
358 357
83 231
83 439
427 79
257 280
231 402
1 190
153 337
72 61
346 236
134 150
51 379
153 245
325 80
261 57
229 289
299 55
82 196
324 397
188 272
40 159
219 396
295 149
135 193
197 56
55 77
446 259
290 231
82 239
369 384
10 264
430 246
226 154
197 342
393 446
206 268
393 52
356 86
378 240
104 408
197 36
254 394
73 174
153 402
305 360
12 154
356 32
195 420
56 112
9 145
239 254
10 78
19 158
121 427
240 231
317 8
10 402
258 61
358 48
98 246
181 187
367 61
82 392
52 240
197 137
187 358
426 190
195 356
43 340
12 112
393 304
46 60
83 11
234 150
295 3
197 417
142 122
298 266
171 335
324 381
78 70
205 83
323 179
153 397
82 231
434 182
22 374
438 352
267 311
298 419
338 301
288 273
338 420
307 289
85 189
419 407
150 350
114 239
104 316
212 405
197 355
356 229
420 227
117 313
31 246
190 436
304 259
432 328
33 390
268 436
78 446
219 230
165 293
33 349
77 313
73 295
131 83
254 64
190 233
256 380
315 237
423 278
21 45
14 179
204 6
24 402
73 251
205 254
437 26
432 342
398 292
219 426
82 445
172 356
290 423
338 446
198 35
73 193
259 223
361 60
149 50
104 142
78 135
6 231
423 264
254 392
197 142
311 415
83 360
158 117
274 139
161 257
358 334
132 338
131 175
131 11
242 299
253 232
427 438
64 48
267 132
381 419
420 153
9 407
175 378
320 12
383 284
145 43
205 396
415 266
214 165
14 412
254 68
378 397
233 188
356 171
446 254
53 189
102 69
240 397
270 150
82 87
83 423
73 305
322 401
9 255
392 149
254 77
273 9
195 324
355 249
205 397
322 73
450 60
273 154
48 9
420 327
190 154
73 324
76 257
134 356
445 150
75 321
197 253
254 240
21 338
264 311
280 202
37 184
315 199
6 21
239 21
324 231
56 415
440 8
210 193
185 415
170 218
9 23
210 324
60 137
388 238
239 356
378 202
141 125
72 358
254 39
10 25
21 397
340 242
26 324
153 175
233 260
427 213
85 203
10 352
444 280
402 324
147 104
10 111
152 35
78 175
144 179
259 397
356 414
360 407
276 239
10 338
303 312
240 427
66 324
327 419
219 197
205 270
73 393
219 436
256 434
73 213
287 227
195 153
270 205
245 341
104 3
159 154
408 424
427 239
369 202
376 159
21 290
324 427
204 210
134 6
356 301
254 195
22 155
57 43
393 175
150 231
316 235
438 73
267 85
381 85
176 203
197 1
153 64
231 135
96 32
85 276
347 64
338 347
107 92
219 47
5 64
147 341
318 315
270 363
208 288
437 126
450 298
210 445
197 261
197 25
22 9
402 171
64 227
315 341
85 75
279 259
417 315
279 295
6 324
393 78
73 116
290 304
378 362
438 384
122 50
369 21
393 292
82 183
132 356
80 325
114 376
132 393
240 400
229 11
266 273
210 116
239 66
323 368
402 187
240 254
347 73
135 387
191 87
408 235
112 14
210 270
132 402
8 246
445 28
114 419
20 299
424 117
225 355
104 30
150 6
219 121
85 396
83 414
85 441
288 298
197 154
5 205
94 368
264 153
76 255
259 240
79 156
153 83
158 19
185 356
231 50
315 293
114 171
254 295
319 220
305 89
254 262
83 239
214 201
257 358
73 438
197 246
114 307
179 215
381 92
221 189
340 119
219 415
254 83
3 339
95 217
402 89
47 240
298 125
3 316
175 108
39 339
134 26
239 32
267 159
279 397
205 369
295 167
374 340
270 402
221 317
22 182
56 1
362 393
324 89
234 21
450 407
438 28
178 253
120 434
267 356
307 205
214 122
350 181
312 389
64 289
303 201
402 78
261 242
326 249
79 339
39 181
46 288
290 341
28 393
82 103
214 332
307 150
379 276
82 116
204 324
85 206
117 19
254 322
205 445
6 204
98 355
176 271
249 225
254 420
25 60
154 317
362 240
85 267
116 26
216 334
383 288
367 424
53 69
135 402
26 246
6 363
112 333
288 215
64 230
350 290
187 219
267 99
28 187
356 393
39 227
402 384
323 340
154 272
141 23
150 175
163 407
254 337
9 246
233 189
82 402
197 218
253 246
346 8
258 239
258 317
393 81
47 341
153 262
75 190
278 412
450 30
267 88
234 204
82 123
210 393
375 246
162 31
150 439
254 78
423 318
181 322
258 439
85 5
200 266
47 363
190 1
10 356
288 249
82 427
83 240
83 301
154 201
85 391
356 384
131 360
315 357
197 216
322 194
138 26
173 73
320 382
219 122
402 21
98 412
178 141
334 36
299 342
4 290
219 185
176 307
190 56
427 258
266 315
134 227
216 14
270 239
356 363
214 328
79 414
197 90
82 21
203 402
408 23
273 253
370 299
291 56
327 180
271 283
267 32
290 230
194 231
152 305
99 358
135 175
96 356
239 195
261 43
205 10
420 185
327 114
301 21
152 89
51 87
178 260
36 201
151 232
116 446
240 109
254 89
121 410
197 407
338 114
356 135
9 179
383 154
449 424
197 22
10 32
86 210
195 311
83 10
240 7
356 341
187 77
340 306
134 194
34 340
337 103
307 403
98 155
219 64
231 420
446 356
205 427
120 178
403 307
134 73
82 164
28 292
283 134
132 240
197 124
1 409
219 446
322 414
26 204
408 2
162 379
402 205
253 1
52 290
195 15
316 217
298 315
257 55
11 109
127 153
6 393
231 83
324 213
91 374
433 219
338 231
368 60
150 88
91 371
48 315
114 10
231 301
402 121
210 327
262 35
312 36
394 114
264 64
310 211
350 347
257 77
316 230
220 25
11 378
132 86
205 402
443 165
85 205
427 341
312 449
258 82
73 175
134 21
356 114
214 293
49 244
195 6
66 311
72 77
307 341
8 14
356 425
266 298
204 290
290 406
419 415
194 384
64 6
315 154
432 137
85 290
175 82
134 276
360 305
152 308
350 150
368 216
249 124
368 14
97 8
279 175
327 115
44 199
39 347
438 103
440 60
450 367
402 6
408 9
194 153
85 246
114 394
320 69
168 176
194 21
4 26
210 204
85 445
258 415
195 313
441 266
152 360
370 412
47 239
82 324
370 248
98 218
153 202
356 324
402 304
427 173
10 135
434 129
82 185
358 137
158 31
64 177
176 394
415 104
239 96
39 88
85 420
150 239
47 289
212 134
350 10
39 324
328 112
83 205
56 219
78 85
324 138
197 13
290 177
350 402
153 289
288 341
392 311
264 358
26 397
268 75
159 8
157 112
266 424
88 402
219 82
405 69
153 73
253 14
392 136
321 268
197 357
142 421
219 299
266 357
445 64
374 55
406 99
427 352
82 353
239 240
325 188
204 356
21 210
231 204
234 393
350 26
85 153
64 103
402 113
263 335
290 384
229 219
78 198
85 400
256 25
387 223
248 124
298 56
324 6
369 103
440 299
73 398
150 397
138 240
76 399
219 217
348 225
82 37
304 103
393 295
60 50
350 269
67 349
288 415
197 412
201 25
402 66
85 199
9 253
197 146
154 346
181 168
374 215
350 289
86 338
290 175
56 398
144 242
135 240
4 292
48 253
78 304
134 269
22 407
340 157
403 254
270 210
221 60
257 407
419 187
125 56
298 358
420 194
181 304
39 50
135 103
356 82
179 43
217 142
337 363
142 408
131 45
82 428
261 328
246 237
134 175
427 373
374 14
194 240
178 255
400 240
98 273
188 407
427 167
270 393
135 99
254 362
116 181
257 299
446 267
266 219
195 52
338 194
83 61
408 436
232 434
378 446
315 355
267 230
398 415
437 414
350 397
267 393
423 393
328 50
420 81
392 61
393 341
96 439
5 153
316 408
204 87
5 116
334 8
25 154
150 26
367 415
73 373
317 272
104 341
73 150
259 205
181 393
162 415
82 92
181 373
288 214
216 335
73 28
11 401
134 433
193 150
427 26
330 221
240 126
378 350
175 168
446 350
143 288
239 438
73 134
9 335
327 445
48 217
56 125
6 88
445 356
427 279
197 440
290 414
257 8
248 340
64 384
51 376
259 362
254 305
340 60
280 260
415 75
279 172
279 149
96 39
338 88
338 82
129 69
205 378
424 298
266 122
205 138
427 360
430 255
153 205
216 218
317 424
197 330
387 420
10 103
427 88
340 272
239 287
427 82
350 393
66 384
39 384
197 242
98 340
82 212
362 175
214 8
215 432
328 188
254 88
383 315
273 8
185 207
240 99
307 397
117 419
324 168
438 134
349 380
165 142
434 368
254 153
303 8
83 28
179 154
303 260
197 243
122 142
39 134
82 32
26 290
337 356
106 44
241 357
142 56
287 82
205 363
327 272
44 41
407 188
393 227
178 424
290 240
393 402
77 61
214 125
340 260
400 15
231 175
358 202
328 248
40 118
4 393
106 118
304 219
260 273
350 231
214 335
114 88
288 141
53 419
134 75
307 363
290 32
76 256
222 334
203 162
239 7
91 214
82 385
73 382
315 246
134 203
210 446
366 412
104 357
221 179
175 402
150 406
273 122
82 127
193 240
175 73
164 329
85 32
449 421
64 393
333 137
233 334
198 149
305 198
253 141
83 352
197 255
424 1
327 10
407 225
423 290
226 335
288 272
438 239
387 356
354 416
82 44
369 363
220 333
424 402
369 439
85 86
82 68
393 324
147 422
82 148
205 52
339 198
114 427
197 94
159 317
219 316
370 348
417 188
73 259
143 303
146 257
78 264
234 50
320 118
340 144
420 387
28 402
316 146
173 254
390 33
288 333
112 340
132 202
204 393
197 319
121 322
104 166
362 229
102 71
273 125
33 434
424 255
254 156
229 227
327 420
330 197
112 25
99 318
185 322
197 188
215 25
178 315
185 397
197 316
114 341
394 195
423 267
178 298
356 258
333 143
181 180
66 231
239 402
356 438
181 86
104 436
76 112
10 210
450 112
327 347
121 4
144 342
114 103
195 73
245 246
78 415
221 330
82 219
30 56
290 439
104 317
324 339
254 131
257 419
177 284
197 334
406 235
21 402
420 205
408 285
402 189
445 402
257 424
271 276
106 71
73 6
4 311
197 33
161 340
254 73
328 124
197 217
306 432
78 301
402 400
28 338
322 205
134 292
240 420
205 239
34 374
280 146
360 152
290 234
387 32
427 305
210 88
82 107
153 347
134 352
356 157
210 114
99 240
317 189
311 99
427 149
239 82
114 356
356 66
25 342
114 352
201 124
280 122
179 50
423 402
95 233
224 432
97 434
443 33
259 378
219 24
88 73
327 205
219 9
337 427
346 189
267 204
283 203
204 402
275 272
150 83
387 315
205 130
204 240
321 75
73 419
73 153
376 176
242 144
338 324
327 235
406 384
197 165
371 299
78 32
219 99
185 103
221 247
232 48
121 402
419 436
317 320
22 306
131 290
112 297
280 328
150 254
56 419
78 414
303 282
220 124
258 28
179 57
181 362
168 114
324 81
383 165
401 132
380 129
324 414
298 23
214 218
155 60
22 342
271 113
179 280
257 179
328 215
60 224
280 188
240 324
387 78
387 397
173 267
56 358
219 258
234 356
82 384
216 112
254 15
26 21
254 35
315 133
450 341
347 384
290 39
66 165
317 246
214 25
346 247
197 383
22 55
5 204
22 60
423 424
278 50
288 340
316 77
194 239
4 82
197 275
73 397
324 363
153 195
112 412
39 198
295 431
66 439
320 342
254 393
214 141
21 356
294 434
278 317
112 407
420 88
280 50
51 236
311 44
438 397
190 48
287 21
88 83
356 254
134 246
195 423
82 393
374 60
239 384
347 239
240 267
356 15
257 161
362 414
152 313
315 55
288 55
64 427
154 60
51 419
256 242
274 399
85 23
60 25
318 257
445 82
59 433
423 99
60 14
181 32
345 186
91 179
240 446
350 387
181 157
189 346
449 335
181 350
247 346
51 329
377 124
132 138
108 254
301 397
254 308
96 83
254 324
205 47
94 390
356 239
362 103
156 341
210 258
290 26
239 451
323 413
337 73
134 351
268 85
85 6
163 299
261 144
206 424
153 81
231 15
338 227
257 251
205 81
358 155
231 88
231 52
60 273
150 32
205 223
427 198
56 408
402 194
322 324
73 204
3 436
82 106
88 437
192 424
134 428
181 39
240 229
220 43
188 36
135 21
267 384
22 8
150 402
324 351
201 273
73 402
83 73
112 215
168 73
200 2
393 451
191 134
446 78
437 402
197 182
322 153
361 143
322 427
234 290
234 292
143 60
256 319
17 195
406 167
154 35
280 246
446 219
134 252
78 240
76 211
175 5
10 7
257 101
76 341
264 150
387 175
205 78
322 99
99 121
197 84
255 273
420 10
258 64
190 246
266 157
259 267
253 50
303 188
290 181
201 50
197 413
201 36
290 50
427 28
338 239
327 86
264 397
257 408
246 405
420 393
152 230
143 91
233 159
193 384
257 104
89 431
121 423
266 12
78 259
401 10
205 79
427 195
145 141
178 33
257 19
231 150
22 246
362 78
338 327
444 201
271 87
427 111
150 259
203 239
195 131
9 141
56 50
424 337
367 255
254 402
425 157
295 393
82 352
161 342
150 153
12 35
288 335
47 26
337 400
144 137
347 204
82 317
197 291
248 157
267 115
138 109
181 6
39 350
26 391
420 352
141 178
280 12
179 242
214 33
26 304
267 21
270 267
149 431
350 219
86 181
141 424
328 340
150 45
138 387
88 287
73 47
150 78
177 408
337 414
333 280
73 289
231 210
257 313
219 350
131 149
129 214
248 122
402 350
383 230
406 85
11 231
339 305
106 101
134 347
217 246
316 358
315 142
86 402
97 124
117 217
192 147
267 391
311 69
83 427
197 98
240 168
441 341
73 437
175 259
258 290
442 14
254 267
356 445
324 227
356 181
279 198
450 266
234 205
240 175
210 168
86 132
143 14
85 403
16 51
181 267
410 185
283 403
197 220
66 356
109 205
327 83
307 103
254 401
358 56
94 323
82 439
424 358
406 356
402 50
254 7
427 171
121 264
450 35
266 192
76 249
408 315
82 101
257 335
442 143
153 45
210 126
132 181
303 334
146 36
434 232
328 179
52 153
270 427
346 273
143 389
393 406
143 201
290 387
21 322
150 324
40 329
268 298
402 257
205 28
143 334
91 377
114 320
303 412
357 424
219 51
251 233
179 334
82 26
39 258
24 419
324 157
175 134
287 402
378 150
77 318
134 39
231 21
76 214
197 151
78 308
26 114
327 176
82 204
360 240
142 165
356 61
226 253
64 407
64 420
267 446
356 293
267 402
424 142
393 10
389 8
415 217
10 193
254 173
433 49
257 60
214 179
368 293
4 121
26 99
408 241
427 181
28 45
82 379
30 341
187 202
82 10
280 355
52 171
393 356
264 341
393 337
47 181
210 150
25 201
11 138
112 216
283 114
348 249
408 177
78 193
166 315
22 25
21 327
104 9
4 439
11 397
427 397
73 85
433 37
216 434
135 267
25 340
278 208
82 159
324 85
142 8
52 138
291 146
73 64
392 358
288 69
420 73
257 214
252 311
276 85
208 278
225 249
381 212
421 335
371 143
48 142
11 153
248 355
301 363
11 194
392 424
379 364
324 272
427 393
10 82
231 86
48 165
402 114
316 284
205 356
150 369
247 257
52 195
231 427
83 167
132 103
337 204
116 439
288 280
73 337
214 273
104 56
438 427
22 188
290 227
55 299
389 374
52 103
153 138
267 26
214 342
380 323
229 205
131 89
258 397
266 392
190 75
247 299
78 295
315 143
3 89
121 153
203 207
405 246
154 377
320 44
205 11
64 424
214 188
423 199
420 337
20 224
339 152
1 315
64 199
256 43
214 119
33 380
85 114
312 143
231 267
40 433
331 48
181 138
362 446
264 362
301 79
11 391
369 420
267 167
402 341
319 256
3 360
132 363
402 15
446 116
369 239
82 344
228 148
214 361
239 258
62 256
264 402
402 418
185 410
303 91
86 427
247 201
422 436
298 199
338 7
85 28
156 363
257 166
98 288
273 272
64 231
131 311
11 26
181 378
253 298
177 35
242 188
402 219
10 4
402 327
73 279
264 181
297 112
193 28
356 223
347 231
257 206
197 285
193 324
264 121
64 254
323 137
73 89
99 393
427 85
185 268
146 318
427 73
270 438
324 132
420 6
240 204
108 240
85 157
76 274
141 19
437 254
10 350
76 294
10 66
402 24
139 319
267 318
402 223
96 393
28 397
219 199
205 338
271 292
257 377
104 200
78 305
419 316
234 267
423 82
247 273
21 110
85 113
350 446
290 393
85 397
415 419
49 433
288 154
104 257
324 402
393 229
162 85
231 227
9 434
334 215
132 307
393 239
311 246
181 446
392 373
82 321
393 350
14 188
39 83
446 135
204 74
153 424
239 87
4 109
185 324
420 384
197 91
77 136
327 227
172 397
360 149
254 152
420 451
53 336
9 232
294 280
273 412
85 115
197 241
83 150
231 356
239 204
402 159
361 214
131 64
376 162
85 110
219 393
144 334
317 434
73 229
104 217
402 419
193 292
433 134
135 223
219 318
324 68
392 367
122 260
232 1
264 259
393 82
446 363
39 85
266 124
290 427
303 154
320 273
114 311
417 285
393 391
26 384
98 316
162 227
73 131
424 141
147 56
79 195
374 179
76 55
290 180
304 205
22 389
408 56
48 408
152 415
408 273
64 26
240 259
254 384
217 315
79 305
242 179
52 338
33 299
338 290
267 205
231 134
181 329
438 85
240 205
255 188
424 104
257 215
420 167
311 115
85 252
267 138
417 266
356 52
446 240
78 82
280 144
159 412
231 254
408 377
327 134
378 304
423 311
135 45
380 94
255 340
151 8
197 298
324 205
56 104
338 304
419 268
86 420
231 11
82 381
307 47
257 272
143 371
12 299
51 272
387 393
88 290
138 397
94 349
422 219
82 329
73 360
204 194
427 64
440 124
158 246
408 142
403 168
85 181
51 186
82 118
356 279
246 112
366 377
423 78
11 289
424 219
25 115
9 25
266 299
241 315
197 34
423 204
214 425
415 285
351 283
134 68
271 394
26 446
85 384
79 427
178 165
369 138
419 112
338 254
190 426
450 316
10 267
257 201
449 14
151 125
356 64
22 340
327 233
131 363
254 103
319 211
47 397
360 50
324 290
256 50
142 188
358 424
392 198
193 21
64 356
415 257
122 273
356 420
367 9
334 342
153 32
425 214
420 177
85 190
258 427
276 134
86 258
405 280
317 187
152 149
381 405
255 48
216 306
119 340
98 336
197 248
319 76
185 247
64 175
438 10
323 50
73 234
427 21
108 73
356 427
134 439
282 389
134 191
138 23
283 176
77 257
204 327
393 96
214 216
52 402
174 388
387 446
307 219
408 35
78 427
257 159
337 254
268 426
193 393
410 2
194 204
175 7
22 299
361 215
270 446
83 304
422 341
394 87
179 216
22 288
267 126
201 60
78 45
48 232
324 87
150 109
25 112
221 159
97 25
82 102
231 73
88 150
21 384
338 6
73 384
387 304
178 407
197 284
257 117
301 324
220 8
64 240
86 64
450 1
56 257
356 28
254 227
21 234
240 363
194 393
208 137
247 157
327 439
143 282
315 48
315 124
279 324
25 215
226 201
82 363
6 83
129 434
303 342
165 315
324 420
441 8
446 378
88 414
85 177
163 25
356 213
427 103
423 251
142 357
216 50
330 222
39 356
387 103
142 424
239 153
322 181
303 112
83 7
79 356
117 341
56 177
138 392
205 135
73 156
347 414
67 413
356 292
240 131
189 260
290 272
134 402
450 424
220 256
4 356
420 233
312 154
257 69
181 73
348 355
76 407
254 431
267 195
197 9
88 195
424 153
270 88
146 159
338 21
402 362
116 204
438 446
131 397
114 269
252 87
28 83
219 61
150 307
11 83
298 19
99 315
338 134
36 342
30 257
178 367
231 313
239 403
271 134
271 268
290 356
185 32
255 1
255 246
324 264
195 83
291 424
76 62
335 154
356 168
86 204
197 266
104 95
260 124
147 217
82 396
82 209
402 210
239 176
26 231
394 85
112 272
279 360
154 288
212 381
150 420
39 239
82 207
192 104
197 326
119 306
197 432
437 88
162 134
324 78
116 85
231 109
153 341
420 165
205 7
147 142
357 315
327 397
424 419
316 12
318 50
153 422
324 21
340 265
210 190
312 201
290 446
178 331
52 420
267 103
197 340
324 289
390 129
214 12
193 39
232 9
234 82
357 230
197 77
18 324
88 356
66 402
370 280
402 414
393 73
86 270
420 134
197 144
387 259
312 434
240 138
147 167
177 50
47 384
249 157
271 207
324 7
393 362
214 124
204 168
85 318
134 290
39 378
326 225
302 257
369 96
219 177
48 424
82 111
252 379
214 154
424 367
73 307
52 393
330 76
79 205
116 64
407 273
327 88
423 64
257 200
55 179
99 219
82 28
233 273
175 28
327 167
273 340
254 204
445 2
127 87
323 60
324 422
22 218
11 322
56 302
181 239
256 179
290 210
134 341
142 125
206 251
414 103
39 121
153 264
319 25
185 150
350 239
85 402
231 437
82 276
204 287
31 162
134 51
52 304
175 290
14 260
161 188
114 233
252 85
361 407
438 88
403 134
39 240
86 103
340 299
259 304
17 254
181 130
205 153
255 315
402 99
273 377
304 7
408 292
340 342
420 175
98 358
216 188
73 194
48 266
203 394
9 19
255 125
73 341
388 174
398 313
134 322
205 132
220 319
445 290
204 10
324 185
104 441
83 378
254 407
449 333
434 55
197 323
134 376
39 175
78 423
83 32
76 166
210 64
375 320
82 246
304 231
134 427
406 393
393 39
264 204
85 26
441 48
22 424
28 324
14 8
178 145
39 10
99 2
29 137
324 32
264 290
56 48
21 153
210 307
347 324
142 436
85 96
350 338
271 227
403 394
22 355
270 356
356 400
210 85
181 223
114 283
239 290
85 50
131 240
290 445
326 342
320 202
257 1
78 227
97 50
260 179
346 50
259 32
221 257
134 87
260 232
316 419
85 64
315 9
64 400
82 327
112 118
193 289
135 181
324 64
239 175
48 341
28 219
266 293
356 406
257 298
219 85
263 226
290 397
85 356
260 340
28 445
327 189
423 392
194 427
47 356
393 363
324 210
131 400
268 48
85 268
365 222
185 109
183 41
139 76
131 338
341 246
268 77
315 146
304 240
173 64
377 342
64 83
176 134
205 96
52 347
271 82
370 36
266 177
231 324
117 158
278 101
376 392
121 99
362 138
392 89
134 111
254 126
287 39
311 316
258 219
403 87
210 202
377 167
197 374
82 227
64 451
393 322
279 339
239 420
95 266
280 340
150 132
318 374
446 11
260 412
350 99
181 5
73 246
60 215
322 290
257 341
254 162
6 254
338 240
197 179
268 415
312 371
322 64
405 159
10 181
271 403
88 231
406 439
393 290
247 50
96 311
402 420
66 293
151 9
340 50
315 201
340 249
316 56
449 260
415 200
114 397
350 73
94 380
273 255
96 402
427 407
378 402
333 288
142 407
82 24
266 341
120 361
197 299
112 179
173 195
290 4
82 270
135 393
114 438
134 74
152 431
204 193
116 239
221 334
349 390
356 26
231 290
374 412
22 201
438 21
219 324
5 103
378 363
333 415
82 41
216 280
146 272
347 195
257 137
10 301
389 188
258 205
327 292
324 269
85 121
240 52
323 232
185 426
85 131
280 317
85 446
28 175
197 404
52 254
254 231
21 240
315 335
254 187
267 239
73 322
205 21
73 219
4 88
266 104
267 231
240 338
134 49
370 137
134 379
210 397
402 231
317 60
197 257
345 272
99 77
398 230
153 131
204 28
57 342
197 294
162 117
205 352
195 7
231 397
73 149
415 61
356 337
387 150
322 259
47 307
378 175
151 178
324 28
104 422
214 60
40 219
48 441
323 33
85 240
39 392
28 239
82 376
163 342
394 168
305 431
376 134
324 73
304 11
376 329
324 180
125 48
39 231
279 427
393 420
82 75
358 1
99 109
427 400
214 137
78 363
231 194
254 414
323 412
231 304
203 69
301 205
76 43
427 152
253 331
56 341
324 439
264 384
257 230
257 415
116 307
10 423
257 122
204 301
204 134
307 204
358 77
394 203
142 255
220 55
150 64
38 217
434 157
221 342
442 280
257 284
162 212
280 55
423 206
390 434
6 307
144 57
133 342
368 137
10 39
371 315
181 82
306 340
273 233
197 389
51 74
73 195
1 165
185 311
205 150
48 318
73 254
99 257
219 19
264 448
197 155
11 204
181 402
48 2
423 427
197 60
450 141
129 380
54 53
108 64
358 112
257 293
408 357
255 336
150 446
11 131
315 342
134 388
257 56
317 346
47 205
234 384
334 14
356 290
71 69
194 73
39 301
82 105
408 297
240 360
374 8
43 242
9 272
338 81
401 181
134 268
48 23
233 342
134 338
201 405
407 214
304 290
185 204
178 48
175 397
400 153
197 274
43 179
195 301
304 150
6 338
423 367
191 271
278 405
85 387
56 147
200 77
82 433
104 197
324 356
175 131
279 431
85 35
232 368
408 341
36 137
85 109
122 189
83 78
36 188
152 358
257 171
402 203
198 295
257 285
150 264
433 405
219 132
350 363
142 1
6 45
82 419
324 307
350 138
205 324
315 157
21 439
132 21
267 10
204 307
181 78
6 103
73 223
88 26
358 436
377 273
279 39
393 5
240 73
290 258
221 365
114 384
120 33
82 236
79 135
233 112
327 103
231 81
131 356
60 216
267 427
221 273
33 323
154 260
258 384
204 21
153 400
368 94
257 75
278 333
56 61
135 152
85 116
175 341
214 161
147 192
185 202
55 182
441 415
266 1
402 5
369 338
203 393
420 103
195 103
320 246
257 255
205 194
203 271
290 311
210 45
338 427
181 363
273 189
17 121
408 48
380 434
423 192
424 9
427 227
10 231
204 338
315 217
337 397
187 424
154 188
287 384
254 341
116 267
175 279
121 392
350 384
383 298
337 64
39 32
201 112
39 397
258 341
408 298
446 10
450 77
197 225
30 315
178 408
78 387
232 125
327 177
132 384
11 338
295 360
231 400
356 11
279 152
178 9
383 335
46 122
337 88
197 249
39 152
315 421
185 88
10 254
298 48
304 362
10 64
134 397
64 341
166 200
407 9
254 360
231 451
142 298
134 37
420 28
387 89
303 218
423 10
5 427
267 387
315 266
264 439
307 239
104 450
229 393
350 223
266 136
327 64
86 239
427 131
288 233
143 315
28 180
357 56
200 257
6 11
71 106
422 358
11 356
95 422
14 60
82 435
248 236
402 173
402 131
64 32
71 44
82 423
406 181
64 369
82 190
440 143
98 188
267 229
427 205
423 48
347 269
257 233
254 427
419 56
304 446
21 414
146 280
408 407
210 402
197 368
446 85
36 179
247 154
253 334
5 397
440 342
312 280
121 185
135 32
51 203
338 437
78 431
168 384
241 358
356 131
260 215
57 124
75 268
417 217
176 239
92 320
387 205
241 408
86 153
204 64
450 257
73 451
327 356
231 205
173 10
98 342
76 429
420 219
29 249
57 14
450 48
232 331
146 154
39 373
165 217
188 215
181 356
76 226
57 137
142 297
286 209
324 162
339 89
82 405
20 50
290 223
195 126
48 320
204 5
337 384
197 380
197 120
222 221
406 363
112 201
177 315
22 415
83 223
231 64
288 355
10 2
316 424
449 188
327 320
9 273
249 355
78 10
257 441
21 32
210 352
450 9
78 373
423 180
369 289
64 445
417 8
257 436
365 246
205 32
288 412
178 1
402 337
185 10
350 25
197 348
131 254
423 446
264 193
79 268
197 48
402 239
269 204
290 21
324 134
221 214
238 388
76 330
295 313
162 87
186 51
205 181
44 320
356 108
415 358
276 271
324 108
39 279
82 252
320 50
424 407
357 217
197 361
286 69
280 8
212 324
219 407
368 214
441 257
307 168
159 23
324 195
322 138
427 228
256 368
253 112
51 237
210 227
337 195
335 280
52 21
253 9
424 163
168 150
28 439
112 273
279 168
246 441
287 352
205 327
197 409
306 119
288 137
239 180
79 246
9 125
446 103
406 415
338 384
267 171
52 384
83 431
204 4
430 50
290 10
356 6
387 219
432 306
104 219
392 313
408 199
83 356
193 175
82 210
168 290
304 393
205 301
406 259
142 35
141 50
287 204
139 274
217 112
95 166
264 199
197 178
157 251
82 71
311 230
175 427
402 397
271 109
197 430
6 414
197 367
315 56
362 301
362 347
427 135
73 431
295 415
85 418
39 96
293 165
270 397
367 166
239 86
21 73
303 137
117 415
44 184
315 273
209 286
260 342
99 436
215 188
10 177
10 307
28 204
323 94
423 257
393 387
450 14
402 103
260 374
246 159
187 92
266 415
52 205
214 249
181 167
135 96
56 246
239 116
339 313
52 233
379 162
322 26
55 424
267 322
430 146
287 86
83 227
415 251
6 157
234 227
193 318
393 153
98 60
112 342
424 273
324 393
216 299
240 301
374 112
327 247
142 23
134 272
10 6
39 205
257 189
197 447
324 287
56 316
304 135
195 26
340 214
158 162
181 202
394 271
173 427
316 142
64 257
197 20
239 10
153 419
279 205
197 449
280 216
295 305
3 358
239 150
134 28
298 178
315 125
83 407
83 152
427 356
78 393
268 341
55 22
415 408
197 354
147 315
425 340
358 316
153 439
52 356
82 59
164 317
216 355
408 415
114 18
147 316
301 231
197 145
10 130
188 233
267 259
196 320
185 239
47 153
188 50
39 406
356 50
163 214
254 205
324 118
127 311
114 327
48 331
52 227
52 439
193 73
408 61
402 83
94 182
317 112
257 247
371 282
197 65
267 289
323 129
280 405
73 96
47 324
208 272
205 446
229 99
48 255
190 77
152 373
261 179
412 50
214 340
380 368
225 124
254 283
175 362
83 290
39 223
181 338
393 427
362 146
338 131
369 150
143 407
153 231
73 270
268 190
28 327
10 28
214 299
197 331
338 438
203 87
10 45
324 167
392 3
445 205
327 384
278 199
219 298
240 378
210 83
205 45
210 341
104 48
264 240
205 229
98 178
301 356
78 392
181 407
104 255
350 78
257 315
374 342
356 21
337 240
205 168
73 24
66 82
197 141
98 424
271 239
197 140
254 304
34 342
83 393
86 223
324 10
181 227
340 328
6 445
239 351
83 313
95 104
134 307
317 104
369 307
422 396
225 326
76 310
338 26
82 292
324 83
408 316
197 296
68 87
441 77
337 446
122 335
216 165
125 331
270 311
47 73
85 321
56 187
82 453
114 50
195 378
197 221
197 230
112 50
257 30
188 273
39 427
358 104
221 341
76 416
280 201
259 322
135 373
239 439
438 234
176 254
378 387
332 8
76 261
6 150
240 227
112 60
73 45
153 86
356 73
279 3
304 397
442 412
340 57
181 301
185 384
153 194
257 219
82 364
315 230
1 141
197 371
172 324
76 139
48 1
239 324
424 125
6 304
47 168
179 340
73 400
414 73
446 304
273 232
208 101
402 272
214 129
82 375
8 273
256 328
271 391
260 154
221 14
423 384
112 165
152 424
153 401
86 446
368 349
303 374
150 85
254 292
134 109
175 347
25 179
408 313
150 204
233 340
205 4
322 289
195 402
74 85
51 381
266 36
101 208
290 338
193 204
232 141
10 83
78 362
210 109
194 254
327 82
114 176
67 368
181 240
310 399
327 438
251 201
268 419
135 79
52 26
73 7
350 418
317 202
449 288
200 166
86 290
40 317
400 45
151 424
340 188
85 231
151 253
82 74
85 150
203 82
8 60
392 339
427 175
340 273
419 424
291 230
3 305
445 439
315 104
400 64
47 338
56 285
26 153
406 32
121 219
185 180
91 143
406 396
402 87
28 231
288 112
220 137
197 421
86 28
420 341
99 146
195 363
21 39
338 204
185 420
98 22
197 122
264 257
349 33
204 103
176 114
324 66
257 297
445 384
85 210
181 317
47 315
254 347
257 268
82 356
402 227
316 165
190 273
402 26
85 439
85 426
393 64
85 419
381 68
259 193
348 326
204 114
267 213
414 437
271 51
204 78
324 88
392 305
212 246
22 189
131 39
132 289
116 397
159 201
414 88
231 45
78 324
403 176
288 246
178 436
197 224
240 32
181 207
195 173
338 213
393 204
135 304
78 378
10 446
78 204
450 125
288 188
93 70
197 222
240 79
255 331
10 438
257 112
221 197
403 283
76 299
49 37
214 306
290 322
193 304
402 10
76 216
315 36
85 135
254 82
185 82
406 301
99 26
114 324
82 338
317 358
257 165
414 393
267 254
85 283
214 257
340 112
291 61
205 185
433 244
257 260
324 50
143 216
168 283
446 83
55 434
51 426
197 399
73 311
239 347
28 258
290 438
316 257
64 81
273 335
350 362
338 397
254 437
420 240
273 298
197 333
259 289
376 403
258 352
77 246
64 347
393 223
83 289
141 255
257 124
22 154
56 197
215 179
446 150
98 8
239 168
350 83
112 9
361 120
98 335
214 145
73 103
221 218
122 60
150 445
233 412
219 304
358 188
73 356
233 179
175 356
76 9
337 153
450 285
257 50
10 73
1 142
170 416
288 165
231 131
187 69
82 73
253 125
362 45
198 431
204 234
304 73
387 363
141 342
94 129
298 9
259 78
345 237
337 223
219 315
116 73
356 219
73 168
150 393
351 176
207 85
419 408
214 112
239 203
258 86
268 230
406 350
48 257
39 7
125 142
9 377
201 444
408 187
258 85
423 208
114 85
83 402
338 110
427 231
112 280
356 446
219 422
99 391
327 290
402 322
95 200
3 217
346 159
424 356
205 401
304 193
149 295
131 15
82 320
356 437
152 298
88 451
253 60
408 125
114 204
205 315
356 350
10 50
28 356
387 138
356 270
450 333
254 6
303 60
273 342
417 230
349 94
393 109
165 167
307 240
197 297
188 8
315 255
219 8
427 394
83 295
73 318
420 439
318 251
68 381
142 315
254 176
320 48
239 103
132 324
368 112
201 8
9 315
131 292
86 185
190 346
356 307
450 217
214 143
143 342
257 416
369 324
347 21
402 167
26 205
420 289
6 397
291 77
165 157
423 337
315 419
159 247
150 73
239 338
221 101
205 202
322 356
450 200
122 201
132 52
175 240
135 83
239 337
260 218
195 347
338 210
320 77
132 109
387 83
181 121
194 64
10 173
66 50
73 198
254 52
240 15
239 394
179 144
229 322
400 254
197 95
104 117
216 60
402 153
389 143
350 103
39 21
257 202
333 335
188 412
270 292
147 219
201 14
197 306
99 135
356 233
304 83
400 103
197 55
181 159
219 117
112 69
214 155
73 88
82 181
232 424
254 150
358 415
331 1
10 35
193 290
204 264
83 384
427 114
51 212
256 299
150 194
114 203
10 131
260 188
134 420
279 373
340 218
387 341
275 288
438 233
142 48
257 143
76 33
179 145
266 342
73 239
30 177
190 341
267 157
427 402
181 10
239 64
197 377
24 171
205 384
307 176
420 292
144 340
135 322
84 315
6 195
64 397
240 150
185 138
163 179
305 339
320 262
440 50
214 55
255 60
66 28
258 315
197 163
82 180
150 356
185 327
13 341
410 426
6 85
99 341
231 28
393 150
142 415
324 239
168 397
10 205
239 131
203 114
79 341
393 213
83 103
406 290
29 374
134 212
82 187
197 452
315 318
270 384
178 449
239 213
48 293
287 438
47 267
334 50
53 345
264 175
201 355
267 324
338 175
281 209
10 5
356 39
316 104
222 14
104 190
205 64
257 246
387 350
260 157
73 424
214 272
315 371
401 153
144 280
181 279
338 28
254 423
301 402
264 391
358 341
253 137
139 399
433 40
445 136
85 51
432 188
82 88
26 239
440 319
234 338
19 358
60 154
450 219
57 334
22 249
252 246
185 292
248 43
73 39
312 303
205 393
85 279
189 159
258 356
438 338
64 168
446 231
