383 480
440 225
419 147
14 296
220 150
411 125
319 85
56 159
513 455
164 457
443 317
219 365
306 521
393 43
351 217
308 86
168 259
241 100
252 482
489 228
530 191
467 354
242 521
264 290
32 521
163 471
225 274
120 154
151 204
498 129
345 144
467 59
230 311
523 386
215 356
76 144
64 96
234 120
237 271
308 480
380 487
341 271
95 450
228 372
345 193
191 493
134 129
336 47
30 96
326 417
523 429
223 38
389 68
57 332
197 446
233 520
454 537
406 261
47 532
191 247
362 352
162 143
147 515
474 239
313 280
304 32
80 132
361 457
46 161
509 151
163 374
145 154
520 278
296 316
114 217
41 311
156 354
521 362
253 147
499 143
499 55
440 389
46 372
189 387
497 10
59 197
229 70
43 408
339 411
321 450
408 250
303 46
3 26
32 454
267 310
146 39
303 40
342 523
274 13
339 485
326 418
411 404
105 18
56 296
223 391
299 39
124 437
495 222
228 227
151 515
168 102
389 296
164 401
47 119
168 386
533 328
241 354
163 399
311 502
200 67
506 537
211 391
509 489
414 346
377 420
471 296
225 281
488 308
231 64
70 193
503 225
304 195
411 242
290 394
533 95
161 310
91 210
275 35
502 161
472 484
521 105
125 341
54 418
56 332
410 355
193 497
497 95
122 532
16 297
263 339
495 227
32 304
361 129
365 262
275 119
45 189
278 70
530 457
465 138
439 228
501 281
389 513
503 228
408 284
278 454
515 274
147 419
387 326
34 263
164 521
459 492
193 133
516 338
326 409
255 515
361 330
418 266
255 402
497 274
197 185
534 402
197 297
274 474
266 325
122 40
216 535
502 67
184 435
295 239
127 175
431 513
225 201
8 383
179 95
411 149
160 102
413 328
296 325
35 230
535 299
189 306
24 192
8 530
193 348
54 197
308 76
345 134
503 457
181 490
228 474
502 127
390 389
13 216
444 274
102 212
509 378
521 176
485 37
41 127
443 59
523 437
73 504
108 34
207 361
70 348
266 210
104 411
296 526
455 43
299 59
155 129
471 457
455 423
268 387
230 67
30 232
395 88
43 393
119 336
283 400
521 221
8 232
504 372
504 230
9 119
455 210
155 104
497 144
84 425
542 30
535 154
310 336
115 430
305 354
338 325
389 60
452 154
410 216
239 189
521 131
227 9
389 526
147 275
521 209
338 209
383 232
64 413
467 357
114 199
499 26
389 480
530 239
393 371
21 454
35 336
176 227
190 69
175 336
162 216
503 495
114 216
487 478
119 509
296 39
63 437
122 260
495 73
119 127
163 400
164 515
278 274
228 200
535 34
70 145
18 532
61 460
276 317
515 451
105 176
86 271
313 19
488 535
119 35
100 193
515 275
421 521
516 465
127 67
199 146
443 225
8 348
219 404
521 488
473 38
438 191
530 352
154 453
193 191
317 8
229 411
258 445
422 473
333 144
284 219
155 438
263 146
233 497
356 533
264 64
193 402
9 502
18 127
188 274
197 71
163 440
163 222
76 239
396 356
339 188
247 9
18 509
220 62
287 521
377 181
275 515
503 471
383 69
530 304
13 410
509 200
435 128
131 274
207 294
127 35
411 375
535 352
430 450
401 534
163 199
242 302
173 225
535 319
295 471
59 357
532 311
351 280
28 292
245 391
242 385
499 354
73 358
467 399
338 386
280 521
410 374
144 263
284 473
9 122
520 181
299 179
362 280
463 183
163 161
295 351
477 80
259 333
6 28
294 146
503 389
164 8
138 64
154 236
147 230
480 224
308 138
308 384
502 311
393 365
443 535
69 118
392 389
434 342
111 466
139 245
496 432
535 197
28 339
383 138
521 396
434 403
100 495
179 321
125 256
296 157
296 183
465 413
542 144
505 375
339 182
413 138
10 95
431 299
176 228
345 43
70 380
338 438
478 499
485 475
317 32
119 255
43 284
134 488
12 161
383 284
137 178
259 296
495 515
339 184
419 495
15 116
408 210
35 303
324 505
189 134
474 457
207 355
389 183
278 189
342 218
439 9
8 292
411 257
15 10
535 530
423 321
422 183
395 499
343 15
207 515
193 413
199 294
256 290
166 34
72 299
389 160
384 450
311 161
434 324
304 288
86 457
267 534
454 465
268 28
503 327
54 411
166 144
333 275
119 200
28 263
193 333
263 133
86 197
371 290
18 46
493 403
124 299
59 195
20 414
504 46
269 147
521 45
128 403
295 339
192 494
76 276
240 262
275 227
474 316
390 383
316 144
466 184
504 147
199 505
497 333
277 278
47 67
239 156
357 338
102 335
133 56
515 216
506 397
425 99
488 193
333 541
164 311
184 332
296 189
217 86
303 122
197 174
523 356
501 290
336 151
164 439
217 28
506 95
215 345
263 239
362 66
380 437
102 271
535 207
76 182
472 282
160 271
455 299
321 348
211 307
521 356
115 102
163 470
483 266
225 34
326 144
353 7
326 102
224 214
362 180
422 218
454 306
535 191
279 21
268 389
277 96
21 274
518 391
215 8
535 45
383 4
73 164
155 262
275 127
535 474
18 303
115 437
326 195
467 521
189 184
296 210
102 506
383 224
229 523
263 310
8 538
253 46
517 190
340 20
534 9
467 207
65 259
340 520
345 161
122 267
530 8
408 342
155 189
239 1
163 227
41 46
102 473
496 373
220 535
401 311
473 270
333 389
176 400
268 299
535 56
45 471
197 270
165 371
132 56
132 108
220 207
268 314
85 154
357 485
6 144
513 202
423 38
495 119
47 46
45 144
372 164
121 454
495 247
76 507
199 205
154 69
454 373
156 502
263 134
333 46
43 356
421 263
155 497
372 193
412 170
515 260
73 230
56 327
175 451
73 217
467 197
228 532
176 502
100 253
362 530
276 207
345 308
373 389
69 270
317 411
317 146
163 1
419 46
413 211
163 333
418 348
414 52
310 515
338 530
505 339
311 175
15 454
521 67
472 353
389 317
131 270
120 389
523 434
320 521
180 386
122 47
477 434
444 165
263 193
70 523
121 191
535 188
59 399
86 8
70 455
127 439
288 228
438 199
162 392
86 370
33 146
339 405
303 372
380 179
239 193
120 69
225 141
56 206
31 183
120 256
147 333
375 138
340 62
435 329
408 219
227 228
505 523
266 356
517 321
217 413
506 418
408 240
396 266
511 8
338 216
59 467
227 119
400 274
15 383
202 505
156 474
535 87
383 423
532 534
389 322
355 217
491 457
333 354
127 247
502 247
459 76
521 542
465 356
72 505
142 455
389 172
278 497
504 73
230 228
521 517
188 317
356 213
311 253
200 313
8 357
37 485
35 470
299 270
357 438
438 6
342 450
523 210
368 408
535 161
504 175
1 535
72 342
278 59
299 381
200 228
240 70
217 13
211 436
32 182
302 389
200 269
30 190
296 168
435 117
230 495
59 274
193 18
13 300
480 299
481 321
247 311
26 3
443 339
351 230
127 106
222 504
345 296
516 383
455 437
1 521
279 362
125 461
22 183
229 102
47 122
534 521
401 333
161 230
468 373
189 399
151 345
272 42
423 202
405 333
119 228
119 504
35 503
227 489
502 521
530 6
418 232
456 196
295 1
43 299
530 268
179 523
340 173
207 304
189 167
225 443
224 523
408 356
455 10
435 181
146 389
423 301
467 156
59 529
121 288
8 138
22 376
296 345
225 345
545 488
131 217
478 284
410 357
197 94
373 410
442 39
224 262
515 339
35 200
222 275
461 304
3 270
530 131
389 454
299 60
280 345
411 44
47 267
219 418
125 80
13 14
375 231
10 64
121 70
357 520
146 120
399 339
193 144
32 535
273 26
207 155
95 99
530 270
509 100
455 375
193 317
383 184
389 134
131 381
473 513
496 530
263 368
175 127
125 183
342 262
521 465
268 191
321 290
207 120
515 457
253 100
160 389
141 361
417 197
515 12
239 444
130 218
155 535
18 193
372 311
56 8
524 472
189 411
400 373
488 521
313 474
214 60
362 207
521 120
100 35
296 374
495 260
2 184
76 80
69 285
15 506
14 521
506 434
168 438
299 117
489 303
57 270
489 367
200 521
334 290
13 211
59 108
125 134
73 197
299 239
65 76
75 371
35 333
148 191
440 411
127 222
326 177
408 541
356 4
393 321
502 253
13 38
176 372
425 523
460 52
521 402
164 228
220 201
276 32
163 267
281 154
503 189
279 133
336 401
411 454
220 319
284 408
179 505
101 299
198 279
34 188
530 529
479 403
26 371
497 207
304 362
345 246
200 193
176 18
299 435
375 348
533 299
59 45
255 275
33 501
247 193
454 520
351 287
8 339
355 280
253 367
215 417
314 317
317 19
154 391
274 6
241 197
199 286
59 239
212 480
209 403
165 435
478 10
454 99
383 338
495 470
411 443
242 520
156 317
454 371
503 345
504 470
204 386
530 365
419 105
232 102
223 26
23 122
43 4
239 287
540 292
423 270
539 347
389 430
15 69
365 413
133 197
276 387
6 32
308 276
385 350
202 266
31 462
266 170
193 373
469 371
535 125
423 348
521 207
222 310
520 137
521 372
521 32
176 534
521 443
18 122
528 458
295 156
345 85
304 274
272 266
501 207
319 361
419 509
408 430
439 502
356 365
86 268
276 155
489 401
513 403
199 447
431 542
46 176
538 197
454 385
215 240
303 227
175 197
408 380
88 499
146 206
69 24
179 356
357 400
411 197
321 473
131 299
227 373
176 503
202 500
102 299
127 269
301 117
372 339
245 75
163 304
317 290
9 470
523 322
520 193
294 317
334 371
509 351
219 322
65 252
446 221
321 60
503 263
373 96
506 70
242 535
241 207
263 19
425 411
521 367
288 339
173 535
423 455
345 28
119 400
287 351
292 345
299 36
530 69
1 239
197 129
158 191
225 85
413 64
338 362
503 241
132 144
296 228
405 345
275 151
271 102
399 225
108 521
62 98
32 339
122 46
39 42
108 217
9 193
142 78
122 161
333 96
413 533
193 372
530 468
6 530
421 333
56 433
414 389
467 199
296 22
321 38
315 282
189 521
142 6
467 272
351 474
183 290
199 484
443 239
111 371
340 497
339 317
438 279
241 336
506 116
477 125
201 361
255 389
276 459
474 43
388 450
396 4
408 478
56 338
505 394
267 200
530 296
455 533
216 520
100 122
193 70
418 442
156 333
137 138
435 64
343 219
503 274
45 191
525 536
71 273
227 275
144 134
299 322
35 253
103 403
207 423
225 457
207 154
119 100
474 97
421 36
144 354
515 253
473 380
147 227
227 200
535 362
1 217
79 129
131 28
211 38
225 471
488 36
333 35
276 191
200 241
442 4
396 465
163 504
27 423
56 519
85 281
325 394
85 414
127 351
128 371
191 283
253 241
473 325
319 150
461 226
279 188
372 303
154 403
228 191
211 321
225 338
161 532
515 267
217 365
365 224
45 239
228 303
523 398
201 62
296 520
515 470
70 325
454 343
283 497
489 147
530 387
21 339
464 96
413 365
438 389
362 520
401 230
156 274
317 104
523 116
200 46
399 62
144 308
313 45
76 308
454 411
114 132
521 225
121 333
263 167
288 121
188 438
241 41
400 488
59 373
521 184
72 99
483 384
383 229
239 520
487 437
439 127
144 316
516 218
501 197
456 190
365 521
108 154
158 39
105 191
521 355
155 62
197 520
65 129
532 504
418 270
189 276
163 345
244 211
34 235
176 147
155 125
52 245
523 211
119 502
316 239
521 231
392 272
383 244
263 365
311 46
419 9
523 348
27 52
256 340
409 345
538 345
454 239
166 125
15 513
357 225
317 281
225 535
144 326
373 119
219 39
419 502
164 263
117 154
420 117
197 30
358 354
400 278
306 66
499 365
454 322
225 56
304 333
454 370
35 41
534 222
366 210
70 177
56 107
173 361
401 310
220 340
12 336
311 532
188 225
46 151
295 19
275 327
125 8
127 275
290 484
467 170
137 505
217 348
413 4
454 413
42 312
418 43
387 308
439 310
417 268
147 100
362 198
245 52
162 210
6 217
276 438
474 389
303 503
306 454
489 241
88 392
357 45
266 483
275 260
201 202
176 310
357 211
418 95
333 311
224 365
176 119
227 46
532 521
425 545
521 523
8 308
199 173
230 161
439 119
505 299
521 495
119 503
503 401
451 67
133 59
304 299
15 343
505 218
28 173
515 311
144 513
399 69
504 106
398 523
175 18
276 205
269 534
520 155
215 98
78 290
365 393
11 418
24 75
70 471
163 46
383 218
336 241
10 284
296 97
535 361
184 490
256 233
197 530
521 102
333 47
134 233
485 304
338 275
542 297
255 207
333 345
164 105
499 270
255 9
308 62
384 473
324 102
399 358
326 529
534 503
66 129
193 520
269 532
28 389
461 239
125 69
76 86
176 267
523 366
414 125
266 154
188 399
535 134
59 144
255 504
222 515
35 241
373 13
310 176
513 386
317 134
202 348
480 212
313 339
121 106
259 542
193 345
134 438
383 505
13 137
44 270
304 346
333 413
159 21
132 134
521 534
95 69
397 371
1 474
188 39
253 504
535 217
355 59
521 230
127 260
119 267
163 392
521 391
85 361
520 76
303 12
443 390
277 164
72 214
368 418
147 175
147 374
91 137
509 345
279 108
228 495
88 332
229 194
197 143
422 523
442 293
137 95
418 483
20 389
59 317
355 296
263 389
263 105
535 210
64 442
301 154
516 334
359 403
302 290
43 537
356 321
134 535
345 351
326 217
156 419
467 189
203 184
197 475
173 154
221 36
532 41
274 278
279 289
46 260
383 130
294 28
535 344
278 535
28 34
299 483
274 316
105 253
375 437
440 277
532 327
504 119
207 471
530 225
146 294
303 73
425 418
483 60
417 538
228 354
70 310
91 520
225 109
100 230
188 520
454 386
414 154
534 230
411 264
268 385
535 357
296 413
242 85
46 275
105 532
233 389
495 197
197 363
412 354
393 381
144 437
147 327
211 258
278 191
313 351
326 511
478 408
219 356
319 225
418 356
193 43
271 29
173 85
208 290
225 305
497 317
406 346
399 501
76 482
269 151
473 154
267 367
242 183
380 69
510 435
253 333
21 497
191 374
263 357
310 46
267 402
477 224
163 495
102 214
211 408
151 521
245 403
454 219
8 400
72 398
73 495
534 275
351 45
520 157
387 345
455 384
429 437
255 303
105 119
516 194
96 8
389 22
532 401
133 392
159 438
28 199
306 457
333 119
535 69
263 461
310 67
225 188
521 316
247 374
313 217
423 181
56 381
227 451
197 412
197 519
35 515
501 262
372 144
454 304
164 367
525 435
365 219
41 147
197 36
410 457
184 181
119 311
290 26
70 506
418 262
389 225
311 241
172 425
534 122
455 418
537 403
497 314
474 354
277 163
503 122
100 45
504 509
542 462
338 191
387 535
241 176
28 217
530 94
150 225
45 345
34 184
18 241
278 305
199 208
473 413
255 345
451 503
455 325
278 239
521 41
317 183
151 35
100 119
503 191
239 313
444 44
46 241
230 127
355 279
530 497
276 530
154 469
520 345
134 299
144 488
91 352
250 505
321 365
515 402
412 389
191 223
241 372
481 244
306 326
502 239
520 173
299 394
230 372
391 435
487 380
275 193
488 545
487 321
285 69
70 207
288 357
510 154
521 61
288 296
321 413
217 497
127 105
502 73
119 534
383 513
207 505
73 333
422 408
6 308
333 263
323 233
13 288
15 450
216 197
122 458
129 199
132 411
22 259
200 100
18 176
419 191
13 59
207 127
521 180
127 333
163 47
13 43
46 269
408 465
147 504
156 239
230 9
144 520
410 313
47 18
136 210
302 399
346 356
502 9
538 191
521 504
485 223
268 59
488 462
35 73
380 478
127 119
471 217
461 274
21 167
124 15
501 454
13 91
435 391
473 299
389 525
176 327
423 218
317 85
345 217
127 191
183 22
450 240
146 225
70 521
156 295
197 186
247 46
280 296
69 181
13 535
41 200
450 423
338 157
225 189
520 354
280 355
387 239
295 193
21 383
145 390
400 308
299 365
273 185
44 279
523 145
264 522
340 262
144 290
216 304
422 102
45 59
189 302
191 333
523 84
247 275
264 181
239 354
506 307
147 263
529 304
487 328
483 510
284 523
521 487
224 480
323 76
278 348
505 240
338 194
125 520
467 295
530 345
47 372
197 88
96 30
263 274
223 270
408 388
207 20
59 278
345 304
408 42
234 411
104 425
317 279
165 69
276 6
417 308
86 144
114 188
511 207
85 317
138 231
497 281
326 276
42 43
8 263
344 497
357 538
184 75
521 344
461 389
219 211
125 525
184 203
515 18
434 299
345 218
313 43
520 341
297 30
247 191
219 441
503 278
443 69
520 296
199 543
278 263
179 138
275 191
63 346
326 438
313 1
478 219
102 480
164 372
197 512
155 197
444 239
47 35
84 299
304 134
8 288
241 275
120 146
193 488
75 184
523 334
313 488
85 319
46 200
411 314
43 371
299 212
363 30
341 168
220 125
313 503
526 22
326 389
399 28
20 233
534 73
287 274
13 283
240 244
296 437
219 533
479 433
85 404
521 164
505 384
247 127
387 385
383 450
401 495
396 513
431 102
491 225
419 156
362 359
505 380
287 313
513 375
60 244
222 200
73 521
191 461
163 18
276 8
66 36
394 522
408 10
13 318
438 296
176 175
80 129
454 33
225 167
253 534
515 503
268 183
413 232
349 6
373 109
304 167
505 500
105 46
102 324
542 360
247 327
440 362
18 367
161 275
160 333
358 280
18 147
34 437
241 535
415 389
278 521
122 327
480 523
119 495
130 386
199 216
303 336
497 85
509 119
467 129
357 305
521 19
535 144
225 283
164 451
389 323
454 399
467 351
279 326
343 290
299 321
32 438
119 122
108 159
268 207
310 367
303 534
338 185
59 1
371 135
134 462
100 535
407 298
313 287
389 361
326 194
225 340
142 195
444 242
400 521
18 222
529 32
534 127
421 341
497 97
372 127
365 143
299 500
266 513
290 184
269 502
96 432
254 442
535 302
212 213
279 348
408 371
127 73
357 391
22 309
372 378
8 365
409 207
195 108
156 521
516 15
317 280
256 389
389 477
61 154
502 495
156 471
131 125
76 466
339 191
421 259
200 151
473 64
119 9
489 253
280 333
225 438
336 100
523 219
521 303
167 6
217 454
146 317
399 279
155 454
13 339
94 468
15 396
1 348
506 480
160 296
389 262
521 260
189 281
117 490
479 468
176 105
542 373
56 404
362 87
222 532
504 327
368 214
225 114
198 197
230 504
188 339
399 13
455 473
239 144
389 252
454 442
163 405
223 191
141 457
284 10
122 521
521 375
263 279
530 13
32 216
535 283
454 410
401 151
534 255
142 203
414 183
9 327
159 189
408 450
121 1
228 278
32 345
334 184
18 12
503 275
42 473
191 336
534 367
370 521
525 514
339 461
439 200
151 495
389 440
44 114
155 32
432 180
339 225
188 129
488 345
281 535
32 59
197 354
389 449
349 521
454 443
523 342
190 57
504 191
128 64
114 317
23 263
396 365
102 99
435 377
247 502
521 21
193 239
454 191
13 133
345 59
154 441
434 15
480 130
43 64
50 72
23 336
383 211
18 451
366 398
161 534
479 195
199 6
32 276
138 418
515 9
268 383
56 154
411 438
341 259
211 299
197 496
295 144
131 239
411 290
319 521
102 366
247 503
102 321
443 215
138 262
443 454
150 32
290 334
352 362
383 266
200 451
167 535
474 454
239 437
13 474
176 439
306 21
131 279
363 464
86 368
435 525
199 93
8 144
535 62
39 321
322 408
444 339
73 47
445 450
380 284
339 520
70 164
523 15
102 384
521 333
46 311
73 18
228 35
520 514
70 365
48 315
419 311
151 263
311 247
62 399
192 377
355 278
191 362
423 505
480 366
42 408
242 125
233 197
344 69
47 451
294 173
497 62
32 530
520 225
372 45
535 163
444 114
122 402
50 473
396 455
164 333
535 150
228 59
296 411
263 422
411 365
274 189
125 235
285 7
32 189
163 144
511 62
31 233
13 197
18 267
521 414
530 538
217 296
225 191
454 276
227 176
164 151
303 23
438 497
380 533
487 43
46 35
131 229
411 345
145 383
46 119
317 198
277 183
56 69
481 473
497 39
122 35
15 135
240 380
422 270
419 402
495 67
224 398
163 279
423 262
523 325
268 8
127 45
356 185
39 533
95 4
229 437
263 163
502 191
313 467
506 513
454 189
13 195
256 514
326 189
320 109
322 299
321 299
228 313
365 408
208 437
353 435
197 191
346 420
336 144
20 150
96 180
93 109
73 357
303 311
253 521
168 520
122 207
542 316
509 372
389 376
228 283
219 516
225 461
259 262
70 515
401 147
50 394
197 479
400 8
310 241
168 22
338 389
530 317
134 168
317 535
145 365
454 356
145 232
326 461
105 495
317 233
56 191
504 200
326 454
259 233
132 454
124 408
334 391
296 538
105 439
439 40
163 357
247 489
389 514
253 351
255 18
368 299
211 523
125 389
458 521
504 311
423 473
215 540
114 521
313 410
133 217
268 308
306 263
219 102
414 173
122 451
13 348
105 247
411 276
387 389
183 197
419 354
276 490
278 228
359 225
355 457
351 97
296 351
515 313
296 60
385 148
240 224
163 287
197 416
131 317
13 374
411 8
122 534
197 433
13 157
356 346
84 15
310 222
372 228
9 164
142 371
73 239
199 472
328 321
480 466
146 188
502 156
197 248
284 437
472 315
241 303
197 424
342 84
302 270
351 279
28 425
365 437
418 334
100 419
87 288
145 334
278 96
70 533
197 296
339 166
282 261
264 75
239 19
520 497
239 490
144 333
406 484
28 333
133 295
455 396
69 377
163 311
114 274
410 288
282 103
200 372
167 389
119 67
35 122
506 290
408 244
394 473
461 263
31 90
365 356
73 100
125 497
13 520
180 432
126 78
179 224
1 354
221 272
133 515
538 91
506 425
485 167
535 313
23 247
319 281
405 239
463 233
20 294
411 188
230 333
146 219
503 354
535 387
59 21
195 154
523 478
392 129
227 535
425 277
147 253
287 474
475 13
308 191
389 425
31 463
144 163
387 28
15 541
56 228
425 440
163 176
488 263
18 151
342 506
306 485
521 384
145 192
419 239
310 489
356 39
530 290
341 160
362 283
373 357
420 24
506 219
542 13
368 341
8 497
127 451
530 243
225 95
26 184
269 515
211 383
299 423
528 450
253 9
393 403
410 362
208 202
127 12
207 344
198 355
102 250
146 387
66 86
228 121
521 182
302 520
193 59
355 287
471 278
228 269
241 495
266 272
254 4
454 199
102 541
372 147
263 259
471 45
47 534
9 197
303 521
454 85
474 400
440 425
530 197
389 347
164 19
101 480
191 413
384 394
269 267
229 232
383 331
96 57
268 199
299 523
276 239
455 413
296 239
155 28
466 203
199 282
425 361
156 495
226 21
410 279
200 267
159 242
480 138
311 127
219 154
76 154
450 388
56 461
529 535
502 303
15 229
455 356
488 520
489 260
352 519
150 20
471 199
387 59
35 275
389 397
70 246
200 222
446 272
189 304
515 133
241 8
179 365
95 203
313 345
222 489
483 244
310 327
133 279
207 122
523 473
521 269
487 494
489 207
493 520
425 132
294 414
121 56
306 438
197 137
73 144
299 398
489 119
520 91
502 439
121 488
294 340
239 521
534 267
308 214
504 47
15 299
506 214
183 217
334 404
220 262
315 403
365 403
215 411
408 99
464 190
263 474
361 199
446 392
35 534
411 85
530 143
295 263
326 28
311 269
151 147
399 314
45 287
22 60
195 485
333 168
530 438
497 326
521 87
340 233
504 260
355 488
304 144
389 341
35 119
288 521
521 28
283 8
321 487
146 234
151 164
479 38
137 383
414 20
368 125
22 36
121 458
410 488
20 129
100 534
380 516
414 256
268 262
233 154
10 321
509 333
295 355
279 263
132 344
274 191
127 230
454 56
138 505
296 56
230 73
164 495
484 334
299 72
141 480
147 532
411 461
413 284
467 345
127 402
346 261
256 312
521 339
219 371
387 146
191 197
373 8
333 357
467 19
515 45
317 454
532 336
326 345
191 125
408 324
70 356
340 225
56 6
130 523
317 488
401 521
513 244
191 239
227 495
357 66
389 384
138 437
167 226
362 106
303 515
394 272
455 262
217 535
535 281
222 46
194 116
80 125
15 403
433 457
389 307
73 267
411 521
304 535
47 253
239 474
175 515
269 275
219 343
225 69
359 332
299 422
516 356
504 105
473 312
144 28
261 282
524 154
103 184
233 150
199 182
363 373
148 443
200 367
299 284
373 207
34 345
76 411
336 193
364 315
535 239
380 455
399 457
129 150
520 114
13 345
296 262
419 389
13 499
284 393
383 533
163 503
515 362
191 535
295 313
147 105
313 471
145 96
346 403
159 39
225 199
167 521
191 296
46 41
42 210
540 345
118 69
8 165
535 278
119 217
353 484
8 322
443 125
417 98
8 217
503 313
9 230
390 365
125 507
299 473
165 181
454 15
145 102
212 371
419 18
473 334
290 346
454 95
129 225
418 240
333 474
120 520
207 373
425 233
497 339
173 28
127 147
535 274
230 401
161 502
511 326
411 344
523 335
473 394
159 520
133 345
523 143
317 450
304 354
502 228
521 426
62 437
283 440
239 405
207 336
233 490
274 188
501 389
405 521
348 356
272 296
516 145
108 314
230 18
247 73
207 372
317 182
160 66
125 132
127 303
18 9
400 225
175 327
341 296
506 398
191 457
359 320
9 303
10 231
276 182
373 535
284 394
216 225
268 144
317 206
304 529
264 527
70 219
484 315
218 299
106 333
230 502
494 391
506 128
151 191
471 313
303 127
146 28
346 301
119 105
372 105
127 239
440 8
225 385
1 19
338 346
488 355
314 387
122 275
528 154
219 478
391 117
188 69
276 59
214 356
188 326
473 533
99 95
108 387
18 230
373 204
262 39
148 56
216 467
69 315
540 62
217 383
365 394
503 9
438 21
398 525
455 266
188 28
189 199
145 418
503 147
303 239
345 497
161 520
226 144
305 180
344 535
467 217
226 263
535 132
398 72
229 386
134 520
419 41
233 411
352 530
217 263
344 454
193 204
56 357
483 450
439 521
200 47
473 371
197 486
454 375
295 399
410 45
173 220
279 287
326 339
27 154
236 117
389 371
199 123
359 521
333 228
279 45
520 13
147 311
98 417
497 299
345 358
284 39
224 322
63 411
44 520
326 129
319 389
219 332
230 227
443 148
45 467
511 292
535 457
9 227
268 66
191 320
56 148
176 241
21 521
102 224
176 35
349 290
269 191
535 36
230 253
357 278
163 193
56 438
523 442
184 403
189 85
285 329
454 461
207 357
434 356
207 399
73 193
175 8
355 156
73 225
443 521
296 438
518 270
521 109
13 191
299 537
54 183
326 516
499 244
32 226
45 521
506 42
356 450
495 191
163 303
24 236
127 151
362 217
155 276
73 470
504 228
176 504
494 128
535 256
250 366
538 129
355 197
408 480
287 354
244 60
485 8
520 189
506 423
199 33
127 345
365 231
455 321
227 402
195 404
56 490
47 495
373 198
521 8
144 411
33 411
132 317
1 45
201 319
127 164
47 504
44 85
125 199
146 385
374 73
189 317
69 420
154 301
129 294
520 132
333 104
219 10
60 473
147 267
42 39
221 216
361 294
222 311
240 418
233 66
118 75
339 326
351 457
410 373
134 437
489 451
454 365
191 467
521 241
119 532
195 389
355 225
299 413
211 284
520 156
350 148
478 185
408 487
278 34
73 35
193 502
499 517
487 533
9 241
351 515
372 402
151 217
188 85
383 437
199 411
523 102
474 263
274 2
425 341
234 149
355 389
304 62
521 95
474 287
31 339
225 357
266 95
10 356
207 280
423 42
211 55
173 411
230 489
86 36
389 56
21 34
535 28
317 159
10 423
304 199
9 105
222 336
373 468
281 302
190 473
477 168
163 317
419 176
311 489
356 154
534 457
241 400
200 227
172 339
480 124
275 200
256 28
502 345
15 232
489 509
542 464
308 389
397 15
349 389
144 279
294 345
193 189
473 231
326 331
54 28
241 263
147 521
191 19
122 175
134 199
56 121
188 56
144 357
197 249
147 372
506 154
400 207
503 367
317 501
199 207
175 119
280 316
485 314
18 35
417 62
220 95
164 280
344 521
439 147
275 310
495 164
535 167
319 414
411 148
497 263
445 394
338 485
47 222
413 55
502 457
513 418
263 488
497 291
339 97
352 296
76 521
361 220
521 106
147 47
310 151
483 202
503 534
160 129
356 232
100 263
414 263
207 240
504 402
191 403
30 386
425 384
400 503
515 358
161 43
509 532
20 220
35 345
439 402
425 17
195 197
188 114
435 154
211 190
104 454
523 70
515 310
357 352
304 528
156 287
414 317
12 419
191 426
41 532
401 41
288 497
124 219
191 338
357 56
232 408
219 229
131 183
13 34
86 488
422 213
39 480
215 292
191 28
35 12
267 18
108 28
211 42
530 314
530 338
313 191
456 272
383 386
425 506
479 53
109 243
469 117
199 281
59 295
59 145
451 222
345 317
516 411
233 160
304 411
261 103
8 373
73 106
42 423
154 524
32 326
364 207
18 378
495 327
73 413
341 526
144 454
501 399
505 423
411 274
339 400
306 217
163 12
278 470
86 296
521 127
128 38
521 56
20 345
160 497
411 167
43 418
230 164
188 125
134 34
326 246
146 314
183 8
8 262
156 19
102 430
503 247
30 74
339 263
95 348
372 354
134 513
521 478
295 354
35 175
197 538
75 377
451 41
319 129
127 207
366 101
532 40
351 310
35 151
154 452
365 246
278 440
295 467
167 144
163 316
125 20
531 171
159 144
222 451
193 362
372 119
100 310
538 308
433 485
534 191
269 419
478 202
85 399
163 164
443 279
101 124
287 345
276 76
131 308
96 197
269 372
121 389
35 521
145 180
396 523
502 534
534 40
389 308
220 28
489 35
534 247
207 314
117 403
127 327
333 304
121 362
521 147
201 207
338 13
199 163
278 471
406 69
478 411
333 189
32 34
454 344
262 43
253 354
144 466
70 513
125 333
227 503
412 225
422 22
86 345
419 535
316 274
454 70
105 303
532 119
305 400
122 457
504 401
326 538
253 267
23 253
125 28
423 145
377 75
279 474
434 516
108 385
489 222
414 8
523 179
503 40
503 310
218 356
411 28
9 367
355 345
527 403
35 509
9 40
338 270
195 270
357 530
454 146
156 133
163 8
80 66
105 263
333 355
461 299
226 326
228 374
13 304
365 290
319 535
535 225
542 157
307 435
358 521
193 440
244 473
80 477
241 419
299 124
496 251
255 40
73 87
303 18
104 345
308 538
371 219
471 389
537 102
365 218
176 451
493 16
127 372
69 152
520 259
488 317
387 8
127 200
373 440
521 272
127 263
489 372
361 389
322 15
471 216
73 362
61 535
383 523
223 94
456 223
151 348
70 227
44 326
306 189
372 345
475 16
21 56
535 178
195 403
142 66
199 262
306 225
433 411
197 16
502 333
117 236
21 225
59 189
533 284
239 529
295 333
509 303
461 28
278 277
308 6
518 26
503 45
234 399
8 62
430 101
480 413
520 17
338 506
172 299
202 356
430 539
296 280
299 184
299 497
357 521
495 269
389 299
73 147
440 305
357 403
122 269
147 122
127 228
33 207
222 119
122 495
513 380
18 310
451 127
193 310
114 225
503 46
15 219
168 56
489 230
46 247
219 179
225 361
444 28
46 439
256 225
101 539
39 481
106 521
20 521
438 491
514 406
241 46
434 523
480 10
189 263
281 146
259 521
46 515
227 303
100 18
133 354
418 138
145 63
396 437
338 70
41 119
521 163
394 436
168 356
275 372
506 43
396 284
134 6
6 520
370 189
299 194
32 317
521 405
495 253
197 293
128 494
95 437
515 200
159 535
127 310
33 28
199 353
200 509
515 419
404 334
509 515
172 418
411 381
454 308
408 434
351 520
315 484
44 199
198 59
159 69
311 327
164 310
165 154
313 521
86 134
389 421
173 389
320 243
419 362
199 389
7 245
145 231
495 521
85 167
42 299
34 354
227 400
207 418
310 333
227 147
365 454
423 39
443 56
41 260
280 503
230 532
326 8
189 197
302 28
108 535
207 8
125 484
333 489
336 18
179 465
256 173
191 365
304 345
454 478
47 241
540 8
296 333
360 36
86 411
401 439
440 535
468 71
253 35
266 69
280 13
533 219
68 199
530 444
333 217
310 372
176 515
191 474
521 211
70 211
228 217
155 521
211 483
444 225
450 95
299 116
125 188
478 473
410 225
521 189
228 105
145 64
345 316
278 488
506 332
145 42
451 255
296 13
326 437
443 195
314 485
56 274
454 268
197 38
197 338
515 489
310 495
316 133
229 413
317 339
175 504
191 391
339 226
521 352
163 253
133 467
1 351
255 534
188 389
219 138
121 144
533 380
310 451
514 261
225 362
389 163
418 383
451 327
230 419
276 199
10 375
538 521
94 71
523 457
503 467
503 144
383 143
523 115
150 294
356 10
336 267
200 470
119 147
190 96
228 310
15 244
276 66
188 155
411 219
504 151
34 457
454 401
122 336
313 520
241 503
481 442
282 69
159 56
241 327
325 170
199 344
351 147
277 532
66 56
100 227
18 73
223 332
86 361
263 326
42 95
481 39
513 69
7 406
380 70
227 521
225 8
373 278
425 197
521 332
13 26
454 425
101 466
471 97
127 156
200 402
477 262
454 501
119 46
45 355
207 340
530 38
267 9
33 317
439 46
225 423
411 226
423 95
451 260
370 28
197 53
274 225
225 317
56 163
444 520
217 289
271 214
537 423
313 358
515 247
222 255
413 473
317 385
163 288
461 530
304 191
102 397
425 368
504 336
365 541
520 143
269 509
474 488
295 59
32 461
516 219
207 121
191 355
225 543
473 435
70 450
138 375
497 87
326 485
535 308
22 296
161 193
62 8
520 389
521 410
200 502
284 413
474 133
534 470
241 253
179 322
268 145
457 233
483 513
18 23
31 466
163 283
32 6
513 371
222 521
440 278
263 313
455 143
279 39
41 230
207 327
268 322
188 262
373 314
383 483
132 114
172 411
86 274
419 372
169 102
9 495
316 279
396 246
503 267
520 339
333 520
242 146
132 438
310 255
269 230
34 535
454 530
199 197
389 298
278 197
369 323
122 23
46 227
155 399
534 175
440 410
357 454
237 361
207 239
191 132
419 439
75 128
41 255
237 125
372 535
523 284
515 401
501 520
372 310
444 132
488 59
46 267
352 538
46 255
156 127
108 270
155 207
259 341
21 345
133 521
6 56
122 18
102 394
225 475
333 515
401 200
211 418
47 333
230 200
225 358
351 239
496 486
20 197
310 402
521 305
144 389
454 39
215 299
173 346
467 239
155 134
314 400
15 371
400 357
306 34
411 476
264 518
141 449
43 413
253 457
14 38
276 411
163 225
438 349
493 433
343 145
189 535
358 274
408 423
471 156
304 339
294 150
191 488
451 227
13 185
114 438
63 232
41 495
41 489
173 69
23 327
454 32
296 475
401 489
408 124
239 121
15 331
144 530
366 15
304 59
359 535
15 431
215 62
438 28
93 207
513 356
280 156
73 489
455 38
145 70
73 367
154 332
96 74
32 145
392 345
311 401
51 391
27 245
375 42
15 413
118 154
523 244
62 276
411 165
199 154
454 463
474 497
50 408
242 28
372 333
263 351
454 362
473 219
499 473
75 118
338 102
34 444
100 378
365 384
374 357
389 324
389 437
296 93
225 163
285 261
46 147
202 513
69 103
7 472
179 393
131 132
451 35
284 328
120 399
225 460
200 9
114 189
333 13
477 183
261 315
454 299
365 138
134 521
535 6
199 32
368 233
259 214
296 497
189 207
225 59
401 127
43 533
168 182
345 21
360 109
497 182
279 28
131 184
421 60
454 457
515 327
333 66
390 454
487 505
95 26
34 21
295 96
495 193
132 443
504 451
191 290
163 35
35 401
274 287
146 189
345 520
530 339
356 480
306 262
523 450
362 399
351 156
122 389
233 256
497 373
6 274
241 367
344 132
232 356
15 212
376 28
191 521
534 419
454 62
357 354
440 28
62 314
411 6
504 495
345 195
451 401
47 310
288 362
535 85
377 371
299 454
39 394
179 450
66 341
334 332
227 532
521 509
103 346
8 362
503 255
268 356
165 403
533 473
278 354
70 423
521 40
176 495
409 326
521 310
326 229
520 490
455 95
520 159
18 175
534 401
42 413
532 260
199 201
419 100
41 402
356 299
488 197
35 495
278 287
19 59
239 263
535 233
9 176
532 193
163 23
510 466
105 372
268 62
21 299
372 503
455 244
521 36
280 474
146 85
155 317
233 361
19 317
472 346
521 38
351 295
418 408
278 225
542 22
383 299
454 13
176 127
42 533
502 13
56 535
277 197
102 218
336 156
454 156
105 73
95 38
451 303
226 485
15 366
376 183
315 524
274 313
438 114
27 346
304 13
443 197
537 404
440 497
336 470
521 314
355 520
241 470
485 300
18 100
72 322
73 122
156 278
375 284
13 151
193 197
253 336
122 34
163 45
346 371
326 400
146 454
21 344
247 495
273 174
503 515
176 73
454 96
159 85
535 471
520 22
146 62
408 431
197 426
497 191
9 175
489 311
46 100
357 339
176 164
13 189
201 414
313 336
191 144
303 367
272 521
506 99
114 233
176 402
193 471
47 367
534 378
414 225
530 178
359 174
280 389
255 310
389 144
164 314
147 18
515 354
490 466
267 504
125 242
217 399
306 386
144 521
32 225
134 384
144 32
338 115
60 42
188 44
194 413
266 145
230 367
505 204
538 535
345 485
100 73
193 357
537 145
443 34
366 343
501 345
264 332
132 206
387 197
197 190
516 202
520 70
345 514
221 520
411 387
535 114
127 97
281 399
45 474
233 129
200 327
313 189
114 155
496 30
179 483
239 134
423 290
535 503
461 520
162 88
535 345
299 224
42 266
227 367
164 267
334 435
318 535
256 216
308 21
21 535
299 172
444 21
45 193
160 500
480 435
372 327
505 473
454 60
123 182
310 73
192 185
530 461
94 14
372 504
472 7
10 537
345 474
141 129
336 313
180 190
70 38
372 509
338 36
317 440
475 485
163 534
46 504
261 52
219 145
411 304
288 345
376 104
211 137
222 230
18 503
296 399
13 530
195 59
161 73
542 341
532 253
163 19
368 539
59 461
150 319
530 528
456 446
195 69
487 95
7 285
353 64
75 403
535 189
398 384
279 19
410 13
150 361
474 295
463 80
261 346
414 131
101 483
338 129
333 97
408 290
70 384
529 184
389 306
359 391
392 197
389 182
530 217
444 85
446 395
473 244
474 1
225 437
351 200
411 497
13 458
389 29
13 320
317 302
333 156
195 354
368 259
217 132
397 335
389 539
283 191
191 542
523 388
70 262
345 69
499 137
220 233
225 339
215 490
156 351
105 269
396 299
393 413
102 539
296 275
102 537
356 437
193 399
95 473
383 332
277 464
256 197
338 391
41 372
389 213
239 362
282 7
228 367
208 394
303 275
387 438
299 390
207 296
46 509
451 495
197 209
454 366
317 314
313 333
518 435
44 197
263 6
241 345
521 73
359 491
219 334
202 523
225 444
96 521
542 272
521 132
263 217
383 334
372 534
387 279
148 389
521 489
79 450
98 69
224 299
537 299
333 191
280 144
199 487
193 253
345 381
359 216
115 371
13 36
207 308
13 156
304 45
483 321
8 21
193 314
496 38
170 55
401 46
121 239
434 262
142 218
13 239
473 391
163 502
20 173
99 259
535 461
317 45
127 489
528 152
105 147
227 241
173 290
485 32
247 310
180 30
311 67
207 256
87 217
117 494
222 333
168 339
163 278
239 168
333 411
484 69
13 280
164 534
439 122
279 528
167 225
418 299
410 274
125 521
100 532
296 357
163 87
225 468
383 15
167 184
73 339
100 504
532 275
472 48
515 119
283 217
193 227
70 290
16 195
313 279
414 381
443 290
118 518
432 516
400 437
419 217
414 144
326 197
102 513
13 8
46 122
530 521
411 528
250 437
310 311
275 73
9 521
535 485
313 105
46 67
497 501
414 201
263 191
35 100
273 403
304 56
86 462
344 39
127 253
144 405
141 28
516 95
32 155
283 345
419 310
224 366
274 444
45 351
266 102
144 166
525 125
65 542
523 423
299 236
72 430
311 402
535 501
296 450
13 129
75 334
159 239
12 311
132 425
299 384
197 93
183 361
266 42
304 216
220 197
356 218
262 143
303 200
125 414
222 67
15 224
299 334
497 149
276 93
173 233
399 454
521 108
401 105
346 494
523 262
454 155
353 371
389 434
163 313
511 129
279 1
99 394
345 182
537 43
129 233
254 364
95 394
47 402
200 175
70 202
56 230
225 256
76 225
72 50
219 384
371 38
373 399
519 56
450 218
285 406
164 318
296 263
193 230
147 502
473 138
198 410
154 117
171 531
280 488
521 530
151 333
146 183
56 391
200 275
311 303
421 520
351 509
480 322
529 239
104 376
197 491
396 516
390 21
317 13
521 451
15 213
521 503
509 263
534 161
287 279
233 323
411 217
102 29
311 534
411 339
131 191
495 532
276 263
269 122
228 46
250 365
342 15
147 260
63 219
197 357
480 39
193 515
521 97
269 336
410 228
228 345
163 56
400 457
357 70
50 393
21 144
311 227
499 214
132 125
431 356
159 385
391 75
299 465
467 216
70 516
263 97
399 217
333 283
161 497
156 503
489 41
521 365
410 144
438 56
373 400
514 525
217 345
207 6
419 127
241 389
454 418
483 130
535 295
15 290
239 228
396 224
145 371
164 96
47 255
336 228
278 357
217 521
34 167
47 345
259 132
133 239
358 313
340 535
345 322
375 505
512 38
521 17
425 125
464 30
44 28
533 403
484 290
304 520
473 95
53 479
523 202
288 454
317 497
176 532
299 240
450 138
163 119
474 521
487 408
70 84
339 410
520 279
296 422
39 483
441 494
15 384
374 296
503 216
70 418
99 380
85 344
70 102
345 132
481 38
146 381
303 253
336 333
173 520
172 450
64 290
245 64
317 144
134 28
272 542
345 125
333 303
225 520
419 316
366 408
456 520
1 280
150 129
142 344
344 411
207 437
28 274
261 285
304 85
497 220
211 480
263 226
156 515
341 233
478 95
351 191
360 38
444 184
176 9
56 304
6 344
200 164
310 230
59 454
521 383
365 99
230 46
389 102
45 133
366 50
396 413
338 219
506 539
396 386
134 345
355 277
383 38
19 193
308 59
299 115
451 336
345 270
244 466
230 241
266 381
299 266
122 504
357 497
47 200
473 384
485 290
521 203
125 191
346 285
86 217
399 188
8 191
521 188
275 9
467 488
389 541
339 6
372 367
455 272
197 316
99 219
418 384
201 150
521 317
225 454
509 269
189 28
125 345
35 372
183 28
400 535
483 423
296 211
399 302
28 225
440 207
197 521
504 515
499 521
70 42
70 138
163 191
489 521
232 30
535 159
104 387
200 127
229 115
450 356
150 256
389 498
267 327
70 480
504 267
542 538
31 80
455 102
122 419
199 202
302 69
250 224
408 84
425 309
48 154
122 345
13 263
121 354
400 292
296 523
299 541
273 332
383 408
116 210
137 516
521 134
199 340
396 240
87 278
313 263
509 327
56 497
269 311
326 225
70 121
195 183
462 129
299 62
405 191
171 291
222 470
334 375
222 327
193 100
467 144
515 46
344 104
299 51
317 276
419 532
30 418
351 105
537 505
466 457
503 372
456 211
442 523
233 199
220 173
414 521
508 191
296 356
278 314
35 451
191 538
362 13
119 197
72 450
471 520
131 339
326 535
479 519
122 41
446 520
262 42
333 43
442 517
411 302
119 45
427 219
230 260
43 211
188 444
191 308
399 357
108 197
336 311
484 285
433 191
542 263
521 233
239 488
371 377
6 302
310 100
156 144
259 65
159 104
245 270
454 104
227 515
506 250
169 418
267 253
521 168
61 52
480 505
343 450
534 200
106 336
85 454
276 296
168 160
497 228
225 104
533 413
108 144
41 267
310 40
219 63
317 195
321 43
163 204
109 320
144 336
497 28
532 228
247 241
468 56
2 404
400 62
6 191
8 145
406 329
144 474
338 38
73 241
256 535
151 119
228 193
542 197
151 200
303 333
303 502
184 290
276 217
161 18
443 497
184 38
255 35
19 263
345 19
269 402
299 396
355 362
419 133
163 122
357 36
241 255
424 102
535 411
530 485
252 65
108 69
523 307
419 228
209 38
279 69
35 127
227 18
406 154
302 315
138 423
520 271
311 151
102 396
299 154
253 400
353 184
304 399
299 138
368 521
417 411
396 533
444 389
221 88
64 124
311 419
506 324
521 114
222 164
467 515
78 126
21 443
201 233
478 487
131 39
296 288
341 521
477 296
346 524
353 103
296 362
521 13
333 418
266 39
305 278
59 438
216 362
189 339
227 122
197 26
239 280
268 345
502 164
419 35
333 362
255 532
389 81
174 530
73 105
228 521
380 328
18 362
266 435
386 437
127 362
455 218
317 239
54 505
242 114
239 326
303 470
347 539
457 389
59 354
230 439
445 464
344 276
411 206
142 396
357 317
299 70
442 214
163 70
199 150
156 520
336 253
163 151
175 372
296 17
28 290
28 62
454 450
59 87
114 411
147 241
435 371
147 269
233 20
219 450
419 45
227 278
419 351
147 46
414 85
472 371
62 299
20 225
225 31
330 233
530 433
326 125
223 485
56 374
184 510
530 32
13 395
438 426
142 520
163 451
145 356
521 513
455 211
175 35
358 225
13 471
191 359
389 259
275 197
358 144
320 519
480 60
211 102
134 304
30 445
532 303
336 504
13 317
356 455
359 243
33 189
280 193
19 355
104 317
35 193
308 345
308 461
282 353
6 349
127 367
442 413
279 521
391 403
308 376
218 145
356 473
256 423
469 26
197 58
15 356
197 352
197 196
119 275
530 357
356 418
76 56
480 368
535 444
469 332
189 503
372 470
46 47
304 438
480 218
351 275
233 414
197 210
408 202
514 135
477 488
521 70
156 193
296 322
299 218
232 380
535 338
221 389
372 175
342 480
311 333
311 495
303 9
306 6
346 192
296 348
520 239
317 485
242 345
389 181
333 278
224 539
472 69
239 467
540 400
41 327
317 56
46 532
373 180
188 385
56 371
529 263
247 13
13 109
333 87
101 422
342 442
490 181
250 102
35 263
529 149
27 403
263 521
207 199
497 440
164 295
542 17
537 393
219 124
288 217
41 47
105 534
538 352
226 339
175 534
198 305
230 176
440 400
102 325
358 239
279 351
199 188
66 109
234 314
497 505
284 95
370 8
121 217
218 465
85 114
164 313
296 499
208 505
360 521
299 214
151 504
56 525
417 129
353 290
502 105
355 521
207 322
220 438
303 228
303 191
326 232
56 308
431 408
349 69
303 100
64 518
515 147
401 454
193 45
538 400
520 182
239 351
508 389
431 450
489 46
489 227
225 182
70 437
268 535
275 247
471 535
73 457
409 511
529 485
489 67
278 280
70 30
365 299
385 159
247 106
13 438
358 133
229 331
95 211
227 41
60 130
489 122
236 334
299 307
475 223
515 279
507 125
477 505
228 9
274 344
294 256
408 145
227 260
294 85
102 322
301 270
501 317
372 191
6 263
515 225
18 40
414 207
56 238
163 402
311 451
439 367
323 369
467 122
43 487
506 72
535 333
250 506
357 263
495 200
233 507
268 10
433 197
42 513
467 499
383 42
419 269
313 314
294 520
471 70
326 191
259 125
446 191
9 310
195 396
319 256
286 129
66 520
261 290
301 24
534 18
191 433
163 520
520 530
515 263
159 86
422 4
429 537
521 222
282 472
310 119
475 354
521 122
391 128
281 189
59 362
215 28
306 317
125 166
191 288
400 538
13 352
229 15
119 389
219 457
217 389
239 278
195 371
188 535
435 270
419 119
473 266
175 176
523 408
483 418
242 444
255 439
393 423
173 345
507 544
323 507
497 283
71 519
258 436
383 411
352 91
241 18
351 193
505 95
163 413
132 85
523 240
144 362
147 351
313 34
199 189
268 96
444 530
147 35
404 2
515 222
253 228
28 345
259 263
200 35
145 331
408 232
409 66
389 505
34 85
359 191
326 226
521 247
89 28
313 413
176 200
389 89
73 515
101 356
241 489
537 135
326 497
191 339
385 339
193 217
27 69
419 275
495 12
480 437
152 346
333 473
406 353
159 197
119 191
253 311
88 457
304 497
188 501
296 272
338 116
344 6
273 94
480 70
398 408
387 215
408 101
389 492
147 239
461 497
535 216
389 250
168 125
162 3
173 129
134 132
215 322
193 351
34 411
230 193
284 487
268 511
345 62
338 210
218 455
96 299
200 503
56 263
45 535
516 408
411 326
400 263
202 483
365 250
386 204
121 374
349 132
313 295
345 199
333 76
418 102
304 357
276 308
253 263
509 147
275 451
242 154
299 202
411 225
219 411
63 505
321 356
278 193
222 534
333 45
56 320
133 1
413 356
189 443
299 516
380 365
43 270
266 184
266 473
520 125
357 426
320 56
359 56
300 195
295 358
443 86
333 534
6 104
356 70
296 271
497 21
333 373
280 535
234 104
230 470
401 40
501 216
308 438
384 290
43 95
443 476
133 263
535 405
155 345
228 296
478 365
85 197
179 211
372 100
230 267
199 531
242 195
450 324
414 264
542 28
226 56
451 18
527 64
521 499
515 144
530 520
534 504
317 263
34 125
276 339
225 375
119 8
230 35
351 313
359 389
472 184
357 374
445 211
168 308
85 34
59 387
189 104
22 520
451 161
127 354
9 41
399 278
127 503
333 526
269 439
333 207
442 284
272 473
34 339
163 263
211 39
21 485
233 262
308 465
439 193
515 400
21 59
326 443
44 188
164 9
319 233
145 505
225 13
516 365
119 367
487 312
361 256
69 184
454 125
376 129
100 367
326 262
95 523
263 104
114 520
217 357
134 224
295 280
299 250
414 345
338 56
73 535
78 521
56 132
168 197
302 184
361 36
443 28
438 134
269 127
59 217
488 354
72 366
164 402
357 93
147 164
247 303
509 504
91 457
225 210
365 375
228 497
225 411
359 357
338 93
119 230
411 215
303 310
168 129
308 497
199 155
533 422
410 263
357 296
358 279
85 535
30 57
319 173
233 259
154 377
299 431
461 144
277 8
541 437
303 151
310 175
362 91
60 43
477 99
100 336
168 60
461 345
253 402
6 132
279 239
199 514
444 63
358 97
535 403
73 263
411 21
76 472
61 345
87 8
520 161
197 195
318 197
311 122
521 279
497 423
513 437
413 95
521 354
85 274
73 310
156 454
47 227
467 535
503 362
76 520
511 218
365 418
134 182
163 274
50 43
219 224
542 199
519 352
268 530
122 502
163 106
365 473
148 257
233 330
150 521
95 404
56 39
314 183
471 225
272 389
302 404
290 218
502 504
264 117
496 457
225 220
411 56
191 530
183 457
211 170
241 534
433 454
345 333
28 153
534 67
383 365
151 127
59 474
278 216
114 444
73 401
523 266
353 315
119 489
296 140
530 109
423 403
326 184
502 230
384 102
188 263
333 56
336 269
233 220
134 263
436 258
372 9
520 120
372 521
495 333
376 144
393 219
457 271
247 515
425 514
119 314
413 116
95 505
401 327
471 503
521 23
414 129
306 411
168 144
440 140
199 448
201 389
62 400
401 18
450 371
217 339
43 60
137 354
420 315
401 227
280 362
399 155
173 514
376 466
537 95
147 495
239 344
247 47
342 307
408 442
241 451
336 378
455 523
450 342
10 130
70 410
465 384
413 218
373 497
303 354
399 8
224 450
326 188
163 180
41 534
39 473
529 345
317 399
287 133
455 505
310 351
513 266
134 86
523 375
264 145
104 263
212 102
274 217
199 103
145 523
161 147
15 102
317 217
239 333
85 242
523 380
268 520
87 144
495 303
365 333
108 184
375 523
356 102
287 316
44 443
46 489
535 229
197 273
191 354
161 67
181 494
538 216
199 535
311 521
296 102
226 8
125 371
490 403
6 276
538 262
339 505
292 28
137 418
509 73
288 197
467 278
365 244
493 195
315 290
173 256
357 348
31 125
9 151
431 437
495 311
219 473
18 333
310 534
414 289
496 297
532 100
59 351
44 225
411 63
278 355
122 439
389 339
489 161
155 188
108 125
160 36
70 386
299 391
219 290
315 391
46 18
86 263
299 84
469 391
95 356
317 296
537 523
454 144
306 28
224 331
84 70
465 262
105 515
299 85
253 105
306 520
263 413
197 360
193 303
501 411
503 339
197 468
18 275
418 380
268 454
370 86
155 233
282 346
528 518
299 42
15 124
80 31
207 313
480 365
360 270
267 470
439 534
393 284
35 40
239 535
91 538
519 479
345 191
393 328
532 310
122 119
189 497
383 262
419 247
56 226
70 69
497 443
521 502
170 210
362 521
523 130
360 389
433 389
414 340
6 535
516 70
241 310
450 331
463 125
455 70
499 38
475 300
278 400
303 495
317 188
39 393
144 535
311 503
353 518
296 197
295 413
315 181
160 304
515 67
191 148
47 40
105 127
8 10
70 240
39 413
225 344
542 411
56 181
408 335
454 283
454 355
342 322
280 97
195 184
47 176
100 521
417 400
336 191
43 244
334 181
384 371
419 122
263 189
46 230
472 261
373 305
125 535
520 521
1 287
302 317
283 204
454 205
45 354
41 222
280 239
175 521
359 352
199 125
268 239
10 365
344 306
370 454
18 161
333 488
242 389
520 85
322 434
274 503
46 495
417 511
495 263
43 321
401 228
162 446
499 211
239 358
173 317
127 40
75 69
9 100
299 457
199 265
271 457
259 99
333 336
98 215
167 529
520 86
333 274
471 8
442 418
200 336
239 279
277 28
201 281
537 334
70 483
374 333
146 159
34 28
404 290
100 509
495 503
264 270
199 406
194 299
283 305
313 515
136 170
338 352
263 56
344 95
411 108
46 9
159 146
105 336
504 269
442 95
151 311
219 262
338 521
351 535
400 228
439 151
100 327
333 28
304 530
266 55
535 296
392 457
532 127
280 59
389 17
450 516
132 274
288 13
253 303
161 100
222 127
6 497
299 198
488 418
41 176
56 317
175 147
234 289
341 520
502 288
523 43
193 467
18 105
278 362
339 521
495 336
33 234
10 299
280 515
57 185
197 379
222 367
62 505
497 348
418 284
380 321
299 43
535 320
239 274
399 59
41 227
317 520
488 217
102 72
374 106
10 516
474 144
521 444
502 18
353 282
232 95
401 175
302 216
467 355
56 508
15 262
387 183
156 280
299 99
389 309
56 197
438 535
523 483
45 274
410 287
415 457
444 299
215 129
264 377
163 13
184 334
420 270
535 445
495 401
41 333
9 503
399 514
419 164
156 535
211 499
411 383
161 127
365 450
351 336
222 40
413 348
310 47
161 47
268 21
197 438
425 521
475 195
144 345
19 488
336 515
371 437
59 497
491 521
261 69
482 76
59 296
299 10
485 104
438 263
86 233
119 345
41 241
357 345
197 395
387 383
399 234
193 200
296 8
515 351
389 333
95 70
302 114
207 354
167 34
199 233
159 521
287 45
46 105
255 241
503 43
193 295
207 277
487 192
515 151
521 156
465 450
250 523
396 95
242 188
451 310
515 35
63 69
538 8
193 180
338 383
190 394
176 336
400 121
497 104
336 247
47 127
326 6
87 454
189 59
13 454
32 389
163 535
296 542
127 100
520 59
191 438
358 333
104 520
487 245
73 200
488 467
308 530
521 78
26 38
408 224
8 207
333 193
405 197
254 473
271 356
308 144
383 219
95 270
380 224
479 320
163 318
7 346
283 339
146 182
532 46
310 200
199 256
423 375
503 193
125 505
263 59
106 228
401 9
523 290
263 87
146 302
46 503
86 129
34 104
63 154
198 317
361 183
34 458
120 33
503 217
477 450
274 239
28 21
121 357
242 234
193 263
71 238
418 69
353 334
211 455
444 263
86 22
243 320
411 191
132 449
185 403
13 273
13 325
199 7
440 79
288 400
127 467
275 263
211 533
357 137
19 313
160 541
160 233
497 535
119 333
48 420
263 278
358 263
521 259
6 126
534 176
267 345
239 217
274 279
28 166
151 176
191 121
131 365
499 39
11 102
23 127
219 455
256 129
515 534
138 145
355 467
165 264
391 522
70 403
333 351
161 535
504 207
277 79
516 57
151 18
138 516
144 228
193 296
197 392
471 488
276 197
541 213
15 342
444 189
456 389
313 399
431 342
474 217
105 106
122 12
345 389
275 241
425 239
147 73
345 357
346 245
515 280
535 61
313 133
146 33
387 370
56 529
6 62
503 67
299 404
12 228
408 473
225 217
15 437
311 230
465 130
217 333
408 533
207 218
95 334
317 225
515 278
147 119
17 197
463 525
96 295
370 387
217 351
261 484
313 357
267 515
523 60
504 521
232 15
128 377
138 386
493 485
401 47
389 388
514 285
444 535
133 419
189 370
434 506
132 345
211 332
9 489
326 215
467 474
420 391
279 184
199 423
268 497
6 207
241 532
199 139
225 216
534 105
501 225
365 293
230 400
438 197
224 15
18 228
336 35
390 375
233 225
418 218
190 517
223 56
75 154
50 533
389 36
289 518
333 374
521 395
241 9
197 39
50 371
279 520
389 25
321 533
516 138
372 336
385 257
411 159
86 191
290 437
42 244
296 513
59 191
13 278
57 391
104 6
389 166
27 505
503 520
274 333
220 411
232 219
503 239
333 134
142 184
534 269
188 279
299 490
159 444
491 338
207 521
304 225
44 444
56 544
197 275
154 118
389 544
455 516
478 321
515 439
94 273
8 276
456 88
376 181
414 535
408 115
304 279
521 263
534 193
13 199
358 457
489 532
127 336
435 184
241 247
336 122
86 66
535 193
3 392
496 187
542 141
520 216
422 465
357 37
523 4
137 224
217 438
454 163
207 497
134 144
163 348
296 19
85 134
126 389
408 523
509 275
317 345
1 357
119 180
23 372
121 279
188 276
27 95
105 151
217 19
472 285
400 339
294 197
86 76
357 189
88 272
127 313
30 187
290 69
301 403
122 311
413 321
299 403
542 57
87 357
131 21
122 303
303 255
137 499
373 542
114 85
225 326
425 299
266 321
521 175
372 41
523 214
473 307
344 505
542 296
264 154
483 533
294 216
191 21
163 373
6 197
516 179
12 40
129 535
86 21
419 336
269 521
14 94
104 195
88 129
1 333
56 278
521 199
114 389
515 509
175 122
520 425
414 28
190 403
540 28
41 419
192 403
247 164
122 73
346 404
313 327
61 245
303 176
303 41
375 381
152 69
425 454
317 36
101 72
389 382
122 147
31 182
413 386
278 288
21 390
164 504
290 190
528 69
310 35
306 344
219 413
333 535
100 105
45 333
358 400
520 197
306 418
15 418
473 284
399 189
389 520
41 100
115 366
294 319
414 220
233 31
7 315
144 351
72 101
389 369
175 9
313 164
443 132
35 402
274 199
225 501
387 276
399 535
200 495
389 398
222 12
42 60
517 499
225 356
538 137
345 521
344 239
488 474
533 43
134 411
317 167
446 456
495 458
425 459
31 520
334 117
497 8
278 97
303 105
266 262
515 497
478 403
163 207
275 228
504 532
310 504
163 59
383 413
516 96
193 495
70 334
239 131
302 199
9 255
372 217
96 333
150 154
311 367
534 327
521 200
191 167
9 451
70 328
304 385
119 457
461 21
520 352
15 480
306 183
219 434
314 263
253 419
299 436
239 411
83 210
326 338
461 32
85 188
439 35
529 339
434 232
523 394
530 226
184 236
351 355
443 191
69 484
454 134
467 491
85 411
457 473
217 299
167 195
14 320
172 86
503 197
176 41
535 317
263 530
164 191
46 310
355 354
361 201
345 228
32 346
464 441
18 263
469 435
399 197
530 56
405 497
278 458
269 495
202 27
503 230
259 22
503 296
278 13
317 362
229 299
513 154
506 15
59 520
62 497
530 195
104 497
244 43
372 151
124 523
96 373
495 105
224 95
389 408
521 227
535 276
267 161
401 35
538 511
299 506
351 502
451 119
495 310
96 365
14 479
408 102
454 513
387 144
41 521
411 96
105 457
101 343
278 19
60 435
333 197
520 362
127 144
353 261
357 333
85 159
70 419
35 164
389 80
168 239
168 333
199 414
76 333
247 253
274 154
316 474
98 154
497 197
18 402
144 217
411 289
392 162
122 400
56 28
151 303
159 108
225 279
521 474
268 437
345 6
225 62
485 197
280 133
418 506
537 69
358 515
438 396
13 296
326 62
268 225
35 222
95 413
225 521
100 311
219 70
190 180
506 299
168 34
18 336
32 217
69 203
497 304
499 272
237 514
534 263
193 164
356 505
368 28
302 146
1 316
144 56
241 227
497 357
238 56
313 59
277 30
184 466
345 233
471 280
9 127
389 463
22 422
372 18
383 117
8 225
373 454
50 366
269 176
115 408
193 534
361 535
122 467
504 439
408 60
102 386
488 450
218 8
226 191
132 90
310 267
523 232
414 411
537 308
344 370
389 65
173 134
405 535
156 1
227 439
78 218
530 184
175 345
205 394
230 222
145 143
334 346
288 255
30 521
535 318
229 338
521 458
8 43
164 303
477 437
521 119
532 73
419 401
104 459
535 183
520 21
344 66
389 366
195 475
478 380
146 535
521 470
506 212
299 102
104 399
75 203
95 184
358 156
515 239
263 296
21 263
176 367
274 400
435 510
15 381
404 69
156 13
343 325
225 400
42 290
323 65
145 437
163 156
412 521
125 233
333 163
256 188
401 119
450 24
47 41
443 444
220 256
280 351
310 164
144 6
241 401
95 442
283 144
199 276
451 151
268 418
207 59
371 190
120 290
118 403
365 28
100 200
479 26
32 514
21 184
480 396
146 501
241 222
530 26
440 197
521 322
342 434
225 183
355 45
333 9
488 333
225 146
31 28
438 411
66 409
310 509
410 283
454 357
15 250
215 218
188 59
86 454
236 24
535 399
361 449
122 100
389 330
175 401
275 311
39 284
333 296
537 154
104 535
296 207
523 505
18 401
304 326
317 120
255 327
339 59
333 454
239 461
394 99
389 99
503 12
439 230
73 151
134 308
181 184
32 411
420 490
217 189
163 458
513 384
400 144
43 328
268 375
152 290
411 132
144 239
489 419
18 521
207 193
338 177
303 532
305 283
317 400
163 105
389 507
509 18
130 513
408 365
217 8
530 21
523 218
114 344
365 10
272 270
165 64
15 95
520 199
336 23
207 255
91 296
255 495
228 504
164 73
288 106
419 200
400 399
523 533
225 425
272 456
299 331
70 505
365 39
520 467
191 357
130 240
520 160
35 260
489 327
59 389
256 120
164 399
175 303
268 217
411 370
125 153
44 274
225 21
299 505
75 117
317 354
300 38
538 109
241 73
534 119
389 15
227 127
319 20
214 450
102 50
444 188
70 218
485 216
197 464
33 294
221 293
537 322
415 109
147 9
47 247
521 515
521 400
537 437
365 328
303 402
241 504
504 419
130 483
538 210
280 471
217 295
326 138
511 299
425 488
418 455
365 4
188 189
132 444
122 489
520 357
474 87
183 225
163 217
8 183
197 325
28 195
1 520
380 95
315 346
503 227
117 192
73 207
417 292
504 310
279 339
130 322
342 386
133 351
35 267
504 176
317 308
535 185
229 356
375 455
534 241
99 4
191 497
138 450
317 207
287 1
474 45
275 351
542 60
191 352
59 207
102 465
411 390
160 526
18 253
191 520
59 345
389 34
32 61
351 327
352 521
114 270
27 262
269 200
361 173
425 199
218 384
404 403
399 129
105 200
119 227
188 302
230 147
215 418
506 413
523 537
63 365
263 60
269 9
439 327
133 278
197 187
190 464
320 468
229 322
13 121
535 423
154 435
521 325
203 466
145 384
420 377
188 146
313 354
311 255
219 15
28 32
224 137
326 387
180 450
234 242
197 238
147 303
355 474
471 193
86 199
303 489
13 178
483 442
13 97
408 384
451 122
211 513
195 391
408 457
389 356
227 193
242 199
399 440
106 454
296 341
443 144
69 346
408 506
1 175
390 56
69 403
283 520
361 85
278 133
69 75
520 461
311 73
299 427
19 354
317 357
144 278
73 59
145 219
534 41
163 247
323 80
13 193
310 303
300 403
311 119
480 179
388 516
228 362
372 35
294 201
56 354
389 271
56 223
532 255
408 429
154 510
503 521
333 419
50 391
414 514
105 333
296 384
43 365
247 35
310 247
80 183
338 520
515 105
269 333
411 350
73 127
56 454
409 129
47 521
57 464
66 389
317 191
225 528
451 269
134 225
25 505
266 270
495 151
50 403
241 502
28 514
294 129
259 541
119 175
411 317
100 147
168 368
468 530
47 515
505 219
372 263
515 345
225 314
125 263
236 69
18 200
339 438
50 135
520 333
193 105
496 363
70 210
32 460
243 109
400 333
377 154
127 495
247 535
451 534
389 542
516 513
440 373
521 220
528 355
374 263
132 191
225 132
108 191
28 371
134 189
512 391
199 220
207 410
516 434
362 538
324 450
279 438
3 332
513 516
127 176
229 516
168 66
163 277
230 336
53 185
454 408
521 466
317 344
377 334
344 274
66 314
408 43
217 279
76 125
521 418
497 6
161 515
408 539
164 247
474 362
197 157
399 146
333 86
73 191
56 13
425 22
41 502
347 371
100 515
345 488
299 408
18 260
278 410
228 56
523 541
163 488
339 189
28 461
497 264
294 497
102 408
72 523
521 491
408 307
18 227
302 85
321 284
256 125
515 47
521 198
207 98
363 185
147 127
225 155
425 129
37 357
239 345
137 145
164 351
197 500
211 403
409 314
344 62
439 336
9 419
317 425
79 277
317 288
101 366
439 164
211 457
35 489
389 141
440 66
413 244
35 18
200 489
283 228
9 401
474 467
225 387
495 46
450 321
207 488
122 9
219 393
145 299
344 263
346 64
542 389
168 488
357 279
500 270
10 328
500 27
468 354
515 303
299 203
116 356
383 217
225 304
333 327
131 530
132 259
293 371
466 435
444 199
315 69
268 400
413 521
442 321
242 104
101 42
346 290
34 225
116 262
160 290
313 200
56 326
46 303
474 280
70 383
163 419
256 345
37 56
299 268
191 345
197 493
222 495
361 462
306 450
317 326
138 473
207 276
193 336
401 161
520 295
191 32
105 367
43 394
408 348
96 464
132 69
310 532
514 290
57 64
303 175
473 99
227 327
296 457
211 422
230 303
197 14
389 77
102 343
10 437
266 523
275 521
422 262
468 13
343 408
275 18
147 200
39 43
12 127
15 218
418 42
281 32
35 367
530 223
488 86
46 222
535 182
155 520
488 351
86 189
541 219
144 376
443 21
200 161
56 345
296 233
228 327
144 438
195 223
263 356
253 310
410 339
466 490
399 104
380 413
485 109
105 402
227 457
506 383
516 366
86 159
521 10
253 97
18 534
105 378
405 458
106 362
520 370
32 86
46 164
45 280
523 431
95 380
239 133
124 541
419 515
161 401
529 270
167 438
207 278
121 263
299 386
13 515
144 339
280 304
101 214
132 535
497 354
296 314
192 154
338 262
267 311
56 66
131 69
451 439
33 290
1 225
443 44
389 86
119 41
400 299
211 270
525 466
299 418
451 40
227 470
442 99
200 119
504 18
538 519
535 488
471 410
389 129
12 67
39 130
385 146
217 317
440 13
202 423
228 502
489 176
475 493
338 238
389 343
515 467
160 95
345 241
125 536
203 69
104 339
483 480
503 280
230 503
165 290
164 275
468 191
316 263
159 289
471 13
389 488
340 182
344 197
433 183
333 288
53 403
163 241
85 28
134 56
15 138
100 275
489 504
239 191
467 362
314 59
538 225
8 356
56 290
154 24
272 446
503 451
229 219
455 219
70 338
163 401
147 451
389 11
1 133
440 314
266 457
255 119
454 217
255 311
175 333
150 201
247 333
132 142
535 220
491 535
121 8
126 290
61 32
425 505
9 333
227 401
495 275
314 191
145 270
405 59
119 253
56 146
21 217
503 161
454 404
521 191
119 470
150 535
165 145
122 515
122 253
389 466
409 418
146 86
28 463
339 197
316 45
46 127
126 521
154 51
27 202
215 308
368 437
489 200
263 520
302 535
278 156
537 365
56 164
502 47
373 227
191 274
226 530
296 480
342 473
142 69
232 418
333 227
22 333
127 470
515 504
100 303
8 121
515 521
160 60
80 90
198 318
401 504
524 315
497 438
35 310
455 450
155 216
423 185
411 308
451 105
241 521
509 230
276 521
317 304
520 349
44 132
321 10
125 472
217 362
161 12
215 246
195 28
306 239
233 28
483 154
263 43
121 345
191 243
122 230
411 69
338 505
280 283
365 396
191 458
155 114
295 274
144 34
44 535
147 310
340 220
521 278
477 317
511 138
389 368
504 303
507 76
242 414
199 500
197 83
207 286
294 281
286 207
220 361
504 333
263 497
104 189
362 351
168 421
207 538
276 535
401 241
343 262
194 437
534 147
189 270
66 216
296 170
119 439
413 380
296 259
389 411
70 399
451 9
8 299
421 66
356 408
492 65
226 167
225 399
495 451
356 403
508 391
304 317
335 397
489 495
471 207
25 437
368 60
164 535
247 18
159 183
233 294
506 24
75 435
488 239
437 290
474 313
368 86
401 451
357 91
302 281
431 284
478 43
535 520
339 66
343 214
495 351
311 504
119 327
351 19
423 356
13 45
59 133
480 408
263 438
268 86
351 521
521 197
108 59
167 520
144 197
147 176
163 275
334 75
1 193
317 132
212 384
346 484
308 344
134 339
488 437
102 347
104 207
357 144
295 357
528 524
69 406
333 316
306 8
259 422
399 70
373 193
277 535
221 456
326 108
241 151
223 403
296 471
535 414
401 164
351 228
220 129
506 342
63 290
306 535
315 184
125 120
389 263
145 516
226 529
176 161
256 154
525 463
280 164
223 475
532 367
18 502
216 32
532 47
191 85
59 34
446 66
225 427
310 439
188 199
279 274
275 495
132 233
399 199
159 34
146 497
362 191
253 230
506 384
131 383
520 28
100 164
35 46
499 210
333 125
179 262
9 402
356 290
207 400
159 345
230 451
399 85
504 241
515 228
450 262
365 117
86 225
540 197
417 326
101 371
296 217
394 170
192 391
521 125
211 445
164 327
472 103
338 211
532 372
303 35
43 348
225 319
317 197
303 269
310 313
98 322
399 333
387 314
164 35
362 485
513 60
150 233
296 530
146 520
13 170
401 12
155 85
440 317
515 373
176 303
283 180
313 225
513 413
274 438
8 132
411 299
374 191
283 355
125 514
383 516
361 480
372 200
277 57
145 404
513 533
199 245
442 299
432 386
319 423
125 168
253 495
15 434
516 480
523 513
258 467
64 353
249 58
163 100
408 366
145 375
45 97
56 134
362 317
363 57
132 80
521 121
268 218
167 125
410 354
450 70
70 322
502 458
423 371
96 440
122 310
207 502
528 48
59 279
497 362
284 356
35 247
399 362
104 438
336 310
356 116
473 42
538 28
42 321
221 325
34 520
535 340
523 413
193 521
98 299
311 100
191 198
418 10
150 414
188 184
198 474
401 419
45 279
509 402
471 279
274 156
122 176
198 30
201 290
336 303
102 101
236 184
433 263
455 322
495 207
188 345
408 72
313 296
454 348
442 473
8 32
441 185
338 418
189 204
9 267
401 503
376 490
413 42
233 450
133 193
197 499
253 451
338 225
102 388
389 277
283 521
497 411
444 69
303 193
228 164
521 160
102 145
8 511
534 151
533 537
520 326
495 402
451 253
389 536
389 523
240 210
515 295
503 260
336 495
521 83
73 56
529 326
73 534
175 275
340 205
21 28
304 454
102 398
35 228
435 192
497 520
425 450
193 119
359 530
255 521
373 66
326 308
392 3
401 255
255 267
233 345
1 263
244 39
311 275
9 47
261 353
535 19
513 394
418 371
352 238
370 344
363 187
241 200
362 263
102 84
133 399
269 303
191 400
351 121
45 296
511 322
20 361
506 262
193 535
521 170
504 127
438 344
86 520
410 133
408 266
469 264
264 38
521 151
284 418
184 404
275 296
174 273
73 311
399 120
296 91
336 327
197 178
219 375
18 470
349 344
23 191
321 145
172 197
326 317
333 147
454 225
294 389
202 473
188 411
425 296
207 13
278 279
127 9
473 375
473 290
255 457
253 247
199 152
255 147
201 154
86 17
419 97
389 107
73 313
487 521
86 59
334 69
535 515
152 154
418 224
119 521
487 423
150 197
69 154
521 288
523 250
313 197
478 348
122 164
485 404
151 46
108 149
225 6
530 326
401 515
163 97
137 210
478 262
497 308
365 348
31 371
197 362
521 373
203 435
39 380
200 260
46 402
380 262
219 95
345 278
127 18
479 191
163 9
197 332
225 491
164 122
19 333
267 67
219 541
224 408
521 239
163 280
211 95
187 486
32 520
489 247
414 276
521 403
127 161
474 228
497 167
163 41
282 285
274 520
480 184
117 301
516 422
57 403
168 513
207 220
76 315
225 497
538 362
222 41
423 207
43 478
228 230
277 70
509 127
191 358
336 105
530 174
513 365
230 151
408 422
299 315
438 225
356 244
283 373
339 86
197 467
469 420
419 267
521 457
361 319
51 64
521 52
520 535
277 161
193 1
99 271
163 521
368 523
277 411
267 260
207 146
91 13
199 85
358 345
159 389
418 202
189 344
225 373
303 247
233 141
56 389
217 1
8 418
336 127
487 371
500 403
419 313
359 457
502 509
20 319
230 348
197 415
315 103
387 86
43 55
120 234
165 143
41 122
504 122
183 69
515 227
529 59
520 144
304 154
15 332
516 240
227 100
521 86
154 315
295 430
431 15
233 201
197 57
489 515
22 421
385 389
484 152
333 59
410 440
520 274
432 96
356 99
516 116
425 36
308 459
362 535
521 22
73 176
130 450
207 501
515 230
88 162
255 46
275 100
299 466
276 389
259 271
439 372
307 211
392 400
339 28
59 198
338 491
399 317
167 485
488 28
409 8
151 534
410 207
454 437
227 70
37 209
495 100
473 356
122 503
442 380
304 28
515 122
362 348
521 345
515 161
445 190
444 34
259 197
263 317
12 310
281 114
13 440
294 521
296 352
104 28
413 450
330 199
161 260
87 263
515 199
467 225
451 275
311 40
133 156
163 121
86 326
181 38
362 333
520 38
326 523
86 239
534 197
373 197
154 290
333 287
411 444
495 267
344 154
244 210
70 95
141 199
478 437
145 262
340 521
400 411
179 70
164 222
311 164
521 133
502 515
521 381
345 418
310 503
18 515
256 207
59 333
313 73
345 226
69 453
264 69
210 170
276 129
42 383
313 239
232 434
296 389
377 128
310 12
142 494
85 146
253 193
344 339
411 199
160 520
56 37
423 437
96 190
345 173
412 195
521 370
310 275
521 327
56 444
154 527
419 303
135 102
336 106
189 357
147 489
263 182
521 43
47 275
268 427
134 173
521 91
117 391
334 154
523 384
217 278
434 322
535 21
454 86
505 321
191 184
326 21
487 262
294 233
1 339
242 290
188 454
387 189
357 197
308 197
198 13
60 466
54 459
317 131
57 96
227 217
279 333
455 386
145 517
125 259
290 472
341 368
467 228
454 145
489 73
483 523
497 461
13 247
368 224
144 76
396 210
467 133
351 333
230 56
393 391
60 160
150 189
506 124
535 385
513 270
268 274
250 15
473 483
535 108
217 520
408 15
197 542
362 338
465 533
383 70
163 497
85 299
310 193
311 9
13 354
304 308
18 419
164 197
504 9
144 384
41 67
299 442
434 437
365 480
451 521
19 345
501 505
383 290
343 523
491 538
28 85
423 516
12 46
45 263
124 64
454 167
201 225
535 13
306 104
295 348
408 212
375 418
164 216
41 40
125 254
365 42
151 73
172 322
132 34
85 294
61 521
19 189
134 125
320 223
199 129
344 155
278 144
176 419
263 45
228 336
132 389
326 32
397 102
34 278
176 40
127 34
468 479
254 389
28 376
521 392
503 333
313 303
373 189
313 278
387 497
9 147
69 371
295 520
368 144
141 542
455 394
142 349
399 33
146 263
333 421
127 227
368 537
410 314
414 319
443 370
28 191
390 145
400 418
344 199
311 41
400 97
19 351
520 26
268 490
100 161
163 239
47 9
340 505
85 132
336 345
311 200
317 28
334 353
34 389
400 345
474 198
495 489
13 144
155 182
233 425
520 344
207 134
340 414
497 399
62 340
234 501
423 483
338 332
47 489
434 477
132 457
399 411
451 367
152 484
22 263
333 60
224 250
288 191
454 497
199 62
410 198
228 199
147 336
229 262
513 537
535 247
263 535
497 467
86 308
358 471
268 197
39 244
146 155
201 294
530 535
474 279
295 45
516 384
303 119
324 434
529 381
429 541
219 396
276 505
425 371
521 358
173 521
297 96
504 35
215 197
12 470
253 217
317 114
122 372
400 497
419 70
411 530
523 455
326 240
168 233
125 262
160 28
515 255
224 454
280 354
488 191
200 419
357 217
125 144
76 304
299 437
263 276
274 21
317 278
280 287
233 181
299 343
521 59
427 383
199 302
529 56
163 336
506 102
505 537
333 295
189 485
296 214
320 191
389 111
70 130
217 6
535 499
408 211
102 307
535 438
520 263
461 189
147 345
217 288
144 86
236 75
228 413
179 437
334 377
389 214
372 122
45 313
64 371
256 361
451 175
282 315
427 521
430 394
443 263
283 198
349 184
435 490
152 472
198 191
86 85
269 100
513 102
521 210
438 521
275 509
460 225
215 82
389 31
451 311
108 132
301 377
341 36
523 124
461 132
24 154
495 439
8 387
155 146
277 289
411 279
176 509
244 481
221 392
433 308
530 389
189 182
411 529
191 303
219 43
91 191
191 317
175 200
179 418
225 467
474 535
128 117
227 230
503 311
212 262
451 176
229 346
521 422
76 69
370 345
454 487
173 150
188 497
521 267
263 228
396 422
392 109
207 274
484 261
311 18
245 420
359 129
296 465
129 389
417 299
372 267
275 333
274 521
241 311
277 181
193 279
443 189
389 457
418 434
410 70
160 183
439 227
333 127
509 521
505 386
197 251
524 69
41 367
176 47
70 179
357 399
516 432
76 459
362 357
515 241
151 269
9 200
421 22
280 207
226 59
302 189
101 130
454 181
380 473
507 233
62 414
126 69
502 263
130 138
227 345
278 204
439 267
454 184
406 285
202 533
320 37
528 353
85 345
1 13
467 359
383 521
141 462
202 408
464 74
431 371
197 74
299 397
225 233
240 348
278 373
383 64
215 326
59 263
155 225
167 191
383 10
122 401
211 381
179 473
99 473
163 367
358 45
485 497
299 231
534 333
87 497
454 390
501 146
268 146
311 222
163 34
105 521
28 538
217 191
6 387
31 197
515 333
13 314
225 308
146 199
310 207
336 119
411 195
495 122
43 39
289 245
537 541
268 326
383 384
444 345
504 253
521 413
95 541
304 485
13 316
326 132
328 219
299 389
59 521
69 472
362 14
155 389
389 212
512 332
142 132
515 176
233 81
267 439
539 371
440 70
439 18
278 313
233 173
375 391
173 414
430 72
411 32
280 357
389 72
151 532
311 147
104 188
520 36
503 47
513 523
18 164
431 214
95 375
156 358
296 418
503 176
146 281
440 96
179 384
197 3
506 437
303 504
190 371
326 116
365 95
85 302
373 59
96 355
365 537
199 497
305 373
271 526
321 244
537 42
159 191
197 445
254 125
225 299
527 332
247 439
351 274
117 334
232 394
145 343
156 467
159 195
244 394
13 351
408 418
163 230
418 137
401 532
451 73
465 422
295 474
299 480
340 85
73 532
121 351
495 534
283 535
56 466
176 401
207 225
400 280
102 124
207 95
288 56
165 332
471 400
320 530
216 256
346 406
295 488
15 523
47 260
161 34
454 202
408 262
31 225
451 241
104 521
313 127
506 224
275 336
56 457
534 228
98 418
296 213
268 538
253 327
129 201
105 351
130 396
188 6
521 467
542 237
399 497
359 270
73 374
515 520
399 114
9 46
266 60
6 216
167 339
283 457
521 514
280 197
263 344
176 230
278 180
230 351
439 495
358 191
1 457
503 70
345 457
18 47
134 457
304 189
163 354
310 70
299 75
73 46
215 207
333 239
95 321
126 203
330 81
142 181
145 194
229 418
362 288
505 232
521 311
365 270
502 260
472 152
104 274
279 354
389 76
274 34
521 374
520 276
528 304
442 368
530 276
199 160
308 134
483 307
56 530
398 214
299 101
76 438
501 62
389 235
127 502
352 13
387 263
454 34
6 199
128 391
211 356
23 333
521 287
125 182
344 144
88 395
419 333
18 439
198 263
6 225
253 119
274 461
294 20
488 399
247 367
351 144
420 48
222 47
219 437
223 243
413 394
521 313
12 241
365 441
28 154
272 436
389 115
326 59
355 207
344 520
530 149
393 533
534 451
518 117
96 413
32 144
304 521
138 75
408 70
277 440
469 403
268 521
396 321
333 230
521 296
114 281
225 330
493 191
109 191
487 403
422 396
313 389
345 540
217 197
76 458
336 502
414 150
411 131
278 520
362 270
56 217
151 367
303 400
410 521
13 399
310 127
515 70
200 147
521 224
317 387
9 372
163 216
176 193
207 263
16 475
69 334
467 391
511 232
133 333
410 400
516 375
333 532
535 454
535 59
359 338
194 505
168 296
183 339
104 66
365 411
197 37
333 310
467 503
383 60
488 389
523 396
95 10
98 443
408 383
513 423
410 520
191 228
326 279
224 321
409 292
413 384
199 346
226 270
150 340
345 438
454 182
278 8
322 523
102 442
454 326
345 39
239 59
43 380
163 147
451 46
160 22
368 239
101 347
515 41
232 63
8 389
47 389
284 365
211 325
80 28
164 176
12 18
259 457
375 487
344 389
230 43
393 537
20 125
521 351
316 197
467 83
439 275
180 375
535 32
389 237
333 425
280 410
163 389
232 229
98 437
317 156
503 532
147 161
176 333
474 348
85 497
532 495
56 359
405 339
193 354
160 341
311 470
339 357
274 85
144 296
85 520
336 207
362 96
296 408
69 236
467 258
534 164
242 314
6 181
278 503
119 402
336 419
478 533
411 239
296 129
439 419
192 117
349 218
515 193
73 354
116 194
59 280
339 21
443 183
225 129
201 197
159 314
305 197
466 510
217 461
357 389
164 193
401 73
184 391
108 21
295 515
133 358
277 389
151 336
247 147
13 521
106 247
161 279
302 225
362 400
24 420
65 462
105 310
418 145
151 372
483 262
245 289
389 233
224 240
163 198
288 355
532 161
355 239
535 38
127 197
56 76
399 389
331 450
228 106
422 307
18 311
400 262
521 349
199 315
352 332
106 374
313 228
277 425
71 56
144 344
535 355
147 228
122 200
18 255
521 439
456 392
340 150
207 362
191 59
534 47
62 146
356 284
197 136
146 521
356 384
18 247
268 195
228 87
355 19
461 6
296 45
461 59
30 516
495 47
35 504
478 312
219 386
70 375
225 150
132 462
394 325
299 377
268 276
263 308
45 488
191 275
134 85
303 327
70 503
32 21
12 489
515 40
495 176
73 497
179 218
434 102
73 400
223 530
19 279
114 263
189 454
521 341
465 396
501 189
85 206
339 144
47 470
535 400
498 457
69 185
461 454
357 216
313 274
228 400
279 97
535 55
267 47
184 154
387 199
454 47
25 525
317 333
130 455
230 119
50 465
383 418
221 179
42 262
311 310
119 283
356 43
287 358
383 145
282 484
504 12
308 521
474 274
263 28
102 429
387 34
467 45
225 355
280 339
520 400
194 177
15 365
30 464
521 461
408 437
535 497
28 188
301 391
364 154
438 276
221 436
188 195
108 454
229 177
355 133
256 62
220 389
122 367
20 201
121 400
516 455
144 276
34 515
225 414
530 263
503 303
230 47
474 180
299 229
485 184
408 413
114 302
34 166
190 332
365 380
230 275
439 269
22 368
199 261
345 256
333 521
408 394
56 184
310 521
393 441
13 360
217 59
72 473
389 438
521 218
73 502
268 138
521 294
472 329
425 317
75 404
264 184
296 191
162 538
241 228
383 165
399 400
521 360
506 84
383 210
263 275
315 154
155 344
542 129
184 371
435 332
497 163
425 465
488 163
280 274
127 255
219 380
299 375
181 64
299 371
228 197
76 339
271 160
277 207
439 504
250 299
389 124
191 410
29 271
481 394
163 189
64 142
333 358
46 193
333 372
389 125
313 355
161 122
326 530
385 314
484 353
239 45
45 317
108 279
104 389
147 247
328 356
445 55
163 200
414 197
103 371
105 197
444 344
442 244
100 46
521 320
85 104
303 401
520 304
225 32
471 144
474 351
200 504
80 225
280 295
156 45
372 23
299 356
299 301
523 465
70 122
35 255
454 500
253 18
511 308
100 241
161 327
179 328
156 263
419 193
345 56
276 414
72 356
299 429
311 35
454 434
345 354
9 532
399 87
368 480
319 220
457 184
505 455
461 191
41 451
159 199
328 533
420 494
419 367
495 372
534 509
279 316
126 438
387 521
410 316
226 308
23 197
164 70
353 406
256 93
530 320
389 224
191 389
144 304
401 402
127 46
373 225
86 389
41 310
520 66
23 46
366 72
346 472
438 144
321 478
142 521
228 147
511 437
345 8
163 489
150 389
487 202
13 357
199 317
467 106
516 326
423 70
420 403
497 225
474 225
454 278
340 134
176 311
137 70
538 13
345 87
179 170
372 197
386 418
7 52
46 253
34 32
512 270
28 189
137 437
163 310
199 454
454 69
535 8
239 303
220 20
57 205
197 337
473 516
506 523
269 35
397 299
134 155
42 211
515 269
165 353
479 143
389 521
339 32
278 316
399 207
372 241
454 354
263 333
372 532
385 225
184 69
509 217
219 423
159 154
535 348
12 521
345 288
219 231
228 241
144 461
133 45
197 112
233 340
283 333
483 102
46 351
339 362
133 287
86 341
27 160
401 372
287 278
70 229
220 414
104 225
88 109
168 425
375 70
144 97
173 319
144 189
239 97
168 183
197 258
333 422
247 105
523 42
267 35
102 523
303 509
509 105
179 299
269 228
389 433
401 269
34 333
44 389
73 247
284 299
18 372
502 176
188 521
193 275
374 288
76 28
125 31
523 10
227 207
462 233
131 219
414 233
362 354
147 367
46 521
422 455
165 518
365 179
419 504
233 69
160 356
336 521
411 229
339 125
489 12
42 437
191 207
263 22
304 106
278 345
497 389
283 389
533 356
389 84
125 220
418 322
88 389
535 160
159 165
180 505
193 532
505 450
289 117
333 225
389 490
379 403
144 425
443 8
167 345
130 84
495 9
199 52
14 530
119 18
316 354
16 109
467 410
444 443
461 339
32 167
59 226
314 234
539 181
232 4
233 418
473 403
326 131
515 535
279 59
489 40
346 518
294 361
465 224
2 69
241 12
79 440
60 55
336 275
278 317
352 520
28 167
254 95
76 323
95 533
278 333
47 147
197 162
215 314
42 523
340 207
368 342
13 70
85 44
306 497
339 345
443 165
502 336
461 197
480 102
363 190
521 423
306 197
218 505
534 106
253 275
530 157
276 28
13 56
8 239
36 157
317 199
41 151
517 266
294 225
191 56
13 207
208 356
103 69
373 515
319 197
346 152
483 42
131 375
411 520
127 401
338 26
263 411
368 99
333 368
46 228
20 535
59 535
13 497
532 230
419 471
198 440
431 507
94 403
391 192
215 511
355 191
342 38
239 389
304 450
315 48
408 386
179 380
338 403
349 438
383 43
318 198
197 508
513 262
277 355
119 40
425 422
359 109
228 263
506 430
127 348
127 532
41 161
506 356
524 346
304 21
183 199
446 190
12 503
389 5
365 499
165 384
278 87
457 400
454 87
70 296
275 504
28 125
191 217
451 230
371 518
276 418
383 356
151 197
276 21
523 69
33 62
420 154
161 176
271 341
275 367
522 435
513 210
230 515
131 528
383 95
184 270
438 520
255 401
132 184
528 315
408 321
474 156
185 128
156 355
521 437
442 356
355 333
126 520
33 521
219 328
509 419
13 274
42 394
454 274
461 56
515 372
396 322
515 217
344 189
189 32
119 269
521 262
266 450
372 275
199 304
223 174
195 345
95 231
425 262
98 62
70 115
310 269
9 73
200 351
114 44
18 119
219 321
197 55
70 465
408 331
266 517
21 375
483 466
45 278
167 497
247 521
438 505
101 244
299 21
78 4
290 356
46 470
340 129
521 538
6 521
161 470
207 409
200 303
167 28
352 191
384 418
516 413
13 210
422 309
455 483
427 299
336 439
488 513
502 41
85 173
28 197
375 386
256 69
304 8
13 502
225 28
180 96
72 224
220 345
28 144
345 400
310 227
389 342
225 17
399 125
443 520
398 366
396 505
529 154
535 199
197 109
47 419
515 97
161 311
8 216
339 389
207 73
130 224
423 418
488 280
511 246
276 497
523 430
168 341
232 299
389 104
372 46
471 19
401 303
119 451
351 488
311 515
485 345
394 403
166 235
154 192
479 332
306 389
299 4
521 228
244 499
225 503
443 184
520 466
32 281
256 95
521 275
125 411
305 96
161 451
241 161
87 362
199 69
336 503
267 521
389 386
126 6
451 228
283 354
372 230
418 423
521 104
268 129
20 340
267 241
333 280
445 30
131 485
413 39
222 241
219 383
274 69
521 167
137 500
530 332
144 365
338 316
276 134
26 290
114 220
303 451
489 351
1 515
542 259
248 210
236 403
414 93
198 316
487 284
530 14
33 454
228 119
360 485
287 59
342 418
468 225
69 290
383 473
345 339
442 64
345 461
222 18
73 9
227 333
446 521
1 121
163 127
219 240
255 47
473 437
225 404
515 296
262 383
6 461
35 147
489 47
167 8
121 497
253 164
336 222
509 46
365 197
515 127
207 232
144 159
389 101
66 207
401 122
34 274
163 73
241 333
454 433
324 506
85 20
411 389
444 217
417 207
345 405
8 345
336 351
420 181
345 263
199 460
534 336
521 399
230 521
225 86
520 457
191 45
274 497
278 304
509 311
451 12
502 207
474 358
485 195
515 13
296 521
226 195
455 290
411 270
411 34
509 534
247 419
102 290
344 21
425 34
365 75
73 41
14 362
537 429
278 199
175 263
317 52
419 327
299 69
339 341
1 279
461 326
467 325
488 97
480 450
100 333
119 97
356 262
13 332
442 43
114 104
141 225
322 232
438 274
277 333
339 344
365 229
18 191
163 260
190 290
30 95
499 395
474 191
269 46
125 108
165 38
168 134
336 374
125 34
469 154
13 39
130 465
389 197
455 371
521 421
224 383
411 145
320 357
389 442
168 36
443 345
454 224
191 326
132 31
56 288
317 189
119 419
295 43
503 207
41 253
313 419
164 147
255 127
530 454
129 220
24 69
411 234
502 489
127 521
418 533
6 167
530 39
197 225
146 339
341 22
142 231
278 295
493 475
144 317
184 315
521 18
350 385
122 228
241 119
180 262
211 60
15 505
104 289
542 65
73 488
333 247
100 41
207 241
454 389
277 400
56 538
503 34
294 543
299 324
193 367
473 523
195 242
389 407
299 232
227 164
6 326
365 455
515 8
56 520
13 225
147 534
118 435
194 229
504 367
488 8
28 104
13 106
372 419
3 391
13 66
304 217
418 321
443 389
108 239
411 146
520 392
7 261
276 188
417 28
199 290
215 538
197 211
188 34
84 506
199 28
317 66
106 191
39 266
530 274
156 313
455 130
273 223
321 42
127 41
28 540
299 366
370 389
159 528
175 310
122 241
119 193
134 389
197 56
479 14
423 266
207 201
43 204
166 339
521 490
310 41
425 520
368 356
523 101
542 308
57 262
8 409
22 457
314 164
340 319
191 105
233 90
223 185
220 93
267 127
191 253
191 13
120 207
413 43
521 179
9 336
28 535
119 310
438 326
229 383
276 86
345 326
119 47
442 348
275 303
144 182
199 501
537 394
144 191
454 8
224 102
275 230
127 515
467 280
151 457
417 8
127 217
134 276
439 247
290 95
310 122
454 76
321 95
102 232
499 520
467 333
230 217
176 122
197 359
303 164
310 18
299 513
341 86
513 290
521 276
495 127
535 359
274 1
197 436
368 465
389 54
22 125
268 263
468 519
189 6
191 225
529 195
509 348
134 197
261 7
542 109
383 478
454 374
201 69
362 239
472 154
241 402
28 82
100 197
520 281
225 306
156 336
179 137
330 129
69 282
521 419
534 100
443 217
413 246
7 353
189 217
503 35
268 189
368 333
134 333
389 462
483 211
304 263
516 63
471 295
336 509
199 61
226 32
15 473
389 66
247 228
163 454
299 219
368 541
185 192
95 64
438 217
365 423
105 267
241 515
217 354
244 321
344 85
201 129
366 454
278 457
43 219
193 156
274 354
22 521
358 316
179 533
439 333
495 228
317 6
6 389
394 95
472 524
317 33
277 262
351 389
275 402
357 320
336 147
142 4
421 28
502 122
515 389
135 371
396 450
105 193
9 311
357 39
340 389
230 105
365 457
433 225
506 232
281 225
419 534
102 434
467 313
216 191
191 454
267 46
400 322
269 327
523 480
474 345
408 516
271 99
472 406
310 470
504 503
228 239
339 333
442 481
197 170
296 276
410 345
85 189
132 521
131 389
371 69
87 521
172 28
73 12
200 230
509 310
226 461
145 411
73 327
433 28
200 534
304 344
520 387
338 357
502 217
530 370
239 165
199 104
18 504
303 457
207 520
104 146
487 69
299 411
501 28
199 291
395 109
56 521
438 126
344 126
133 355
495 35
515 316
274 317
75 270
73 389
22 418
537 408
535 66
37 530
521 253
159 383
372 207
523 343
392 499
241 267
188 290
195 300
8 86
535 10
163 532
362 225
490 377
451 47
275 46
380 356
497 217
495 161
515 197
480 15
290 315
15 322
13 336
222 372
276 520
275 147
499 332
283 197
169 505
59 339
383 321
392 8
215 232
277 190
215 400
296 224
387 274
357 87
193 87
154 420
85 6
361 20
507 183
365 530
346 7
344 114
164 100
467 1
199 345
198 362
191 304
163 314
450 102
440 129
147 12
535 275
86 28
164 127
299 145
483 383
189 225
263 362
70 137
473 60
474 333
274 263
296 99
338 359
197 457
154 64
82 28
408 398
201 500
108 195
274 443
188 485
8 197
457 435
336 175
317 59
259 368
227 310
35 47
464 57
200 40
454 198
211 231
410 467
164 119
253 502
278 474
41 18
86 521
59 355
506 321
275 535
195 412
496 56
241 122
64 299
290 371
281 197
524 152
439 176
473 210
373 467
145 59
398 224
530 362
423 450
480 386
163 339
145 290
24 391
207 191
503 199
465 437
253 191
451 419
500 505
159 263
87 345
198 374
225 333
219 284
299 487
306 160
163 355
272 394
308 69
488 386
125 290
42 348
18 269
164 354
37 389
437 219
161 367
459 125
20 256
73 161
33 154
259 36
86 421
133 474
274 535
45 156
304 458
272 392
451 164
183 129
134 104
530 359
145 218
167 317
242 317
132 461
27 270
202 418
170 60
421 86
389 276
418 413
197 66
304 76
20 85
189 389
263 358
263 114
104 344
488 134
473 39
385 434
33 345
296 36
21 389
537 356
57 74
346 154
454 214
220 225
164 458
532 402
189 333
442 210
456 221
284 533
19 45
207 164
6 345
333 405
283 263
326 115
422 457
284 386
32 485
497 59
45 19
228 18
469 75
338 326
326 268
535 146
134 62
535 391
418 473
283 96
276 542
197 517
521 137
263 287
345 362
121 19
127 311
160 457
296 144
233 521
36 450
105 275
101 436
280 313
495 41
310 401
144 45
6 59
104 485
201 95
230 534
471 239
454 523
528 76
372 495
12 303
73 275
513 95
534 12
253 122
345 239
385 317
75 24
295 87
485 28
515 532
35 419
12 327
313 497
253 47
485 339
400 191
393 39
161 41
488 400
394 299
454 43
227 47
383 348
365 483
389 431
515 100
421 526
144 497
100 269
372 73
425 168
75 518
188 270
532 9
95 185
246 396
336 534
146 207
373 333
197 272
267 275
222 122
450 434
88 3
122 470
256 414
268 240
163 362
333 365
137 270
521 30
144 226
389 168
443 387
373 516
122 227
207 364
13 198
455 4
493 332
191 69
399 505
193 313
454 114
219 299
151 13
132 4
18 327
3 88
161 200
95 42
73 348
247 336
457 183
119 372
274 59
263 295
450 420
450 128
399 154
145 69
334 236
12 333
21 304
410 199
222 402
151 230
521 93
13 491
333 279
73 402
317 86
317 193
336 176
10 383
279 154
355 263
302 197
321 408
131 345
242 159
410 278
425 172
263 354
362 144
169 60
256 20
212 450
13 277
12 267
122 151
314 207
202 380
454 317
222 419
193 8
294 160
199 20
417 540
359 467
119 401
509 228
58 249
230 269
326 239
504 164
166 28
241 35
161 345
479 56
199 319
336 402
266 348
102 418
102 368
368 262
141 233
280 497
294 62
304 6
278 358
219 135
287 156
454 384
317 530
105 228
520 184
342 324
370 149
198 389
495 504
345 32
233 454
283 278
419 230
159 317
269 119
70 299
159 184
521 100
66 418
161 521
164 532
346 52
237 542
521 520
199 438
383 375
302 103
200 41
95 469
505 202
62 501
22 339
450 30
47 228
423 165
188 104
406 315
127 241
280 263
480 516
13 333
210 42
199 520
76 353
389 132
451 489
535 521
72 442
523 138
28 233
368 263
478 192
64 165
164 269
537 533
199 27
263 197
261 514
134 317
333 8
503 18
542 36
481 483
443 314
163 96
473 75
299 95
105 509
56 225
419 263
46 336
146 399
179 396
506 442
527 154
520 317
443 145
520 207
506 408
274 133
521 280
163 67
1 59
411 59
488 45
61 197
521 35
179 219
137 450
520 499
9 269
163 175
21 279
18 67
146 411
308 317
197 373
456 325
483 101
161 503
483 386
163 439
127 47
474 13
21 191
513 70
35 176
450 72
28 485
504 534
151 275
56 333
56 106
411 144
503 106
400 216
474 59
521 39
167 454
69 117
263 345
339 235
534 35
528 453
21 308
164 502
161 267
319 294
269 164
15 84
181 377
345 34
219 99
163 133
164 277
225 294
199 478
506 450
28 59
480 101
520 32
13 279
167 217
455 380
387 520
197 432
535 351
94 223
299 348
410 156
193 316
515 207
306 168
164 419
218 15
398 299
296 28
342 394
505 487
528 472
179 480
34 219
333 133
311 372
134 497
167 263
515 471
310 263
240 480
356 328
197 49
418 365
359 362
397 505
408 322
230 40
69 404
380 99
450 437
28 457
388 262
213 422
188 344
288 458
523 99
299 290
495 367
276 144
13 488
502 327
389 239
419 287
15 408
263 21
176 269
535 443
389 90
41 275
503 497
481 403
160 437
70 440
96 145
357 204
345 511
18 41
532 147
91 389
474 520
9 275
505 442
317 155
127 267
295 535
217 21
146 191
211 380
276 62
163 269
47 336
421 339
495 502
321 262
385 263
373 362
161 40
6 438
338 426
176 253
280 191
233 457
278 283
42 418
320 389
336 367
225 20
418 30
63 450
100 151
215 437
314 146
105 327
28 520
229 116
172 521
256 150
13 485
134 340
401 275
538 530
336 372
255 451
275 207
400 520
351 263
37 191
164 34
400 283
537 371
494 117
333 339
340 514
47 207
241 260
365 240
350 257
295 278
313 535
411 184
189 125
396 418
102 342
370 520
159 365
535 204
35 105
269 504
271 259
365 312
504 40
269 105
34 69
56 71
263 156
359 433
533 393
274 389
147 40
183 345
334 403
154 334
201 535
268 317
180 204
455 348
233 290
298 407
193 13
346 103
228 351
362 8
56 185
225 263
215 66
400 129
39 328
163 457
422 117
134 296
163 351
197 216
461 217
145 30
365 263
305 440
497 32
1 419
146 438
176 275
215 138
162 170
440 399
230 96
76 290
521 357
201 27
104 182
87 191
356 537
168 28
506 60
155 505
345 292
230 41
39 95
408 116
450 505
502 367
264 371
147 255
23 18
384 435
515 106
410 191
299 346
150 28
400 138
451 504
161 239
393 69
361 225
21 438
201 423
39 365
455 224
542 535
326 218
215 262
501 521
509 336
276 189
151 8
197 391
219 480
520 294
219 293
375 450
12 532
181 403
56 133
521 480
144 422
274 45
32 28
541 537
489 310
173 201
344 279
230 310
168 466
393 473
299 64
370 217
21 326
389 50
495 255
280 119
280 1
308 217
411 86
35 439
228 454
126 344
151 105
23 521
444 270
414 485
75 245
59 19
295 133
13 468
103 353
303 47
389 506
114 197
521 34
10 145
225 81
362 373
76 65
342 102
389 153
362 497
104 85
388 185
175 207
47 230
410 471
215 268
9 515
355 199
163 467
338 373
234 199
361 141
224 138
207 33
230 327
411 268
189 345
168 225
70 224
361 233
497 485
523 321
324 299
535 156
188 167
114 535
57 264
455 138
362 454
86 333
371 334
244 408
334 95
351 127
454 106
279 217
242 225
105 100
241 105
469 522
127 509
167 21
119 373
191 351
384 437
488 497
129 361
9 253
514 371
274 104
461 438
357 109
505 408
371 184
164 46
176 457
252 492
521 219
159 443
535 184
342 299
125 339
32 199
28 411
106 121
389 92
284 478
399 133
457 466
336 12
409 197
278 389
502 269
511 418
299 262
413 423
284 441
87 474
131 195
255 227
450 290
116 437
43 403
193 228
161 35
114 399
71 468
294 33
120 28
164 440
320 143
405 144
35 311
9 439
513 383
451 147
413 299
280 45
124 10
127 193
199 361
413 60
8 218
59 39
57 38
389 335
163 474
207 440
217 43
274 132
245 24
147 197
322 342
158 521
395 392
461 535
521 326
336 73
479 243
41 73
373 338
69 524
519 457
336 46
193 400
400 389
241 47
30 423
19 521
534 46
326 270
345 356
100 127
85 256
467 191
294 535
361 340
133 274
346 315
108 345
56 536
513 473
255 333
168 271
306 322
338 109
485 385
408 299
499 170
490 332
356 348
317 97
530 189
388 102
311 336
457 259
224 418
483 435
9 35
316 333
355 535
61 205
521 438
521 47
472 290
70 321
65 492
229 505
163 296
228 247
288 304
133 313
147 193
219 505
197 179
207 197
495 419
408 393
8 471
446 88
361 150
425 84
317 220
106 288
399 276
105 164
8 437
290 404
197 223
308 514
163 509
239 454
333 18
268 292
277 213
144 156
28 521
241 193
228 534
338 457
14 3
164 253
504 275
261 472
19 239
326 56
134 93
73 199
396 262
193 46
84 130
370 263
28 69
521 159
12 122
256 520
389 169
101 430
534 439
488 313
191 263
497 454
242 34
164 207
508 457
516 224
47 503
521 126
469 38
326 411
101 342
73 228
345 535
219 408
199 171
85 191
469 377
100 372
362 438
142 290
176 521
515 367
103 484
202 95
241 457
198 521
513 138
392 88
377 301
275 534
43 42
159 28
310 147
134 454
146 427
130 384
443 149
455 513
234 381
394 457
295 521
535 129
408 435
121 197
333 259
287 263
511 538
338 354
37 362
489 503
207 535
86 339
521 55
317 521
530 28
280 279
375 411
530 308
199 120
534 260
168 262
299 383
365 478
379 112
225 173
69 391
317 461
542 332
537 418
225 346
356 210
410 503
408 50
9 18
371 403
520 170
454 45
276 225
76 197
197 221
69 332
433 56
362 345
310 253
9 351
534 502
287 333
164 18
31 457
473 202
417 345
167 32
523 365
333 439
201 315
484 346
56 468
230 122
189 146
454 311
46 401
198 497
489 255
180 57
147 41
383 131
278 45
313 97
281 85
99 356
471 521
104 199
18 495
535 264
142 389
454 121
304 52
207 70
515 175
513 211
368 442
217 283
33 120
13 538
373 363
431 523
435 466
76 263
229 408
57 289
46 327
516 299
404 75
417 437
503 504
233 125
43 333
535 263
333 106
408 138
256 104
389 140
521 401
497 400
307 473
84 342
37 320
56 339
