317 302
351 355
163 280
35 503
199 201
311 127
497 399
344 521
399 362
155 62
100 269
156 45
272 542
239 276
193 495
442 356
534 41
310 521
443 326
313 310
505 380
376 466
384 290
39 43
142 455
18 275
215 400
233 28
173 389
535 38
419 355
380 70
219 408
389 450
253 35
389 523
105 106
358 515
163 122
85 319
70 325
435 510
104 425
443 225
350 148
175 200
223 94
371 190
468 519
176 193
167 521
303 400
386 418
311 489
280 274
161 47
438 276
433 183
387 520
168 34
534 197
515 216
500 27
451 47
68 199
12 40
333 47
535 351
516 218
176 311
217 184
368 442
383 229
361 85
303 311
503 278
340 521
497 167
425 488
275 241
141 480
197 209
513 375
8 144
278 358
451 401
225 146
521 203
538 352
241 47
34 219
125 120
303 534
60 130
467 345
336 12
250 523
535 34
351 247
521 513
226 21
150 189
154 518
86 457
399 13
217 362
59 529
444 239
383 483
76 482
399 440
168 197
146 85
137 516
46 227
42 211
316 144
515 280
389 521
454 450
326 62
313 274
200 509
439 502
295 45
147 228
168 477
418 483
280 503
399 234
247 374
333 43
73 47
230 43
197 190
399 333
326 218
189 326
362 352
263 274
272 42
219 375
355 278
19 354
326 437
509 200
304 454
399 279
410 339
490 332
417 538
148 350
541 437
446 456
242 414
276 490
353 64
154 420
284 321
535 134
521 120
76 308
396 299
438 225
132 411
372 470
420 181
207 515
272 446
13 440
529 59
430 115
147 333
362 530
345 540
211 299
102 408
156 474
176 303
41 161
197 238
73 207
161 35
233 290
255 18
46 67
513 423
497 61
339 184
1 239
41 176
125 132
274 520
117 518
372 18
105 336
218 15
145 365
147 106
179 437
163 13
278 520
477 129
523 473
59 317
22 542
535 159
488 193
120 69
387 199
319 423
104 189
310 193
517 499
357 144
176 253
127 354
468 13
317 120
226 144
236 403
513 69
95 185
176 161
294 345
130 386
56 530
18 439
467 129
127 41
362 45
303 119
277 333
480 60
85 104
102 480
419 303
127 311
88 272
173 134
351 313
216 197
278 133
8 373
164 354
228 313
240 210
305 400
521 147
160 457
122 73
239 168
372 23
330 81
346 494
17 197
102 115
408 356
515 402
401 372
73 358
395 517
386 204
431 299
268 521
44 154
465 533
102 418
333 372
499 354
296 13
239 217
303 495
188 274
389 356
515 47
26 290
144 39
88 392
333 521
389 235
304 225
455 423
466 435
340 514
263 530
440 28
13 225
373 362
47 310
319 150
108 34
414 183
425 125
296 352
515 100
401 419
241 495
175 515
521 114
87 497
212 262
303 367
521 126
411 530
156 333
242 104
340 134
503 47
317 288
319 233
215 138
147 161
168 239
473 99
365 229
368 262
429 437
404 290
418 365
255 46
6 497
346 7
127 253
105 269
144 263
440 283
410 373
175 127
389 77
399 521
307 211
106 228
217 8
344 387
333 295
481 442
442 210
438 56
523 423
418 70
183 217
444 184
503 247
86 411
133 278
423 473
421 22
132 142
344 339
534 439
443 520
494 391
241 227
122 333
299 224
519 468
227 230
345 326
104 263
481 270
511 437
13 348
434 505
268 239
516 506
56 391
326 345
450 102
161 488
521 491
376 144
223 391
497 291
401 310
282 472
532 119
127 263
72 299
199 520
56 535
125 484
76 521
100 378
131 229
405 239
233 323
383 334
474 535
408 214
399 85
443 184
104 317
454 202
314 183
164 100
33 207
390 56
199 315
13 345
308 6
333 22
503 389
478 185
225 375
144 425
534 191
274 400
217 413
497 461
480 408
136 210
389 214
473 43
223 320
211 332
326 56
413 43
306 389
183 389
532 46
134 132
145 315
443 148
535 278
282 484
410 345
276 129
338 210
372 217
211 154
35 504
15 232
535 132
473 380
532 193
277 389
442 517
537 154
372 495
353 184
73 161
336 401
372 100
119 333
417 326
305 278
119 105
227 400
146 339
313 355
523 322
317 6
125 182
115 366
317 159
34 184
18 227
59 195
158 39
188 344
28 225
299 321
438 126
515 46
80 125
313 295
73 339
56 107
35 311
144 163
513 383
538 197
411 326
400 207
296 22
147 253
35 193
499 365
344 6
120 389
155 411
244 60
465 130
395 88
523 335
399 314
35 41
33 399
173 346
542 373
538 345
530 359
209 38
164 401
190 394
333 125
533 299
45 345
345 280
383 154
521 95
401 227
281 302
535 61
46 200
450 290
73 230
219 43
230 470
168 521
419 70
410 45
191 13
33 454
320 519
166 34
454 365
499 26
336 402
146 28
376 490
286 535
144 217
478 95
120 520
63 505
467 488
534 193
87 193
503 127
296 399
14 296
70 177
317 156
176 41
189 263
86 159
515 470
295 87
504 311
489 327
316 474
412 195
220 201
296 207
133 399
455 394
495 230
13 91
255 303
534 269
431 450
353 290
200 310
160 36
57 289
263 114
70 299
273 270
520 461
168 262
295 515
533 95
225 427
233 160
345 474
393 413
397 335
219 423
207 59
197 337
361 225
471 216
503 339
253 457
495 458
99 394
328 321
102 218
275 119
263 146
352 519
93 109
533 393
346 524
410 199
305 96
471 8
56 536
164 311
375 505
444 274
150 389
280 191
521 253
125 254
299 391
288 458
28 389
30 96
516 408
503 467
275 105
411 314
515 303
56 225
27 154
232 356
86 239
514 376
189 32
13 279
442 43
399 501
18 105
423 38
522 435
346 518
515 495
521 45
21 279
13 362
450 30
133 274
516 422
95 64
184 315
276 6
357 59
319 20
506 72
131 299
515 358
356 505
194 423
311 504
399 278
515 311
229 505
144 156
357 197
414 129
56 274
160 333
116 356
70 338
438 344
15 513
401 367
13 189
226 167
300 195
156 317
200 47
272 521
45 296
351 474
383 217
197 467
443 239
156 313
227 367
515 489
144 317
434 15
189 399
282 353
22 263
503 311
306 322
122 336
21 375
131 339
221 211
336 269
278 521
471 521
523 214
283 119
275 333
13 333
199 52
134 93
283 454
408 365
8 357
278 217
299 219
85 299
65 76
535 367
509 311
389 84
198 30
225 210
362 8
439 247
105 515
409 326
28 188
100 73
389 124
356 455
467 351
413 4
515 144
489 372
161 73
342 262
530 56
103 184
358 263
308 530
375 381
372 402
278 13
351 144
263 296
161 311
501 535
296 197
145 411
530 13
66 207
227 451
308 538
13 304
134 488
372 327
255 9
34 85
520 132
41 230
100 535
134 233
454 537
225 317
411 350
393 328
373 305
267 439
515 439
255 127
122 458
15 431
317 304
313 73
299 431
373 278
317 193
284 10
217 370
419 521
195 183
368 144
532 100
357 279
383 165
321 299
305 180
425 418
119 267
487 380
8 365
133 45
487 521
319 340
362 14
215 511
334 154
313 358
278 144
211 270
98 418
506 480
269 367
108 239
197 445
189 317
145 334
76 454
70 440
495 470
8 87
497 278
147 47
278 199
504 147
521 509
15 262
95 356
359 467
272 457
219 39
145 404
32 145
96 30
463 80
534 311
461 326
241 263
345 218
520 55
535 488
59 351
227 147
243 109
535 20
70 473
535 340
126 389
534 9
129 389
127 255
150 154
516 145
117 334
32 245
233 340
521 389
357 278
190 464
338 346
541 213
296 288
472 152
328 533
144 34
338 352
230 351
253 303
422 183
317 21
320 191
333 296
361 150
303 247
483 307
355 362
62 414
457 400
211 457
326 339
273 26
144 365
18 12
106 191
160 95
365 480
191 457
423 334
197 30
345 228
357 296
272 392
442 214
225 256
233 411
374 521
121 333
284 478
13 66
164 275
127 509
534 161
8 497
164 515
468 191
233 90
32 155
41 12
425 450
372 207
281 154
199 62
481 403
313 357
511 322
160 102
21 344
495 18
73 191
340 535
124 408
392 272
313 189
150 220
211 480
308 21
535 173
216 362
400 345
308 169
32 167
419 46
106 121
54 457
389 142
225 345
191 359
115 371
10 418
411 159
35 367
427 383
198 497
86 199
266 325
69 118
473 210
535 499
255 275
373 363
129 535
362 345
191 87
339 411
279 97
207 314
284 43
241 303
188 144
76 86
263 239
471 457
220 319
56 333
279 154
483 523
133 521
276 530
45 279
437 219
380 69
311 521
303 402
225 461
534 367
387 274
495 503
336 378
304 59
333 473
399 535
202 380
446 170
299 307
228 413
423 266
191 263
279 45
32 62
345 226
56 351
21 339
199 134
534 451
47 247
94 273
513 60
370 387
418 266
179 224
389 454
102 347
276 438
410 520
304 32
410 440
239 144
477 224
537 418
165 403
176 147
393 437
192 154
535 281
456 88
401 504
469 264
20 535
438 274
155 345
338 359
119 311
326 538
147 41
241 12
390 299
127 351
387 28
423 102
400 280
154 64
228 144
451 105
266 423
515 9
137 70
60 42
226 191
225 132
132 449
295 1
515 336
535 355
389 144
103 353
418 413
125 514
355 239
41 260
263 105
104 85
119 354
479 191
22 309
299 483
146 317
468 373
13 399
13 403
419 127
359 521
278 189
343 214
530 144
480 124
263 197
254 364
197 359
225 144
8 132
299 437
207 33
151 372
304 167
534 419
304 521
146 234
13 317
76 290
310 267
304 85
271 99
497 443
145 138
163 534
6 339
450 342
532 255
483 244
345 182
357 374
351 191
389 477
509 351
127 310
489 419
352 538
387 34
165 381
13 318
147 200
8 471
497 85
132 114
13 38
91 13
339 104
515 225
15 480
322 15
184 332
175 197
493 485
311 227
151 230
502 509
321 244
189 521
163 274
278 355
86 535
119 255
207 98
19 333
119 9
513 394
296 316
255 327
338 521
161 193
221 456
274 443
176 534
56 404
373 207
127 241
326 125
275 310
165 264
288 228
535 299
444 443
268 10
184 371
163 457
195 485
125 333
398 214
159 69
269 402
230 401
207 240
211 38
377 435
86 125
521 276
275 311
57 180
311 402
451 147
433 530
296 102
247 521
267 333
263 308
44 39
227 535
516 116
319 294
61 52
521 499
469 117
31 183
245 420
261 103
473 202
511 129
506 332
396 505
100 200
163 503
56 317
411 306
163 413
197 468
454 197
306 438
321 38
132 461
503 263
56 206
497 276
167 8
95 70
151 345
142 181
164 310
490 117
523 210
336 147
505 321
310 367
473 403
230 40
528 304
296 338
195 242
418 95
296 224
304 28
105 253
361 462
208 394
121 191
248 210
256 233
299 229
372 534
280 351
523 394
336 23
273 185
163 59
13 320
252 492
199 514
299 490
10 365
7 472
535 320
147 504
42 244
255 40
338 194
338 437
535 69
521 188
277 8
303 509
451 230
253 263
75 236
60 55
389 498
362 197
295 430
530 308
127 534
131 389
200 367
389 505
202 473
188 454
225 346
499 244
450 331
496 530
230 73
95 348
299 246
339 188
303 12
411 108
222 470
242 28
31 371
259 542
408 487
419 535
199 414
43 55
61 197
451 151
383 434
163 305
506 442
287 313
45 189
278 333
400 228
299 435
268 86
144 348
521 352
345 56
9 255
521 97
419 18
495 521
346 406
266 408
520 371
389 81
56 444
521 217
473 371
502 439
497 485
425 84
534 119
199 353
219 135
421 339
264 522
75 117
28 154
408 266
94 403
346 52
530 538
264 154
200 105
530 332
356 262
225 326
9 489
304 288
401 147
333 389
506 473
160 356
313 413
491 521
363 187
197 162
283 197
80 31
515 333
444 69
299 430
451 489
278 204
275 127
269 509
261 406
144 45
73 199
219 505
515 199
454 443
489 40
515 327
128 377
101 347
122 402
127 239
159 146
384 394
487 192
253 97
443 44
503 106
193 189
385 434
147 351
155 134
19 279
310 175
86 263
191 534
134 144
535 338
164 230
228 56
497 59
383 4
207 304
230 35
326 279
296 325
146 399
357 193
176 336
137 210
215 538
282 315
33 28
462 129
239 156
12 303
368 523
269 35
515 502
521 470
30 95
528 518
390 21
125 80
303 46
503 535
124 219
290 404
6 520
144 278
295 263
333 228
296 345
197 191
124 541
32 326
324 102
146 104
151 263
183 457
179 211
520 521
400 262
193 348
219 240
197 225
439 336
387 345
454 132
246 396
241 457
537 135
302 6
100 230
148 385
504 327
299 36
191 167
310 470
138 375
191 468
338 219
488 144
380 516
86 85
487 328
281 114
66 409
228 303
356 413
256 340
455 348
200 534
489 253
389 434
287 345
338 491
86 36
535 220
414 207
276 414
538 308
62 134
317 362
211 533
191 59
172 450
520 199
197 297
411 217
401 532
167 454
362 333
208 290
514 525
474 198
461 299
155 28
488 296
400 62
10 299
530 345
411 268
287 279
163 275
480 523
535 93
311 333
344 62
345 263
161 147
268 59
224 299
225 56
389 537
122 467
127 348
193 164
230 193
389 225
48 420
193 228
253 9
361 129
493 475
516 299
39 244
245 51
91 521
56 106
473 307
98 417
130 218
321 43
211 244
200 336
532 73
145 96
401 127
179 219
66 341
66 292
255 147
219 262
228 351
261 472
219 516
480 396
199 20
161 503
217 132
355 280
434 403
280 119
345 339
389 490
333 207
474 355
316 239
193 520
132 80
284 523
368 299
145 42
296 333
15 250
377 490
280 45
164 451
73 357
410 13
345 356
263 287
197 464
168 421
191 296
227 100
345 59
234 33
264 64
259 322
121 1
102 388
520 91
533 403
530 28
120 207
351 535
418 380
411 375
108 217
150 256
1 295
193 413
96 440
414 173
155 189
495 336
521 19
132 4
259 263
401 311
502 200
189 454
419 311
199 233
521 465
227 311
333 405
534 105
299 450
230 402
168 102
506 128
21 167
239 45
340 262
408 290
444 225
346 154
296 437
423 232
520 294
103 403
197 373
114 521
122 147
23 521
219 455
311 532
400 216
241 275
408 430
247 241
389 168
176 495
229 338
358 316
299 533
497 62
419 389
161 176
499 473
268 317
244 394
269 230
154 118
46 367
338 185
207 362
499 520
308 86
199 225
76 125
320 109
521 247
353 406
445 55
317 345
145 517
120 317
66 86
457 435
431 214
96 190
283 345
515 45
121 497
440 140
28 538
167 485
356 99
225 520
18 509
53 479
308 465
296 351
266 210
47 230
119 303
444 299
418 69
199 423
442 321
125 242
241 193
441 494
319 361
471 400
73 521
145 64
275 228
57 391
211 455
26 270
256 423
538 91
521 197
263 193
401 454
483 386
275 263
535 352
211 137
127 247
134 173
438 389
56 399
389 411
534 46
147 197
461 59
219 533
455 418
339 521
326 131
134 225
225 20
521 327
361 330
299 386
506 523
119 45
330 129
278 399
317 290
227 217
134 6
534 247
308 263
160 28
385 159
155 114
456 446
283 400
43 393
176 509
44 389
156 471
488 8
345 32
18 378
317 488
438 461
279 59
454 224
32 144
199 262
504 269
409 8
65 259
410 207
105 193
199 139
101 356
259 341
218 349
368 263
220 535
535 28
259 457
239 461
411 229
119 97
410 228
532 336
373 467
247 73
394 325
85 520
443 165
1 175
503 119
59 474
455 533
193 204
161 451
233 220
317 314
474 180
56 164
225 475
146 62
228 197
365 473
129 225
279 354
147 176
411 39
304 346
197 258
241 255
274 59
297 96
125 461
345 144
125 153
54 183
85 411
134 85
535 19
19 317
401 41
127 521
35 119
362 351
359 243
47 327
342 442
114 155
460 225
181 435
408 516
159 165
155 497
54 418
13 195
264 181
418 384
191 91
520 6
217 497
247 147
262 383
308 480
35 230
217 289
345 193
85 189
200 489
34 104
479 195
489 207
303 327
279 69
419 151
199 32
521 182
239 296
538 400
410 389
145 95
446 66
389 72
189 85
229 418
345 351
299 377
280 471
28 167
357 216
504 451
502 9
344 21
119 373
188 345
199 245
342 102
8 191
521 78
454 401
433 308
69 24
296 513
244 43
516 179
515 40
314 399
70 384
475 13
219 232
86 271
69 453
63 437
283 333
389 160
454 389
173 20
91 352
520 535
278 296
504 521
239 437
70 102
505 408
242 146
334 371
413 328
32 21
133 419
357 93
462 233
137 95
276 505
127 67
274 69
372 230
474 348
47 46
56 290
79 129
63 450
380 328
106 374
461 521
100 310
489 532
188 56
306 21
207 193
406 154
358 278
517 321
59 188
478 192
317 276
454 306
211 383
219 506
296 183
346 103
389 322
104 485
44 444
230 151
197 493
20 319
380 99
351 287
193 502
132 69
359 129
488 354
230 400
400 497
364 315
31 462
108 59
338 26
121 197
242 317
313 327
9 439
21 59
338 109
230 217
503 230
42 321
321 290
506 539
127 47
473 365
364 254
387 385
191 426
333 354
454 217
228 230
233 256
340 414
299 466
296 213
200 40
533 537
506 425
299 72
247 419
225 387
488 317
134 296
124 101
241 267
144 422
176 503
358 156
207 255
299 59
532 275
197 243
163 532
267 310
432 96
521 70
141 457
201 129
125 371
109 320
86 345
342 386
191 354
276 86
108 535
294 150
530 264
46 419
167 32
408 84
288 13
336 275
336 333
333 327
219 396
233 520
454 465
445 190
215 268
383 262
515 147
32 461
199 454
505 384
127 327
70 328
443 56
425 520
411 529
12 311
259 466
339 34
389 224
32 339
127 489
228 362
102 437
538 210
521 267
537 403
383 321
13 43
15 371
71 468
191 69
521 47
161 279
333 225
503 534
232 219
474 278
70 246
45 287
362 399
225 34
501 225
127 40
497 357
534 263
409 511
279 39
299 262
234 399
493 191
454 474
513 95
73 200
197 93
18 336
362 180
537 404
219 384
1 419
42 210
478 437
451 310
471 295
493 433
42 39
521 87
338 191
242 385
201 69
384 218
326 529
274 154
365 312
523 356
274 461
76 438
533 43
503 216
193 263
287 156
408 422
268 274
181 403
444 521
540 8
521 104
88 457
521 358
474 358
100 9
305 373
414 521
226 56
304 76
127 451
159 217
431 408
15 384
521 36
317 56
326 338
520 56
168 263
151 197
47 253
117 301
419 228
423 185
372 144
358 144
15 219
400 399
516 240
146 219
18 402
161 127
316 197
520 499
69 203
495 303
304 411
275 521
39 365
296 233
387 497
473 325
45 333
503 241
359 362
524 315
142 78
310 41
366 72
520 296
163 105
207 263
145 218
389 90
188 85
8 511
353 103
342 473
239 263
302 188
20 256
267 46
104 289
263 156
130 240
400 503
253 241
18 372
221 392
191 461
506 465
535 344
180 450
356 403
317 183
535 389
451 504
154 75
13 351
362 438
191 374
488 399
225 141
96 74
516 434
425 514
503 156
163 401
162 216
193 317
75 154
269 419
163 515
276 497
455 95
389 457
352 521
31 28
288 217
317 132
14 3
336 303
1 97
344 263
46 451
278 228
150 225
175 303
76 304
163 348
73 263
163 327
401 12
430 101
417 268
461 6
176 402
273 223
411 521
504 73
242 114
1 357
197 57
176 502
459 125
296 214
299 154
280 389
333 189
356 43
227 241
418 386
299 505
529 381
474 144
521 454
425 34
516 365
413 246
425 144
276 535
520 454
523 418
101 466
13 389
334 346
294 129
34 278
535 204
70 419
275 515
444 199
263 133
530 276
420 154
520 279
311 470
28 32
146 411
287 354
25 505
75 403
296 210
408 15
515 217
227 275
411 98
345 438
268 21
434 356
125 326
176 175
408 388
523 99
393 391
15 70
255 451
145 154
271 526
435 184
521 450
150 361
273 403
189 184
333 368
467 217
19 345
161 495
119 67
219 99
391 128
19 59
232 15
159 239
43 211
158 191
439 147
304 216
454 434
435 181
535 471
264 527
240 224
156 495
122 18
169 505
535 276
108 521
389 330
130 523
512 270
1 225
454 87
365 418
151 367
443 125
333 96
454 155
333 288
45 474
375 138
278 354
263 339
479 468
484 103
495 191
485 197
222 40
275 534
219 264
21 535
253 345
488 333
296 99
45 274
503 176
253 354
530 263
411 59
326 191
439 46
503 122
199 123
70 38
58 249
191 45
34 166
22 421
356 328
439 495
535 66
351 156
57 262
523 232
102 84
542 191
425 271
266 435
131 365
191 362
217 308
201 233
277 464
399 276
389 371
483 383
144 339
261 353
444 242
295 471
122 35
154 377
365 437
515 197
469 75
365 483
73 106
100 504
66 129
215 540
127 156
268 418
167 125
173 69
105 164
125 90
188 389
389 86
219 15
408 429
86 22
408 423
147 310
411 274
240 70
155 182
499 38
454 410
418 322
73 225
31 197
467 207
163 1
435 522
336 106
162 170
454 501
163 35
346 261
119 217
439 327
534 495
355 488
433 411
42 413
340 207
275 351
296 521
255 207
483 266
59 226
389 323
372 303
389 181
383 480
50 403
488 355
155 85
192 117
351 97
532 521
538 178
342 523
6 345
22 36
389 56
212 371
164 247
131 317
163 176
73 12
69 484
193 345
389 526
62 299
425 168
191 520
523 384
521 535
289 117
296 8
290 346
532 372
383 218
528 290
483 533
421 263
477 296
224 408
311 503
85 154
443 444
16 297
497 144
419 279
22 28
86 141
504 241
517 266
39 42
225 443
106 56
217 28
351 239
130 384
487 43
179 328
521 495
9 333
168 86
357 70
274 1
163 357
372 46
217 345
22 368
44 535
392 88
151 504
127 367
191 19
414 225
487 284
346 404
57 381
389 296
222 515
188 444
239 354
122 532
423 39
311 41
70 483
197 186
538 13
64 290
15 124
275 100
62 399
313 520
119 367
163 362
304 317
268 400
230 253
294 189
200 260
76 458
488 389
336 47
156 454
60 473
333 358
122 207
15 418
191 454
232 418
340 233
283 8
283 520
304 458
383 533
372 354
365 513
485 32
450 240
497 21
155 32
530 370
411 44
464 57
521 106
317 296
283 180
471 535
294 233
484 282
85 256
387 370
303 200
119 400
132 134
99 4
304 56
338 326
241 119
76 507
454 145
70 229
7 52
523 442
217 438
256 69
240 244
11 102
218 145
474 521
358 345
331 450
199 346
180 516
56 228
393 533
200 9
268 383
164 327
225 305
18 503
399 155
263 317
299 210
276 191
45 278
438 6
156 133
391 192
504 151
207 488
278 34
373 66
413 386
72 101
454 43
70 380
127 532
338 520
134 263
41 401
199 294
275 200
296 457
499 211
401 275
341 160
523 240
400 437
41 73
18 9
225 400
131 195
183 8
304 62
193 295
85 188
184 154
419 100
144 466
37 191
389 438
272 473
344 370
147 502
401 255
497 520
502 127
357 56
439 176
418 442
401 67
134 224
326 232
521 220
506 99
414 319
73 378
338 102
132 344
418 10
296 314
523 179
537 95
199 261
534 470
519 457
56 184
247 228
76 459
207 20
467 83
320 270
339 362
513 70
418 334
180 262
440 411
188 270
488 418
241 35
168 466
197 88
417 62
51 64
197 363
454 70
408 321
442 4
189 345
383 70
278 348
304 530
226 326
181 270
239 278
497 283
268 217
95 394
159 443
70 43
455 413
146 155
56 354
308 437
352 520
47 222
18 495
365 224
102 307
31 125
396 4
368 539
400 278
163 161
380 179
278 283
105 247
450 72
526 160
504 100
504 228
296 19
160 66
102 214
96 197
495 193
389 68
75 38
454 181
9 521
443 497
164 19
115 437
263 389
160 271
147 367
146 535
241 354
105 534
503 333
370 149
227 373
503 313
129 201
188 197
114 220
389 342
410 355
368 60
76 28
125 520
274 497
147 402
450 324
253 267
364 207
69 154
56 389
333 230
489 247
191 351
460 61
191 358
241 46
523 431
483 154
489 230
15 218
349 203
163 47
345 134
191 320
15 331
175 534
245 64
224 539
504 18
86 296
142 6
224 137
542 389
399 438
43 356
368 520
395 109
32 529
151 275
14 94
154 128
365 435
41 40
361 389
487 437
229 506
334 353
18 127
47 147
479 26
433 56
440 497
15 95
191 125
308 521
421 520
13 151
345 34
275 504
144 279
465 437
268 199
372 122
443 535
514 135
259 65
166 235
225 437
50 43
131 191
461 339
138 473
47 470
144 376
542 464
303 100
163 191
488 36
520 333
39 483
102 539
303 40
197 248
159 39
197 37
353 7
542 144
176 269
217 461
461 125
12 451
528 353
12 18
176 230
155 225
215 292
147 521
56 263
108 132
395 392
497 207
230 534
392 389
9 247
503 400
239 19
147 73
296 465
73 311
299 138
98 443
239 274
176 255
535 411
230 310
461 274
216 199
18 100
497 299
294 281
86 520
529 195
521 23
497 281
34 144
199 129
159 104
359 457
523 95
226 8
521 83
1 280
76 490
223 475
253 400
505 386
73 389
250 505
542 60
144 6
411 56
400 193
47 275
299 408
521 489
106 247
516 480
42 95
399 454
345 400
299 366
195 270
504 176
72 523
302 189
355 333
184 290
253 127
311 269
389 107
533 478
15 244
151 532
96 145
159 520
317 198
509 333
1 351
362 144
420 315
530 21
15 290
392 521
520 181
114 189
233 535
64 371
275 197
117 69
225 357
519 56
516 96
151 336
357 354
9 73
86 225
244 321
217 43
102 380
13 70
211 422
302 146
227 470
303 197
144 521
495 367
198 317
255 333
199 152
229 262
513 284
310 503
401 503
228 227
442 284
516 224
199 317
535 457
131 21
504 502
70 450
454 104
455 437
179 365
444 44
142 290
488 313
497 87
104 8
167 520
9 470
211 356
431 342
384 435
241 389
454 32
288 339
224 331
125 507
515 227
444 217
161 532
261 69
225 114
345 97
247 367
487 69
134 197
156 521
450 24
222 119
502 333
361 256
357 399
175 207
343 102
225 199
362 270
154 334
294 340
229 219
108 184
414 28
389 407
119 228
321 70
122 67
535 87
20 197
10 516
193 43
39 284
111 371
175 9
345 405
188 199
45 488
523 130
360 38
120 256
454 21
285 346
333 351
9 253
296 422
115 523
147 193
47 241
252 65
163 317
13 87
308 537
277 183
495 311
175 122
496 432
296 217
534 402
280 521
389 213
116 194
152 290
35 176
263 354
375 450
521 517
433 454
443 21
408 212
15 396
189 387
520 514
237 361
454 371
119 495
168 144
339 263
362 87
105 151
160 526
102 429
483 130
339 32
303 470
301 377
163 198
434 477
261 282
228 275
513 386
133 467
179 473
197 535
32 317
197 16
414 131
59 280
288 497
442 380
289 518
62 501
387 215
56 374
102 290
98 154
217 191
244 190
253 367
233 294
159 389
154 51
307 473
280 339
76 263
455 384
241 400
144 438
125 341
176 122
43 537
71 519
306 197
256 173
225 308
125 535
275 9
535 193
18 241
147 269
287 59
304 195
191 365
147 105
515 275
505 442
211 380
295 394
263 182
542 129
377 75
299 266
383 356
279 287
365 411
191 198
444 114
264 38
316 520
241 151
515 503
326 418
85 167
379 112
234 501
46 515
306 454
336 534
147 515
357 338
154 315
163 405
475 485
353 282
66 36
221 389
528 152
326 229
1 354
317 36
445 450
199 399
176 35
70 69
170 55
333 418
410 400
233 173
23 46
147 327
154 236
485 290
191 275
211 325
365 218
520 70
247 311
105 127
413 365
227 401
200 275
308 191
361 20
241 197
493 332
333 345
302 399
521 185
104 146
338 93
532 303
513 299
440 225
279 520
31 339
383 513
439 269
389 368
276 144
268 339
477 99
473 483
314 485
197 83
423 70
495 164
21 39
304 189
397 371
8 138
515 164
317 239
355 288
542 296
451 521
340 220
131 39
413 348
147 267
464 190
454 85
258 436
362 59
303 228
308 497
343 290
188 317
224 398
70 218
418 523
503 362
191 521
419 147
440 399
56 345
521 461
497 134
389 31
147 230
523 388
340 173
144 351
541 537
261 7
225 183
311 164
357 400
471 278
535 357
175 176
168 438
225 423
454 283
199 256
137 145
317 146
277 440
121 263
268 538
521 109
366 15
317 207
530 191
256 28
336 73
207 134
176 267
56 371
43 473
311 122
503 345
222 161
336 372
191 28
365 284
203 435
8 411
336 119
221 457
125 339
1 133
376 104
520 137
408 450
119 534
104 225
411 132
535 348
47 402
119 241
345 6
13 39
503 275
320 389
126 520
211 231
132 443
506 513
199 125
122 489
28 339
228 495
443 387
228 217
362 207
326 194
241 367
513 455
70 523
443 215
18 35
121 488
119 8
145 59
211 403
9 495
450 418
296 438
365 523
174 530
13 538
240 455
230 419
356 394
534 200
356 70
188 438
356 408
310 275
253 351
308 76
339 166
338 275
342 437
295 193
411 476
13 488
69 406
542 341
515 122
296 168
521 10
333 454
511 218
454 478
317 220
163 253
211 190
181 377
467 457
373 521
497 189
355 474
202 95
197 91
345 28
236 184
142 520
201 27
167 34
33 155
430 539
521 305
146 199
114 399
255 227
537 43
375 70
183 225
484 290
336 127
95 262
467 59
521 419
159 28
244 408
473 64
389 544
365 42
86 21
535 160
207 308
8 145
283 225
137 290
125 525
219 231
155 188
174 273
201 361
516 432
392 345
365 299
362 538
368 125
146 385
299 60
241 41
145 102
72 356
242 234
18 40
317 411
229 346
3 270
230 56
46 275
56 461
451 119
176 105
423 75
326 438
391 490
299 539
401 534
152 154
137 270
159 365
9 345
454 69
308 514
418 30
446 190
18 419
225 201
489 451
224 102
351 336
175 147
410 283
361 220
151 105
228 87
24 236
425 17
515 35
189 197
197 293
86 370
233 259
225 279
151 147
267 327
188 501
501 85
35 241
114 281
263 134
523 516
440 535
131 132
104 376
212 213
422 262
6 56
122 457
521 280
506 212
70 356
18 164
189 191
147 40
485 304
439 151
326 59
520 339
195 345
240 380
63 290
21 389
276 197
521 100
198 440
145 343
439 534
54 505
102 430
506 413
296 17
201 315
56 529
539 181
197 436
503 147
389 199
138 262
9 372
296 348
495 122
389 166
521 480
393 39
303 41
102 537
534 253
521 210
191 109
389 425
488 450
220 125
215 197
102 506
326 516
219 63
250 299
15 356
495 100
179 299
14 479
144 197
315 154
294 216
440 13
102 299
284 418
155 276
521 362
333 35
168 134
12 228
530 485
80 477
299 250
86 341
410 70
28 292
274 21
159 438
280 313
326 246
423 418
239 159
192 403
488 163
389 347
256 129
399 154
173 317
66 418
241 504
191 458
394 522
401 47
18 362
319 535
130 322
478 423
419 351
219 145
516 70
277 181
194 229
360 109
439 419
264 290
445 464
217 348
520 32
520 281
35 9
207 399
443 339
295 313
368 418
199 406
521 487
241 310
21 485
100 509
338 116
197 432
56 71
317 195
438 505
193 87
62 146
145 371
127 336
263 438
333 373
13 530
163 133
334 404
199 205
365 219
326 417
84 425
521 34
211 307
489 495
425 454
326 511
306 485
411 145
34 376
451 161
371 334
523 450
413 60
280 497
56 159
73 247
96 432
533 328
399 317
156 278
345 69
501 399
474 351
455 523
10 437
336 247
201 150
474 295
147 122
20 129
211 284
313 105
509 534
227 303
489 228
286 93
524 152
236 75
76 56
154 113
496 297
122 176
317 485
310 372
119 127
365 293
483 442
163 339
502 147
43 4
521 156
41 119
105 303
401 327
455 396
344 279
163 378
151 200
495 247
363 486
255 267
333 274
199 163
413 262
521 514
193 73
317 520
495 151
191 303
131 184
34 28
268 28
316 333
313 217
339 182
370 521
253 534
184 64
290 537
275 46
480 322
399 114
207 154
497 458
488 197
296 475
421 36
193 227
401 521
191 389
168 296
509 336
529 226
340 205
8 535
372 45
27 160
438 426
114 197
400 521
18 147
108 263
13 280
216 256
203 466
363 30
483 513
154 527
146 56
383 423
339 167
164 216
183 199
59 339
483 408
399 207
13 325
207 294
127 119
451 176
454 387
47 367
338 129
225 167
215 308
225 17
276 207
268 62
211 170
430 450
345 461
534 303
515 419
383 290
404 69
537 423
18 311
21 304
197 56
13 491
373 497
333 168
405 535
263 278
521 439
361 319
515 41
35 267
506 262
534 67
299 375
513 211
500 403
120 290
126 344
485 475
310 18
100 45
503 9
100 241
28 217
132 66
73 151
443 69
333 279
274 85
138 386
253 193
516 465
383 473
478 262
119 269
410 198
271 341
146 207
537 437
356 523
425 129
477 317
372 378
70 121
542 17
43 365
2 69
363 373
389 36
506 214
467 216
146 501
59 198
276 8
392 400
314 385
376 129
241 502
127 151
503 239
19 189
467 189
511 138
199 104
135 102
310 147
368 342
383 332
176 46
199 27
317 389
344 189
444 344
341 520
515 207
199 6
370 454
344 308
420 24
304 199
7 285
310 532
15 322
502 495
172 425
205 394
410 467
145 290
13 400
362 66
76 144
451 12
227 521
422 523
239 313
43 408
59 357
164 35
396 284
280 474
480 299
294 319
172 322
219 541
164 303
473 42
72 450
355 207
168 225
1 467
389 80
220 207
18 119
474 191
299 429
100 253
515 269
535 454
356 224
306 6
362 198
10 328
290 394
263 344
274 189
343 437
520 125
303 164
189 146
197 157
100 151
467 354
197 352
219 371
280 97
484 472
532 47
134 462
191 355
520 157
18 534
532 311
122 269
197 320
199 281
303 73
118 154
104 333
313 303
6 217
326 217
46 269
21 217
373 96
399 411
78 126
229 177
256 225
201 197
306 239
239 351
259 523
502 228
467 1
299 214
146 225
393 69
163 439
27 95
279 313
504 175
399 339
438 497
506 398
467 280
396 365
102 50
86 233
418 42
66 314
471 144
302 114
193 239
120 28
160 389
504 47
15 342
193 471
142 4
320 468
124 10
207 423
279 19
393 441
69 371
127 45
199 197
46 534
175 310
176 127
502 239
15 523
399 69
1 19
485 28
54 197
12 127
408 541
197 74
197 221
477 183
207 276
114 225
411 485
365 138
24 154
365 4
408 219
434 523
540 345
225 340
362 239
85 444
419 247
220 438
255 241
478 43
480 386
423 356
13 34
425 411
454 96
299 381
102 15
147 311
176 12
274 217
530 290
65 129
413 356
425 299
523 533
314 164
73 35
414 289
43 219
502 253
56 520
78 396
340 256
127 34
34 521
333 304
400 333
168 308
422 455
275 147
134 457
9 151
147 241
513 523
151 204
264 332
119 197
528 355
69 236
159 385
326 32
207 361
239 454
423 218
408 437
85 317
503 225
190 371
356 299
454 146
131 69
73 100
368 239
87 8
310 303
148 56
528 76
317 501
164 318
151 402
275 336
321 473
163 100
284 371
504 105
161 46
18 151
336 327
313 59
69 524
383 60
255 515
521 502
88 3
317 440
192 377
283 191
131 263
122 389
284 299
389 545
383 143
104 459
345 357
351 354
445 394
461 438
507 431
365 244
191 308
523 537
344 85
47 267
86 326
336 105
450 70
176 164
421 526
122 504
163 144
275 207
459 492
176 119
267 253
414 535
57 332
226 59
535 414
400 535
408 539
384 102
373 400
197 26
233 69
454 384
163 351
122 451
197 3
488 520
44 85
356 348
483 262
13 106
454 487
264 518
59 400
342 418
389 11
292 28
360 36
225 189
506 384
69 185
357 36
230 164
62 98
345 389
122 164
521 12
472 154
380 455
56 496
506 537
528 453
95 184
488 322
422 270
130 450
473 481
73 18
197 446
333 422
222 532
241 122
201 290
161 515
277 70
361 233
305 283
163 495
35 439
396 437
524 154
62 8
176 327
18 310
159 317
520 497
439 532
161 67
85 6
163 451
255 176
276 21
502 521
496 363
41 515
9 419
151 127
117 391
446 272
63 411
6 308
345 322
100 372
281 294
271 214
356 102
351 230
35 228
59 387
211 42
272 296
8 538
207 127
274 188
187 486
491 535
247 303
506 516
163 96
515 367
197 360
535 333
256 207
506 232
450 138
389 239
411 10
411 199
84 523
523 60
349 6
247 534
142 231
239 1
296 91
521 314
219 393
47 122
10 321
396 95
229 516
145 70
535 217
95 38
442 299
34 263
351 147
44 197
249 58
39 413
41 521
480 224
45 144
503 274
521 198
275 267
64 142
278 225
431 507
228 46
53 403
138 437
105 504
163 470
264 184
521 422
179 413
263 275
151 327
225 385
193 119
230 200
521 21
104 389
164 207
515 97
422 309
164 197
389 132
523 43
450 434
79 450
207 322
356 290
160 500
21 383
333 8
151 164
275 402
535 10
537 356
521 426
30 423
18 263
134 168
193 230
73 105
133 287
263 356
368 465
269 502
137 178
262 42
224 450
122 12
152 472
365 396
471 97
166 28
419 372
290 356
389 388
515 70
9 336
442 42
79 277
511 207
487 408
167 345
380 102
465 224
247 310
505 500
442 39
431 513
147 239
535 39
495 275
471 13
101 342
193 13
268 411
311 175
477 437
515 457
434 324
100 515
535 167
389 431
338 272
484 69
184 236
523 224
255 439
535 197
440 207
534 372
105 275
164 314
535 154
503 504
105 73
95 26
478 348
164 504
538 530
410 216
299 75
321 356
34 345
6 62
59 373
410 471
434 262
489 267
326 226
41 489
217 87
520 191
258 467
225 69
39 328
161 489
145 331
306 317
421 60
127 313
63 219
521 225
207 256
63 365
339 125
451 67
475 300
164 345
261 484
405 59
433 191
276 134
125 497
523 325
1 193
95 533
228 106
294 155
299 384
6 132
133 392
35 345
219 154
535 362
326 116
147 401
225 155
480 179
255 35
373 109
28 463
287 133
156 358
399 457
474 156
59 217
76 276
499 143
167 438
521 370
333 411
56 525
438 345
435 525
383 408
346 472
521 351
189 389
279 188
535 277
345 288
276 263
521 56
299 537
86 368
266 457
351 217
355 133
535 263
101 42
233 181
419 504
521 467
530 362
496 187
431 284
156 351
163 399
144 228
215 207
45 535
47 41
357 137
180 432
47 176
506 383
156 193
411 414
95 69
496 38
299 390
336 502
76 69
542 157
520 17
163 197
106 333
59 497
411 385
535 256
179 70
283 440
296 170
306 326
410 279
530 403
521 93
389 339
537 299
411 276
199 28
127 217
233 262
20 361
410 296
8 21
13 274
13 197
521 478
520 21
294 207
207 355
361 199
188 125
358 474
284 473
141 361
513 290
497 28
228 354
419 164
18 521
410 144
245 403
442 473
230 489
146 281
73 401
8 70
506 84
41 253
355 96
451 419
315 184
193 191
515 34
95 541
444 165
133 263
389 525
39 480
127 12
357 352
164 495
488 545
520 225
6 530
388 185
535 359
121 106
179 380
198 59
275 247
146 314
528 458
278 497
70 138
368 480
294 28
450 437
155 521
340 20
220 345
345 217
99 219
165 181
95 365
468 530
299 380
70 516
537 60
267 521
304 354
419 97
408 101
154 452
24 391
19 239
6 191
263 535
24 192
413 39
15 332
155 207
256 125
505 202
425 371
184 404
28 345
211 102
503 303
480 262
348 356
241 419
362 13
535 521
215 411
95 128
530 326
352 191
521 378
219 332
537 365
355 156
47 227
230 333
266 60
193 253
349 521
239 535
276 182
299 218
510 435
412 535
165 332
308 276
425 368
521 530
197 272
385 148
225 59
272 266
168 386
535 188
239 134
59 225
532 401
200 372
306 168
504 303
521 317
502 247
515 13
44 132
199 171
179 523
299 301
540 400
529 149
488 28
160 520
13 198
413 380
515 59
489 147
521 310
44 443
392 162
413 418
224 383
163 374
535 302
203 184
427 521
310 263
534 260
159 144
87 345
183 290
385 339
8 387
41 127
46 12
295 217
375 487
161 534
219 441
375 411
362 521
310 419
24 69
194 177
389 17
72 430
211 408
43 299
530 529
34 21
523 219
296 542
200 327
279 362
408 348
523 143
389 299
399 262
521 357
497 182
263 333
310 228
455 10
224 480
100 275
502 217
233 66
389 366
418 505
7 406
230 100
239 131
326 108
227 260
439 230
43 284
372 47
346 290
537 371
290 484
321 478
3 26
310 100
365 99
520 170
32 530
399 197
320 521
401 40
280 279
520 155
233 345
27 245
144 389
451 255
296 272
119 457
488 345
46 9
264 145
102 101
417 411
361 340
215 232
326 535
425 296
225 330
209 403
303 275
280 333
45 355
200 175
100 161
497 333
310 313
319 173
28 371
497 438
359 338
530 157
189 520
108 159
529 339
15 229
345 535
338 426
356 244
474 13
295 535
394 95
21 390
454 375
454 184
512 391
199 120
101 39
276 59
100 41
338 403
513 266
489 534
310 247
207 239
103 315
530 268
542 65
163 310
6 197
489 367
163 303
440 70
425 225
399 514
70 179
408 244
361 294
10 219
201 202
520 193
521 395
193 280
475 16
8 121
87 333
521 108
344 505
345 316
267 35
295 274
123 182
535 405
164 228
268 218
488 400
502 457
456 221
193 400
480 184
122 40
70 122
451 40
57 38
277 535
375 523
336 46
280 345
172 197
418 210
373 468
30 190
542 57
408 480
521 494
197 71
197 325
521 534
244 39
326 225
393 371
219 437
266 272
310 534
272 394
279 21
454 182
144 166
192 391
496 251
294 535
105 35
435 391
201 225
28 520
56 121
98 215
263 276
478 499
254 4
144 28
8 216
253 402
163 367
461 530
478 365
173 520
389 183
454 461
315 403
193 497
1 316
308 138
380 487
419 176
180 204
480 505
505 219
283 521
60 466
515 119
410 521
277 400
1 263
137 437
61 521
303 502
125 290
78 218
455 70
142 126
256 290
44 28
324 506
151 100
389 539
180 30
389 309
342 38
414 263
219 69
338 391
217 6
193 200
520 159
155 125
455 480
185 192
247 23
385 485
103 346
287 316
344 306
96 521
46 470
306 457
288 56
230 119
535 491
306 183
179 321
132 259
474 457
14 521
30 516
71 238
240 262
534 230
454 322
225 233
114 217
233 81
194 505
501 389
34 167
197 273
180 96
8 356
75 118
131 345
146 521
59 197
461 535
134 129
372 345
489 227
263 326
365 95
279 28
454 156
535 150
326 389
370 389
115 430
138 423
443 149
20 340
73 509
288 362
144 76
454 442
442 348
267 345
216 520
217 189
461 454
483 435
317 357
108 270
521 313
268 263
399 189
122 311
42 365
521 55
104 411
431 322
311 12
195 108
191 357
217 21
105 532
444 132
496 56
355 345
210 42
351 280
191 488
295 351
401 18
523 4
191 352
247 439
455 356
244 466
357 530
33 146
190 69
164 151
253 336
228 193
542 316
463 31
163 8
121 56
356 154
175 275
454 268
359 391
311 151
467 133
526 22
503 310
533 437
108 454
127 401
326 138
504 9
326 177
442 523
473 391
523 244
280 515
100 336
15 366
438 114
266 270
163 278
266 154
484 334
64 124
23 336
2 404
276 459
357 339
263 217
342 218
76 197
244 473
411 344
523 202
372 504
392 457
283 355
145 143
274 13
341 526
344 411
56 304
299 516
256 389
225 207
365 521
357 91
308 217
319 281
134 28
163 73
521 176
346 192
521 13
523 465
478 380
197 332
225 501
31 182
315 290
263 279
35 260
263 413
41 367
396 224
28 333
283 339
195 475
56 181
126 521
389 488
389 250
399 357
295 413
56 69
375 455
521 356
147 247
239 474
537 69
410 362
255 311
454 134
191 197
339 197
268 299
521 399
211 483
520 263
365 263
471 156
396 102
418 423
303 127
207 274
70 533
538 216
253 327
413 384
513 210
357 345
525 466
440 305
308 134
34 225
129 361
306 418
41 419
28 233
338 316
389 317
199 411
467 191
317 385
284 365
535 304
530 344
455 321
105 230
338 70
225 61
502 263
244 481
299 172
122 502
193 354
247 336
295 357
220 129
161 100
156 520
535 144
19 45
359 216
435 371
387 383
418 224
455 322
220 150
336 18
534 12
488 295
207 191
438 144
433 485
225 460
296 362
119 314
274 521
199 364
360 485
217 399
409 129
99 380
176 367
274 354
133 351
473 38
496 320
48 315
283 228
278 304
22 418
10 423
475 223
451 228
523 334
95 42
349 344
512 38
535 239
225 497
267 367
502 515
239 488
283 278
31 90
200 193
89 28
499 39
78 4
261 346
501 454
9 175
75 128
73 502
22 520
317 225
502 156
229 523
340 85
478 284
168 28
35 521
43 418
64 413
154 435
34 333
234 314
523 480
189 281
419 191
399 281
15 408
225 294
6 349
56 338
487 423
506 430
268 240
193 534
503 372
438 411
137 138
164 534
521 488
163 41
163 247
336 151
207 6
104 182
122 275
537 42
125 28
163 267
419 119
193 180
357 454
102 442
296 411
295 474
303 18
370 8
419 267
106 288
345 161
21 326
176 401
513 413
105 372
506 15
127 147
164 458
127 402
165 143
304 333
461 263
504 419
310 241
162 88
150 414
190 96
64 299
497 304
450 95
45 280
167 497
230 504
389 386
198 263
299 422
389 79
256 312
108 314
275 73
425 197
399 199
339 405
240 99
189 104
443 197
173 345
173 256
456 325
357 362
304 245
241 127
474 316
104 274
520 22
513 473
142 521
21 28
521 35
46 509
35 310
86 389
521 46
168 368
224 72
454 199
59 274
218 384
35 40
383 10
37 433
6 144
501 207
132 144
188 385
503 532
266 473
275 191
164 200
389 480
495 127
46 310
471 45
317 28
487 262
485 216
418 356
523 250
361 183
339 6
296 129
299 331
32 263
42 60
440 8
469 437
474 45
504 495
108 154
163 180
122 495
488 86
451 46
509 402
411 86
425 333
41 222
72 398
104 34
236 334
467 410
279 133
35 151
122 151
228 9
217 197
326 8
222 18
399 120
199 160
47 457
509 269
521 105
47 515
87 362
56 185
160 437
274 2
125 220
19 263
333 247
413 138
520 239
439 9
85 302
380 533
163 106
106 521
9 46
288 400
241 207
480 450
23 372
457 309
202 513
132 90
28 290
195 391
222 419
7 282
365 197
304 485
225 85
42 43
520 217
44 521
423 516
70 515
201 62
229 322
224 214
301 270
443 189
43 348
35 105
134 276
59 520
520 344
84 130
12 532
372 147
411 2
13 458
32 59
503 46
495 351
537 394
515 191
106 362
56 362
333 28
32 535
534 222
377 181
306 160
535 233
241 535
516 30
425 545
85 134
56 238
197 500
339 86
456 389
164 191
278 488
45 317
511 299
483 102
76 333
501 262
253 515
41 267
226 530
375 231
535 345
440 400
336 310
355 263
6 225
258 445
513 202
241 67
495 401
45 313
247 18
467 258
521 131
473 384
253 310
515 176
515 389
65 252
85 454
179 384
310 12
303 47
469 38
530 520
266 170
193 313
349 184
163 520
101 473
473 513
9 401
198 362
119 35
42 299
340 389
516 383
334 332
159 314
310 119
167 217
314 387
444 188
23 127
165 518
355 45
443 476
389 422
394 403
175 311
505 95
423 348
372 73
419 316
12 419
411 404
284 380
535 62
343 219
353 484
301 154
383 381
523 413
438 396
521 400
454 356
535 32
440 79
440 410
356 321
86 333
411 239
102 124
373 197
13 373
504 336
521 22
373 357
37 357
193 127
504 509
345 317
280 1
151 311
400 354
521 8
295 354
338 66
439 18
497 354
201 207
85 501
267 47
197 13
497 204
299 434
521 269
56 433
269 372
541 219
509 119
114 535
454 45
516 202
483 60
138 64
321 533
523 218
100 127
234 120
351 127
159 535
368 356
1 13
487 375
521 316
59 355
355 354
277 28
30 74
326 240
333 160
207 182
411 234
375 42
193 133
299 117
299 194
359 56
32 6
73 275
232 413
20 85
495 327
91 389
521 375
228 59
274 344
35 275
306 28
274 34
197 39
253 47
141 449
287 358
201 294
451 333
418 473
480 437
266 262
85 173
374 288
146 206
28 425
28 125
497 454
523 70
373 283
225 373
225 13
497 535
345 511
400 225
21 438
191 243
535 474
198 13
488 59
163 318
199 220
387 59
18 193
154 48
502 13
16 485
201 319
440 362
128 371
164 532
266 394
247 503
241 333
511 246
134 308
134 86
467 106
466 203
32 225
56 326
280 278
372 310
167 263
537 10
21 144
28 34
253 200
229 413
357 8
521 414
520 86
60 39
356 213
410 503
155 146
411 104
173 414
383 521
333 193
304 279
61 32
122 191
294 521
383 42
215 28
232 229
469 377
527 64
20 294
521 119
328 356
326 144
239 280
509 296
535 283
479 243
503 227
95 231
95 383
281 189
482 65
336 313
102 321
86 274
287 351
333 133
241 534
175 8
535 163
222 127
225 485
389 384
491 225
239 520
408 50
227 122
39 380
280 263
215 299
495 200
314 400
435 192
317 97
346 403
159 521
163 389
184 69
50 533
276 411
259 422
509 378
242 345
314 207
359 26
232 95
356 218
504 367
197 520
9 47
427 299
521 288
434 506
535 56
119 470
274 444
72 99
219 386
134 104
535 501
87 191
299 389
461 226
296 211
340 505
365 250
497 97
530 468
105 402
247 127
91 191
255 288
308 59
499 395
12 336
69 290
410 316
197 275
313 228
176 151
515 278
529 345
521 61
138 145
502 18
1 45
443 217
105 351
302 404
303 122
43 380
322 342
155 438
167 225
138 450
32 438
339 226
195 371
9 227
313 535
516 95
191 274
333 263
409 314
520 168
1 339
21 521
345 8
368 437
105 521
213 422
451 495
114 44
198 191
225 389
404 334
438 521
538 28
189 302
168 356
311 161
279 528
145 356
397 505
42 312
86 197
227 41
180 386
253 521
497 339
507 125
199 497
232 394
138 418
472 48
191 345
197 158
313 45
305 197
423 181
401 439
179 450
164 295
339 28
463 125
189 344
131 485
151 191
511 308
59 333
242 520
435 154
535 207
336 509
521 164
43 270
515 161
302 270
172 521
73 348
134 454
523 429
241 311
163 316
266 356
193 156
342 394
495 489
361 93
300 403
414 340
33 120
125 235
444 21
509 303
276 217
35 402
221 216
164 193
172 299
279 1
323 80
18 67
85 20
303 151
478 299
164 9
345 521
18 401
31 233
64 442
399 217
454 214
280 239
167 144
319 414
284 394
303 532
464 96
47 67
471 410
161 241
421 28
317 140
255 401
230 122
521 191
333 60
13 277
193 373
200 227
321 408
239 193
398 384
179 533
410 156
278 362
125 20
226 270
538 137
159 345
455 266
119 489
444 345
20 414
333 46
503 489
179 483
163 34
197 496
227 532
236 24
497 423
108 195
199 173
326 276
86 454
338 325
530 38
484 285
18 269
47 18
406 282
333 217
275 367
333 520
199 265
454 206
18 23
152 69
419 193
239 405
521 360
383 516
474 345
200 161
245 52
400 144
222 164
411 125
225 344
108 125
127 260
534 532
408 380
515 451
32 61
513 437
313 339
389 520
411 32
440 197
356 232
253 105
299 513
54 459
119 451
489 67
365 450
100 495
317 281
274 317
490 403
473 437
127 105
59 488
355 279
255 503
102 343
56 8
239 362
191 32
509 151
418 284
154 117
480 39
221 66
61 205
485 37
156 263
317 8
258 211
6 535
8 530
478 321
383 95
525 536
172 28
200 230
326 485
189 306
168 22
434 516
338 373
46 260
410 133
227 47
266 381
359 109
280 304
372 97
134 333
200 313
126 438
306 189
95 334
497 197
57 464
340 129
225 543
118 518
239 521
451 253
15 343
443 317
197 508
441 185
229 299
483 321
122 47
401 161
241 402
501 317
358 471
164 227
338 354
60 170
502 122
200 119
219 480
46 241
343 523
515 127
227 495
408 418
326 215
144 191
451 164
432 516
339 21
13 26
184 391
39 95
199 344
488 513
163 345
475 195
315 69
394 211
413 95
127 267
108 69
456 196
207 286
371 38
361 457
165 154
73 87
184 466
493 520
163 23
439 122
336 503
461 144
485 223
408 60
131 381
333 474
333 339
228 269
133 474
495 197
296 410
515 372
313 354
530 6
31 225
218 143
202 533
215 246
509 275
18 73
345 304
85 242
13 144
207 497
42 437
27 423
509 419
351 345
292 345
376 28
489 503
504 378
12 333
529 56
173 315
108 144
384 450
483 473
188 308
96 299
444 63
443 279
278 45
147 175
122 345
13 497
497 225
296 56
202 423
500 505
268 375
13 410
281 197
333 106
122 41
296 140
125 389
13 360
146 188
521 287
398 72
21 461
228 164
32 345
454 373
146 159
333 259
537 541
193 18
285 406
222 35
183 69
521 542
33 501
356 473
197 112
219 334
87 278
359 225
39 533
267 241
164 313
59 145
219 290
454 311
175 333
163 260
207 372
127 193
23 303
225 302
439 402
278 467
269 495
368 28
497 191
238 56
134 513
433 197
66 216
419 495
199 216
239 184
485 189
454 160
165 435
131 530
125 104
132 520
179 170
147 495
1 521
383 494
319 201
225 104
363 190
163 119
201 505
345 333
41 227
368 541
268 66
161 327
144 354
346 420
28 62
201 535
225 188
533 473
405 339
502 419
521 418
156 280
230 509
353 261
127 23
147 439
121 8
239 345
268 314
208 437
461 225
217 339
271 102
278 474
372 535
278 389
399 345
122 310
191 538
411 389
344 66
283 296
425 66
225 31
280 400
487 403
319 197
255 389
114 233
488 239
212 384
207 155
199 448
116 210
72 214
155 129
132 108
275 41
296 374
221 520
321 42
212 450
520 392
419 239
70 465
389 60
173 514
118 69
408 299
20 201
225 217
340 150
59 345
336 207
189 167
317 59
389 101
472 524
313 144
188 302
19 488
70 423
497 264
121 59
119 310
26 38
274 45
521 127
489 127
13 499
373 516
533 284
290 334
455 43
233 490
142 132
207 467
454 399
472 261
389 376
515 12
268 144
234 104
33 189
504 119
189 52
215 409
295 399
521 396
267 67
35 253
357 263
144 226
165 69
383 224
269 336
478 473
514 406
425 523
488 467
321 10
454 530
221 272
184 181
276 28
349 218
276 345
466 184
495 222
365 403
372 127
358 521
207 373
433 457
299 51
535 185
274 358
9 228
373 410
114 263
288 197
356 380
151 515
410 191
396 533
399 358
119 253
34 235
269 18
225 414
96 57
114 132
59 326
102 513
237 271
28 191
41 311
294 520
43 413
401 402
32 86
532 147
492 65
274 239
418 321
225 338
474 354
513 138
318 197
504 401
225 362
188 263
95 469
410 34
132 317
197 109
234 199
446 389
478 487
216 225
333 362
521 133
191 333
311 73
387 21
191 497
311 515
127 200
76 225
59 354
362 467
400 197
105 147
499 137
400 274
528 315
232 63
339 189
311 230
535 45
313 193
489 333
12 161
10 383
13 133
222 336
353 334
425 309
36 157
151 521
340 361
70 207
239 326
163 454
255 310
336 193
59 97
275 260
419 336
422 457
247 191
223 26
276 418
263 345
310 327
41 402
371 377
228 147
542 272
315 346
1 217
454 413
399 28
425 36
125 411
411 317
475 354
197 530
73 532
13 357
317 19
85 497
127 303
130 396
351 274
193 144
103 69
275 451
142 344
513 270
161 310
138 231
189 21
368 214
334 377
509 105
418 214
454 362
506 290
275 532
195 404
418 102
296 280
15 365
145 437
290 353
454 62
220 262
303 457
308 144
471 345
521 345
451 127
46 119
271 29
266 517
80 129
144 345
533 219
313 133
85 199
8 43
388 450
163 87
310 269
117 490
333 134
419 333
295 348
200 311
239 529
183 28
233 20
35 122
535 467
46 372
520 13
269 311
217 279
299 21
39 481
431 371
298 407
13 520
73 470
503 327
405 333
471 296
457 389
530 225
495 9
225 182
344 132
502 534
277 207
1 515
73 402
120 399
306 217
532 327
23 327
115 102
271 457
226 485
311 200
95 505
69 103
8 165
160 129
422 396
389 421
339 144
119 175
227 228
41 147
98 299
274 287
499 272
296 317
247 502
63 10
414 52
146 381
159 195
163 19
225 411
73 197
244 210
230 47
398 299
523 487
35 401
87 263
225 425
439 228
280 59
163 151
391 403
268 183
303 147
468 56
125 256
317 521
322 408
70 383
191 530
34 188
418 138
338 225
310 35
225 535
401 267
497 501
392 8
467 497
362 91
401 515
275 535
420 377
13 316
296 70
245 270
295 133
489 260
535 503
373 333
133 279
168 125
147 35
188 44
408 386
7 346
191 253
404 2
454 15
193 532
535 423
39 473
247 164
151 303
339 344
280 355
239 317
32 454
314 146
513 533
351 515
401 269
377 301
8 207
227 439
275 193
241 372
134 339
232 380
267 127
389 361
495 47
440 425
521 272
230 367
9 122
207 313
76 323
230 277
168 56
342 450
293 371
434 232
41 327
133 355
333 526
383 15
351 457
255 521
521 199
318 198
539 347
485 345
521 4
280 156
229 411
190 403
326 6
333 310
455 145
144 189
247 253
336 521
389 462
207 471
495 241
75 334
306 225
534 176
121 454
280 287
144 239
264 69
380 224
163 471
413 211
440 277
306 411
339 274
451 35
280 357
46 333
371 403
95 321
505 450
290 69
302 281
408 431
207 440
184 38
259 296
444 389
197 195
85 344
8 197
263 39
253 147
13 156
102 523
211 95
389 343
9 269
372 532
151 269
31 466
168 129
13 45
425 199
9 35
142 396
409 345
84 70
497 385
535 183
295 278
295 355
368 224
390 383
156 19
305 440
269 327
6 389
296 39
167 529
170 60
43 394
102 145
9 200
542 199
278 216
35 451
176 100
284 393
317 33
313 263
46 127
308 197
263 19
538 191
13 339
405 144
474 59
314 234
488 308
515 520
114 104
224 321
421 333
15 69
334 435
467 474
530 444
119 227
521 275
365 356
511 418
315 406
334 117
193 100
383 386
380 413
393 403
230 275
389 65
535 485
408 335
230 532
477 168
307 435
479 53
414 389
175 263
503 495
227 515
530 387
454 357
284 533
308 389
43 321
207 220
303 230
434 375
225 491
236 117
125 191
274 114
333 119
1 535
446 221
54 28
133 56
131 528
193 275
411 257
134 182
219 457
521 255
515 200
219 343
114 438
199 304
183 339
534 378
342 84
375 418
333 66
220 93
507 544
503 401
199 487
85 535
411 308
351 105
344 104
497 263
418 43
321 39
222 311
46 230
217 278
147 151
266 42
317 45
464 74
535 325
101 422
338 505
188 34
393 381
283 457
114 344
326 268
389 408
247 327
266 64
69 472
127 504
207 418
96 43
261 285
219 473
454 188
423 262
220 411
355 520
13 36
521 391
530 389
147 451
489 73
399 8
454 304
301 24
165 290
66 520
396 246
345 520
28 173
256 188
181 490
383 284
474 389
241 40
338 211
360 389
93 207
406 315
326 520
179 393
336 35
389 134
323 507
41 372
30 57
73 9
303 310
263 189
538 129
529 167
480 70
345 514
138 75
163 392
125 233
408 210
263 228
538 362
207 502
280 197
162 538
296 228
122 34
228 532
527 154
535 129
197 391
401 105
147 119
538 511
513 537
144 308
148 443
259 197
192 494
326 331
401 451
161 535
361 480
147 275
532 161
222 534
119 439
489 504
542 332
321 145
408 145
480 365
411 184
521 28
534 310
102 398
461 56
125 463
521 159
520 276
53 185
353 518
247 13
502 504
321 380
221 293
521 211
310 495
263 104
422 408
495 228
253 191
70 202
18 122
102 394
419 502
419 439
33 411
471 520
216 535
372 503
319 225
62 314
454 191
521 121
326 308
454 326
228 296
365 39
13 475
108 149
73 303
515 241
155 389
119 122
523 437
228 374
1 121
267 200
197 38
47 521
13 300
164 176
506 224
277 30
473 154
241 222
87 288
425 521
1 274
317 425
70 455
203 69
132 206
480 138
304 362
125 521
125 22
279 184
34 535
389 259
501 520
41 122
125 173
287 263
289 245
530 178
397 102
534 489
73 535
502 336
18 327
263 144
47 400
56 165
338 39
18 260
383 244
8 383
276 205
285 7
339 59
175 35
168 36
46 100
481 394
277 278
361 36
338 157
197 170
345 308
73 367
127 100
410 357
57 74
56 320
104 345
199 478
70 480
121 458
408 102
495 515
21 184
263 488
256 85
173 189
383 375
161 497
535 497
134 125
296 125
18 367
100 303
317 199
268 370
418 408
230 105
511 232
311 267
276 344
127 175
146 520
311 46
41 495
430 394
47 503
122 367
225 109
227 327
409 197
419 532
102 356
168 233
191 438
530 454
268 385
443 454
35 333
128 403
200 269
164 372
474 133
188 225
450 505
172 418
191 542
414 233
310 336
164 34
101 366
396 418
163 216
34 458
202 266
356 450
299 465
334 69
389 465
132 345
521 222
534 255
483 423
520 438
497 326
401 241
70 437
142 66
145 231
183 497
222 367
199 93
275 230
159 184
467 359
227 310
13 263
396 523
326 189
15 434
278 207
296 191
365 375
164 333
373 542
419 310
454 390
443 345
176 241
254 473
515 310
502 260
69 420
322 434
56 411
198 197
27 403
12 267
57 185
228 283
95 457
296 322
461 497
530 131
451 367
144 474
343 145
144 535
217 295
69 117
278 191
389 29
509 504
147 532
86 521
80 463
290 472
37 209
188 535
56 13
455 513
333 18
56 134
173 319
154 290
326 132
46 311
244 211
438 279
387 326
383 338
418 396
304 134
32 34
242 521
41 151
503 255
144 97
263 362
261 514
443 350
317 233
254 125
228 389
70 211
345 225
383 346
342 299
414 381
325 170
431 356
15 299
268 292
241 200
134 199
131 326
326 523
199 543
485 109
495 161
41 241
358 97
139 245
247 489
467 491
489 351
197 174
224 262
406 285
225 43
35 327
72 505
488 535
155 233
273 94
411 365
119 18
155 505
275 303
438 59
454 278
414 411
383 219
195 154
217 351
160 60
472 406
524 472
145 194
345 239
216 304
299 10
222 275
189 497
151 35
227 164
310 351
504 310
56 490
375 348
22 339
530 338
59 399
357 535
537 523
219 411
324 505
28 461
274 132
183 22
264 117
373 338
18 333
523 84
530 438
411 6
317 263
296 384
311 534
413 473
488 19
241 401
277 190
91 538
99 271
95 270
276 317
232 299
198 521
147 372
197 143
163 313
268 389
163 46
276 389
467 170
57 30
535 44
80 66
28 144
72 442
280 207
520 466
80 183
72 342
523 386
56 308
163 193
414 485
316 133
276 308
219 365
228 474
179 418
121 362
454 47
355 19
125 108
46 303
131 197
349 132
503 34
467 355
296 341
520 354
506 124
269 147
299 239
489 241
387 86
333 197
396 240
183 129
408 124
168 66
87 454
311 247
299 332
455 450
299 365
228 247
239 389
521 354
474 488
397 15
225 355
372 275
520 114
333 341
440 373
506 299
127 269
127 73
488 280
471 197
505 537
468 354
122 222
56 47
542 259
276 189
151 495
425 132
35 164
195 389
145 185
269 439
520 28
61 345
215 262
141 233
266 483
278 19
304 339
211 381
383 38
361 141
389 449
326 454
299 506
44 279
225 521
294 497
534 267
73 267
75 270
46 161
496 457
193 105
200 503
9 18
151 73
59 279
239 303
56 223
43 371
421 259
224 322
239 279
269 333
521 402
9 197
414 8
411 497
530 189
95 487
480 366
233 150
359 433
379 403
503 451
207 437
489 176
124 437
535 206
237 514
233 197
514 261
176 275
344 95
46 401
56 154
176 532
400 357
521 344
230 439
336 164
508 389
259 125
530 239
480 368
69 391
357 217
59 535
310 176
503 67
188 69
227 278
411 290
101 214
444 339
530 274
288 255
339 505
399 188
443 159
197 475
160 505
410 278
503 189
283 497
317 66
70 210
207 201
59 287
46 47
155 216
406 484
274 279
207 70
207 535
119 419
46 40
159 85
253 247
163 279
250 102
223 38
18 161
266 184
408 307
365 533
356 480
299 202
147 227
84 506
163 189
399 59
51 391
357 438
530 149
323 65
73 413
336 515
535 403
28 411
35 247
119 260
132 454
342 322
225 220
278 274
479 433
259 368
349 69
357 389
119 502
523 42
85 294
310 70
336 374
23 18
86 339
454 225
201 389
304 385
504 489
197 491
191 247
461 32
219 328
339 400
535 400
34 411
280 144
310 333
530 352
439 275
220 173
414 199
18 176
132 184
95 290
414 345
520 62
154 69
268 535
16 109
521 214
197 136
70 418
154 192
44 270
70 95
394 272
14 38
304 461
516 366
165 371
304 528
36 450
299 240
134 344
383 478
35 100
338 438
357 320
356 404
72 473
374 263
351 295
125 166
253 122
193 278
472 69
283 198
70 399
509 327
43 204
82 28
9 40
45 351
433 263
268 125
330 199
145 384
59 19
530 94
70 219
393 219
411 69
241 336
359 352
294 33
96 8
304 345
19 193
278 197
15 541
542 28
73 345
229 115
269 228
197 485
457 259
119 504
188 399
530 26
95 404
130 455
147 46
434 450
190 473
515 267
515 521
396 266
133 239
523 211
467 499
173 28
521 532
194 413
122 401
535 21
413 55
515 253
212 102
150 319
399 146
28 21
401 122
163 311
535 387
69 270
401 164
35 73
96 373
6 461
104 521
362 400
228 372
520 173
163 222
202 500
316 195
521 59
472 484
12 503
70 164
228 327
306 8
523 284
64 96
340 62
468 479
133 156
100 263
524 69
13 14
535 295
128 38
9 503
20 225
400 191
336 230
147 260
229 408
26 435
273 332
443 389
520 189
497 39
9 515
345 246
345 45
365 240
301 117
521 278
299 404
497 440
86 462
521 200
419 327
299 15
413 450
18 230
530 226
85 399
506 423
121 354
455 483
268 138
85 206
537 505
191 228
425 317
304 52
535 361
479 519
326 115
345 85
394 99
198 410
311 401
411 528
85 361
197 53
229 331
163 263
175 336
189 182
485 167
47 372
229 386
47 311
59 34
13 207
22 271
240 437
14 530
50 371
389 50
357 391
156 355
319 129
310 67
311 147
295 97
184 435
451 515
365 441
167 6
119 283
368 537
444 197
454 411
494 128
521 132
101 99
148 389
371 184
535 372
299 383
197 66
473 290
159 86
224 250
227 70
434 299
198 474
1 279
373 59
268 191
163 40
185 403
191 410
400 299
199 460
515 504
163 269
316 287
518 26
176 227
450 356
342 480
344 520
108 21
523 101
217 144
333 374
156 354
106 454
15 116
355 467
225 314
299 85
521 457
365 290
9 275
520 38
202 348
473 60
120 521
59 45
95 473
471 19
523 541
76 65
114 520
230 161
419 275
85 114
401 303
340 69
534 18
132 444
145 192
503 520
326 443
154 441
197 300
387 535
501 216
263 43
59 521
349 389
521 299
45 59
514 371
302 28
425 22
401 200
228 534
73 333
377 154
351 200
278 313
15 138
191 56
144 167
336 345
362 338
296 45
351 327
389 492
47 127
105 267
173 154
184 403
357 45
71 56
509 521
336 532
305 354
127 35
179 423
532 35
523 72
349 290
134 155
278 317
263 520
513 516
511 292
413 284
142 184
488 45
473 516
515 345
137 500
502 164
70 244
299 371
288 345
85 404
222 47
521 520
18 303
70 365
56 332
183 90
420 494
368 333
461 520
278 345
534 275
189 28
134 411
183 233
299 368
394 457
542 360
419 471
540 62
48 154
489 521
392 3
362 454
482 76
125 167
150 294
175 451
223 185
228 336
217 521
320 243
392 499
163 458
410 280
371 219
247 47
502 207
346 315
454 60
23 333
442 368
451 175
37 56
299 124
467 197
521 241
481 244
534 151
104 520
305 521
443 191
313 399
344 239
121 374
471 239
357 37
473 394
389 298
219 138
310 504
399 520
514 290
372 267
425 263
358 280
168 513
368 408
73 288
439 127
154 403
259 36
299 42
8 288
465 422
264 403
373 13
303 176
297 57
491 457
43 478
46 122
150 197
34 125
59 308
268 322
34 457
435 128
59 133
207 232
521 32
365 179
317 454
473 533
3 88
521 233
276 326
228 263
234 149
357 204
411 21
338 36
163 147
197 185
443 144
411 154
324 450
435 329
503 280
56 37
20 345
70 84
439 40
538 296
199 500
521 332
28 199
490 466
389 369
535 438
269 176
408 473
400 457
194 437
225 304
467 295
12 327
198 279
413 299
228 241
163 230
439 504
6 438
410 288
234 289
276 339
100 46
451 439
134 34
73 336
199 302
336 311
496 373
200 164
521 349
450 516
442 99
227 333
8 292
173 411
150 201
296 93
41 200
454 239
435 490
457 184
13 278
495 46
253 333
70 284
525 435
389 277
370 345
454 513
411 85
351 133
18 515
467 45
467 193
443 370
372 151
132 44
489 47
18 222
46 204
334 184
506 102
454 262
311 67
370 165
477 488
156 127
523 365
519 352
242 159
122 241
88 499
523 15
66 389
216 32
503 144
86 191
154 524
299 411
435 466
374 333
506 219
9 327
384 437
219 450
396 386
163 164
274 28
200 241
184 334
47 401
207 122
299 95
497 400
443 132
362 96
22 457
156 535
167 21
256 93
357 210
242 34
150 340
317 167
480 435
191 290
70 277
125 188
34 339
37 530
534 47
269 275
400 373
9 119
61 535
253 230
168 341
304 438
188 520
144 336
144 86
389 169
114 274
199 282
326 239
95 437
8 10
224 454
191 225
133 197
422 102
389 382
32 217
247 275
425 104
72 322
321 413
220 361
164 399
345 381
374 296
160 341
521 189
6 104
32 199
336 241
316 263
44 225
362 288
320 143
259 99
279 535
237 542
296 182
225 81
287 278
459 76
255 495
515 156
365 348
313 1
278 280
365 262
299 487
383 8
394 170
6 207
311 303
396 348
225 150
525 463
506 324
530 195
537 533
339 345
314 317
372 41
102 232
487 245
191 223
346 64
299 184
43 64
520 156
511 8
454 374
469 371
317 189
306 450
383 411
253 197
411 345
225 216
521 304
473 375
383 145
22 521
299 473
423 321
262 39
319 256
282 69
528 524
530 314
59 296
538 109
189 207
439 200
410 457
443 257
199 501
189 270
223 270
164 119
224 368
365 143
521 383
127 161
199 207
224 240
356 95
73 400
154 453
256 62
504 260
75 518
188 521
105 495
429 537
180 145
532 40
521 523
408 116
266 95
119 532
197 316
463 233
297 30
269 200
267 534
190 517
239 59
47 504
401 228
267 515
159 56
146 294
413 218
134 438
199 389
35 47
180 375
175 327
102 366
207 121
59 87
478 202
268 145
408 10
418 450
268 197
278 70
191 535
28 59
163 410
268 189
408 43
70 348
122 267
43 39
101 480
47 161
146 120
283 373
122 303
410 263
401 35
530 391
225 28
102 99
73 239
142 371
277 197
6 344
535 318
161 520
201 414
359 270
306 520
471 503
450 321
473 312
278 156
119 147
6 274
230 191
469 26
495 207
523 455
443 263
127 97
319 220
207 336
356 384
207 410
225 356
389 25
336 253
521 259
253 41
520 400
45 467
269 105
392 197
274 474
141 225
242 183
389 129
545 488
425 384
122 247
505 418
229 356
373 225
334 181
522 154
211 39
467 144
85 44
28 153
35 303
326 184
161 267
351 389
357 497
295 119
266 321
229 232
467 272
534 336
8 345
34 66
284 487
33 62
503 471
280 296
85 28
116 437
281 32
127 46
237 125
515 255
156 515
1 457
400 292
163 502
509 228
504 470
134 299
317 191
151 534
199 345
521 263
313 521
425 422
338 523
351 193
497 505
471 389
222 255
521 503
47 451
197 521
215 490
144 56
197 58
333 311
408 138
155 93
268 276
188 39
255 119
211 60
18 255
487 95
245 24
400 28
122 515
425 262
155 317
344 155
121 345
411 191
399 87
230 96
303 23
387 144
127 164
326 304
188 183
226 263
457 183
102 342
467 515
127 362
63 69
127 467
31 520
191 288
8 400
527 391
64 165
225 32
311 100
147 489
521 30
219 102
242 85
35 147
199 521
162 446
163 239
410 488
226 345
296 276
262 413
365 393
287 474
317 461
255 345
542 411
489 12
530 143
399 225
313 279
400 322
121 389
417 345
57 190
467 263
495 67
207 278
509 310
242 188
86 17
529 326
189 443
296 389
336 9
419 402
373 8
400 263
521 405
283 389
146 33
323 76
189 199
371 135
454 102
161 239
299 413
465 356
389 141
45 521
310 509
535 247
515 471
207 93
488 497
72 50
9 105
299 541
2 184
520 36
101 483
47 532
46 164
394 473
200 470
230 41
495 419
241 230
542 13
263 368
387 217
322 232
333 336
119 191
383 523
373 389
485 339
360 270
86 189
18 175
221 436
193 362
222 372
304 13
411 148
114 411
532 495
535 445
69 334
530 109
15 506
542 462
472 346
172 411
192 24
338 115
26 3
163 283
283 263
373 193
383 348
225 352
73 41
521 38
39 266
233 454
401 73
278 458
345 362
371 290
267 470
515 228
454 76
299 397
310 255
377 128
219 380
454 414
94 468
268 530
39 321
383 130
239 444
34 32
256 120
132 457
193 440
222 269
195 354
73 56
183 418
516 411
515 247
373 535
132 31
69 75
56 296
86 387
438 326
521 67
521 18
276 155
163 535
355 59
370 189
387 189
296 497
345 241
9 100
467 333
301 403
294 256
302 216
497 389
425 28
442 418
385 263
542 30
56 39
535 326
145 383
474 467
189 304
228 191
217 520
419 35
219 418
474 97
296 275
163 97
295 43
234 146
161 521
6 32
228 121
338 386
333 191
296 418
200 521
119 503
96 180
263 59
359 403
365 117
506 371
124 299
144 21
299 179
431 523
263 226
504 191
9 12
422 218
431 15
193 488
465 396
515 354
34 437
521 387
511 411
411 387
365 408
274 316
504 12
516 326
117 494
299 324
466 457
18 451
509 515
299 427
387 239
197 211
200 41
12 46
433 389
533 413
336 439
302 315
345 358
521 325
256 20
269 521
480 130
131 28
191 121
520 85
451 260
521 231
333 156
241 18
516 356
389 333
423 202
409 292
419 401
222 495
422 22
299 268
151 176
333 534
144 437
280 410
252 482
311 119
73 241
198 316
534 147
311 275
317 354
389 99
9 127
400 339
33 294
408 42
163 217
32 304
32 520
345 191
408 262
29 271
295 59
488 386
361 449
533 380
119 521
299 342
303 401
320 223
145 69
56 191
57 205
274 339
84 15
183 345
344 144
197 187
35 18
506 116
535 444
13 296
455 138
370 520
515 106
144 454
405 345
542 446
188 6
313 345
343 15
474 333
217 283
340 497
122 227
13 535
387 276
127 230
304 263
134 437
164 222
472 282
253 164
188 189
146 182
176 515
520 317
191 144
225 95
198 305
135 293
360 521
523 483
338 535
278 287
521 401
299 70
510 154
227 127
32 189
194 299
351 279
131 521
521 163
99 259
530 521
410 313
137 505
418 455
247 35
127 144
9 534
42 266
302 317
69 184
95 211
164 96
218 505
357 333
320 37
65 542
341 271
28 521
202 408
374 106
28 166
299 64
358 191
241 515
299 116
104 344
239 316
483 450
280 193
535 279
352 362
245 289
383 69
223 56
513 102
128 494
164 70
62 340
501 62
101 371
163 199
217 354
508 191
345 418
165 145
294 414
495 310
451 227
70 334
250 365
100 227
276 239
127 18
259 22
454 354
91 520
538 519
338 418
144 405
221 521
164 267
383 232
266 145
454 317
41 303
411 63
167 226
193 216
9 241
521 66
410 274
121 19
95 203
47 495
455 130
183 361
423 301
334 375
408 457
266 450
306 386
37 389
521 384
521 218
269 532
63 232
283 535
121 217
176 419
127 228
80 225
310 40
477 80
521 193
418 533
228 521
530 357
454 437
86 28
358 354
73 313
343 262
188 195
191 400
69 403
32 182
537 145
193 336
304 6
308 459
227 489
520 143
523 478
372 333
1 59
443 145
487 321
102 212
502 303
119 180
263 45
56 521
15 383
34 69
233 463
515 313
75 24
521 294
480 102
417 308
133 280
151 18
313 156
76 472
184 203
233 225
27 346
392 395
509 263
46 176
147 18
474 225
308 376
76 466
121 70
28 274
122 46
269 504
56 466
191 391
32 226
339 333
176 18
372 35
144 411
151 46
446 392
296 413
532 504
489 311
288 355
168 183
128 64
267 402
104 125
338 13
408 371
179 356
357 87
145 523
338 383
454 95
191 336
50 72
6 216
501 197
275 35
222 489
357 211
542 263
239 333
87 357
137 143
488 217
532 127
160 233
277 163
274 535
503 228
414 514
465 218
317 52
268 520
3 332
439 515
73 489
199 535
150 535
326 317
535 275
75 371
326 28
411 131
241 532
21 497
69 404
167 535
193 467
263 295
515 260
173 225
102 434
73 419
21 345
164 105
73 310
167 184
347 371
197 538
313 389
184 490
64 353
411 34
197 178
56 438
102 397
254 389
515 400
455 386
530 339
268 326
12 521
8 263
269 151
226 339
28 535
421 66
218 299
215 314
239 165
25 437
91 457
104 207
46 439
228 253
325 337
225 457
535 36
6 199
105 200
277 425
125 505
371 437
225 468
510 466
493 195
302 184
102 250
509 100
515 509
214 60
503 497
344 154
18 532
207 280
372 401
56 454
461 389
389 76
313 239
159 108
28 514
311 336
254 290
20 173
411 165
487 371
142 389
410 197
523 505
303 504
351 521
418 218
485 404
299 39
389 506
467 122
316 279
276 76
461 189
313 296
356 365
400 129
455 262
387 308
338 357
443 290
70 322
105 191
100 521
163 372
412 521
442 342
505 523
215 322
159 381
280 283
70 521
475 493
263 521
207 218
528 69
193 351
455 505
363 57
515 274
10 375
450 420
534 401
311 253
411 264
521 86
164 147
253 451
134 345
129 199
495 534
304 154
479 14
303 503
104 188
411 461
294 201
372 339
400 411
530 243
230 18
471 358
255 534
188 129
264 371
515 193
521 144
530 174
326 400
317 188
95 375
181 494
301 391
317 326
539 371
142 349
200 46
13 485
208 505
454 425
144 520
229 102
199 150
534 503
46 489
515 133
195 59
411 427
189 485
224 418
219 434
161 502
503 457
356 437
127 222
22 376
193 474
199 188
450 423
35 67
46 336
73 176
199 155
150 173
408 224
454 189
20 125
8 183
414 201
304 344
465 262
3 391
532 67
197 457
405 521
532 105
159 191
207 73
163 204
454 539
306 86
313 488
228 497
495 439
338 506
275 227
345 43
499 517
383 418
280 13
220 28
104 6
542 457
13 178
314 191
336 144
294 173
529 485
334 95
534 127
315 353
310 127
142 494
13 374
505 455
137 499
99 356
221 88
70 193
324 299
521 392
478 219
278 59
230 260
189 370
268 387
163 67
361 414
467 399
224 15
411 219
295 333
191 239
389 507
279 474
122 419
23 191
467 503
330 233
35 175
502 193
483 202
521 9
454 125
532 333
326 129
326 102
357 191
495 35
176 47
163 43
341 296
217 19
504 372
13 121
274 503
75 245
417 540
13 332
163 45
277 289
412 225
356 4
119 151
299 394
509 489
163 277
504 275
434 342
351 19
144 488
372 241
21 274
132 85
191 304
147 303
389 514
52 245
226 32
299 478
13 314
247 193
138 516
95 413
12 367
70 30
532 228
523 348
147 164
215 418
299 497
306 66
495 267
294 85
233 418
532 253
418 145
181 184
520 304
361 201
229 383
333 45
102 324
339 217
413 394
365 270
308 438
295 96
122 119
478 408
22 259
32 389
495 147
438 520
495 255
383 384
530 317
399 70
207 164
365 499
223 195
161 34
333 439
502 176
95 450
197 403
483 42
191 85
534 40
268 225
480 516
299 418
42 423
365 413
175 372
313 362
191 207
517 190
469 522
263 358
308 345
467 535
21 299
215 129
373 399
268 345
241 100
446 520
376 181
59 39
477 125
351 502
267 504
326 411
274 199
277 164
225 8
506 42
266 418
168 425
502 67
19 355
44 199
319 521
521 91
127 106
296 189
315 524
463 28
122 253
352 238
34 354
386 437
284 437
278 279
530 535
495 73
159 154
111 466
160 541
15 214
70 224
313 410
193 357
438 197
451 41
499 521
197 223
155 344
268 437
46 255
502 47
509 348
224 145
188 326
534 100
432 386
197 512
411 197
163 355
317 85
195 197
469 435
230 227
372 419
435 270
86 134
419 509
344 69
225 197
230 222
6 181
191 283
200 147
70 375
425 440
438 191
320 357
542 535
133 345
30 464
542 36
73 504
455 325
506 437
440 317
521 179
321 262
372 191
10 284
372 311
473 523
408 513
219 321
105 263
13 474
302 520
27 270
59 454
521 413
479 320
299 523
396 413
220 233
151 217
95 523
173 150
259 271
446 88
275 151
339 520
197 55
537 429
430 262
18 502
515 532
513 384
214 356
274 225
504 267
105 197
256 514
283 305
275 161
311 35
520 425
504 532
200 35
365 10
37 223
