241 502
76 56
164 277
509 46
333 421
296 418
497 87
28 225
388 516
137 516
521 405
225 191
523 210
274 344
423 165
300 403
502 333
278 358
274 6
147 46
102 214
461 132
489 12
1 263
356 102
95 10
299 497
35 439
21 345
188 167
119 439
535 44
455 262
221 521
239 165
66 341
6 32
154 391
156 474
288 255
151 521
409 511
86 535
164 521
164 222
375 450
425 341
408 450
438 345
275 164
201 27
114 520
173 69
439 176
6 497
197 225
314 164
528 154
304 346
317 140
340 150
240 418
480 70
73 497
100 193
181 403
338 36
160 183
26 3
9 241
515 451
56 468
442 517
299 500
144 488
444 85
114 216
266 457
244 394
32 167
46 367
538 178
303 336
195 300
535 104
535 32
384 418
435 181
528 518
322 232
179 505
294 160
278 277
521 93
108 535
400 274
303 509
317 8
537 42
385 317
91 191
147 402
159 521
192 154
151 204
373 454
239 121
13 499
355 389
32 411
499 332
18 495
338 116
234 104
222 333
513 284
21 520
230 40
41 521
197 221
131 530
230 67
356 262
319 85
306 168
523 429
164 318
268 197
191 132
445 211
345 333
473 375
130 386
150 535
496 297
345 34
101 473
239 535
122 241
269 402
311 269
299 371
146 294
225 279
163 316
215 8
176 227
147 260
15 434
200 151
163 402
296 316
59 145
535 182
8 538
253 267
150 340
223 56
53 185
368 233
101 124
127 119
35 521
408 431
144 422
227 457
333 13
256 95
535 515
365 321
108 197
147 41
503 228
146 387
56 238
466 457
21 521
85 20
411 239
284 473
282 346
35 47
324 434
148 257
316 263
20 256
215 437
46 100
359 129
521 461
6 181
454 32
516 138
310 263
211 436
455 480
207 471
274 535
487 321
314 234
393 381
253 470
275 267
362 263
389 541
228 106
521 349
370 165
218 418
372 311
359 109
264 290
69 181
399 457
306 262
439 228
311 253
444 199
380 533
299 434
405 191
34 125
59 226
487 262
269 532
73 488
146 188
114 302
439 227
497 333
85 501
167 195
155 262
13 399
400 345
501 535
8 418
19 279
114 438
310 41
138 262
56 278
200 311
445 394
435 184
225 34
278 488
15 454
164 253
34 354
163 374
344 535
503 199
386 418
222 241
119 503
69 75
188 276
530 357
279 184
134 454
310 70
61 535
521 70
278 471
467 325
520 225
349 218
131 263
455 224
207 535
542 297
43 365
124 219
220 95
488 345
47 267
422 270
102 437
305 283
411 144
245 391
410 279
365 328
255 333
336 504
51 391
132 233
15 396
503 241
47 161
47 503
119 502
230 164
222 200
345 144
159 263
400 488
317 56
520 86
247 164
180 190
128 117
211 102
211 325
384 290
199 103
198 13
346 404
56 374
503 333
466 510
47 532
193 73
12 40
535 281
401 333
193 316
414 389
13 320
221 179
296 183
247 13
521 370
189 345
179 224
542 233
299 184
224 299
474 345
154 435
164 193
535 61
8 121
322 434
497 8
361 150
302 188
168 56
134 438
147 47
399 497
505 455
137 437
313 488
225 352
463 31
443 225
43 39
267 534
105 457
267 253
326 197
399 197
285 261
455 130
161 515
189 52
389 50
73 147
102 84
63 232
222 147
542 446
455 322
521 134
253 457
422 533
233 490
425 239
132 317
379 403
6 521
15 224
521 61
372 495
73 247
275 311
414 233
145 154
163 121
191 283
356 213
163 313
142 6
124 101
303 175
451 253
537 394
15 212
43 211
530 365
193 204
105 106
91 457
217 296
56 69
521 224
299 250
66 56
274 313
32 281
1 13
175 200
211 483
134 144
208 290
37 389
306 6
488 296
532 534
290 537
253 311
534 106
119 367
207 146
495 207
69 118
389 465
365 483
303 457
31 125
340 173
255 35
168 488
535 13
21 34
408 331
100 495
241 303
368 537
253 532
480 396
142 396
313 1
267 402
357 70
105 303
368 541
131 365
506 24
104 6
507 76
176 311
220 173
362 180
122 367
473 394
473 138
230 260
37 320
151 147
259 466
467 345
513 365
297 30
497 217
63 69
509 151
326 129
401 161
104 497
76 125
96 30
296 410
503 200
131 183
193 345
161 534
165 518
215 62
47 260
505 204
242 385
296 275
410 488
506 42
542 259
356 224
151 372
542 360
164 73
324 102
423 356
21 184
393 423
306 450
228 354
438 191
207 286
339 438
408 380
352 91
342 523
326 304
471 199
418 240
232 102
127 348
509 311
533 284
215 98
303 451
495 151
276 188
70 102
220 93
53 403
393 403
310 47
473 266
521 504
443 125
521 34
313 345
144 34
145 321
502 534
39 483
296 140
418 214
523 15
8 411
356 116
199 220
47 9
211 321
117 490
60 244
225 217
47 41
473 437
202 356
401 41
46 336
345 87
467 391
241 515
197 521
230 176
106 454
383 331
285 329
503 327
73 451
502 515
311 489
168 182
296 314
495 67
102 396
503 9
401 175
56 185
215 356
16 485
282 484
396 246
411 314
191 217
313 295
461 125
516 63
263 134
8 21
521 21
127 275
290 154
207 199
435 117
306 104
535 275
10 375
229 331
199 505
375 42
400 193
79 450
255 275
232 4
537 69
408 487
274 59
95 380
239 444
521 184
225 520
520 425
454 413
310 18
18 303
326 215
233 457
389 450
191 13
24 245
454 530
355 197
534 378
532 161
114 189
26 435
197 362
191 457
515 351
276 535
239 520
181 38
333 163
35 40
451 9
276 317
135 169
45 287
162 210
240 262
454 144
488 239
454 390
86 389
280 97
417 437
46 503
266 270
376 144
179 95
389 521
168 513
451 105
250 366
163 419
520 278
489 532
276 520
495 222
296 437
6 438
356 290
336 521
365 99
425 418
489 351
211 499
521 304
13 239
345 362
345 354
263 125
125 199
542 65
277 30
146 242
211 38
401 327
414 264
461 454
275 504
225 471
10 423
308 59
268 454
509 532
145 384
26 290
15 408
440 373
489 67
9 503
454 104
302 189
167 28
199 317
13 59
307 211
535 444
189 134
197 354
21 443
483 466
450 388
228 345
333 66
283 521
506 72
383 533
495 503
64 43
455 371
145 343
19 351
342 102
455 394
408 244
253 495
144 348
144 6
120 389
351 19
241 12
160 95
389 107
502 191
134 317
125 326
444 535
127 40
440 277
376 466
200 119
167 225
419 147
225 528
242 317
373 13
419 495
73 502
521 35
191 542
418 516
104 85
274 45
100 151
483 418
163 164
362 296
372 191
197 66
268 225
487 371
164 535
43 537
225 163
268 274
411 226
6 389
422 262
353 315
88 499
334 95
277 278
159 383
534 509
521 333
511 538
18 327
156 313
353 282
276 326
223 185
56 184
489 207
317 134
520 271
59 474
32 189
479 38
105 402
224 322
503 278
126 78
299 101
121 497
306 263
102 250
326 521
344 389
454 8
535 95
276 239
410 357
168 296
443 387
225 201
421 341
534 35
275 495
275 35
274 199
342 506
344 520
450 505
219 506
163 227
207 240
21 326
411 184
201 225
317 278
274 2
253 200
506 398
144 182
513 523
173 220
191 400
411 308
95 457
454 478
9 41
191 304
514 406
296 526
119 534
304 205
59 345
344 154
119 311
32 216
303 197
188 308
484 334
297 57
295 488
310 313
524 152
506 321
240 244
164 401
18 255
85 225
156 333
102 380
102 394
515 502
15 299
263 56
439 532
411 521
222 534
530 223
108 59
12 521
538 535
164 105
310 119
313 497
545 488
193 43
176 40
122 502
168 259
32 485
445 190
521 421
396 262
147 164
535 348
454 537
163 288
278 440
70 322
401 303
165 145
422 307
395 517
464 74
44 154
96 57
191 433
135 293
155 6
230 303
333 227
516 299
43 418
361 199
530 403
387 21
389 262
344 274
199 104
225 256
240 224
299 480
202 423
346 261
233 323
253 46
225 443
339 345
542 272
493 16
197 238
495 489
454 411
509 275
472 282
193 253
124 10
451 12
142 203
266 473
199 197
303 515
280 362
338 39
454 356
425 277
497 191
47 515
521 233
259 233
15 523
474 59
217 289
496 38
255 495
503 43
279 287
263 21
69 24
59 188
523 284
419 41
155 85
411 350
357 399
134 345
400 278
357 45
419 9
435 128
228 400
233 389
303 67
283 198
122 504
239 303
418 266
73 419
228 144
288 56
56 225
411 59
475 493
59 326
129 220
56 485
304 279
168 183
344 263
133 239
429 541
156 521
142 218
452 154
505 218
454 389
521 336
230 217
13 458
128 494
333 160
37 209
76 69
268 299
408 321
357 91
385 339
163 413
198 317
411 257
46 333
106 336
299 442
345 263
253 147
133 515
193 228
530 352
44 132
280 193
454 306
144 21
408 393
64 442
69 236
222 311
392 272
223 38
384 371
207 497
295 521
259 368
419 267
20 225
138 516
245 403
151 100
411 339
422 457
521 437
225 339
175 534
278 156
333 327
266 418
41 46
127 217
542 535
207 20
299 411
302 315
509 351
155 438
59 97
273 174
229 506
254 442
333 193
197 39
383 95
299 10
197 379
497 521
333 156
346 406
413 418
317 21
516 384
253 176
334 154
530 94
217 295
304 344
184 75
233 507
521 320
19 345
164 451
102 124
219 384
375 95
344 438
358 333
56 508
163 260
225 444
362 239
146 314
502 147
23 247
225 362
21 438
172 299
119 345
506 224
288 400
163 225
451 534
512 391
189 199
199 139
66 389
451 175
455 380
389 60
306 239
230 18
451 73
521 488
413 365
147 161
147 374
20 125
521 104
267 327
520 304
124 408
365 541
32 438
425 233
147 451
269 9
127 532
521 427
8 132
345 270
227 401
310 260
338 357
299 290
371 377
535 403
22 36
497 385
275 193
202 380
263 278
225 32
471 400
199 20
380 516
132 344
371 190
159 239
69 472
76 472
95 413
400 535
345 488
389 31
18 401
523 322
19 521
144 125
372 97
241 255
302 6
373 515
523 383
156 193
54 411
263 317
489 327
27 160
303 105
144 461
372 333
504 503
368 437
2 184
197 296
294 389
46 534
230 200
359 338
503 156
336 327
395 109
76 411
99 380
421 521
308 263
338 505
509 345
223 332
100 419
15 381
411 206
100 535
164 9
461 197
523 321
268 326
425 459
225 155
520 438
233 160
310 269
521 219
372 35
362 207
295 144
65 129
119 97
339 32
199 282
1 239
96 333
274 520
56 134
542 538
20 361
435 371
85 535
411 390
303 503
163 400
316 354
373 467
21 274
365 10
267 521
336 509
313 521
256 414
46 40
255 119
105 253
326 226
344 69
302 146
519 457
22 521
225 475
95 99
310 200
32 345
299 348
520 32
275 119
145 180
389 307
18 161
454 86
275 230
242 290
456 520
221 389
489 310
163 217
346 356
179 356
421 526
478 185
503 239
189 146
301 377
34 345
145 299
39 481
191 317
225 17
73 345
467 521
197 53
542 332
499 210
163 532
176 18
304 154
296 333
160 333
413 328
333 303
509 504
393 473
431 371
502 230
523 335
219 194
373 283
524 154
383 262
454 362
191 534
528 472
39 380
274 438
191 351
535 263
76 520
247 275
530 143
466 490
506 371
401 35
241 333
241 401
232 299
263 43
121 354
523 408
217 370
164 532
417 308
338 352
228 474
499 365
345 233
315 181
46 311
56 529
308 62
18 509
310 372
33 207
483 244
114 199
372 151
288 13
355 345
326 438
537 404
502 207
480 437
515 362
9 176
278 373
344 306
317 146
114 270
101 436
236 75
440 317
220 262
317 345
410 296
345 246
529 184
368 520
101 371
311 401
263 308
217 348
389 544
63 219
338 129
272 389
271 457
42 321
368 125
9 164
35 176
521 280
170 55
69 203
371 184
122 532
230 267
179 473
524 472
503 296
480 179
418 42
389 366
487 202
46 351
168 233
216 32
454 399
525 536
37 433
393 39
513 455
207 362
277 207
365 179
532 73
413 423
457 233
317 326
410 191
528 76
39 95
474 45
223 320
132 461
34 339
383 478
528 458
423 290
137 418
22 421
489 419
239 326
274 225
122 9
506 232
133 59
489 509
435 64
95 348
36 450
181 490
175 401
478 219
400 339
215 538
75 24
276 155
146 399
31 80
529 226
399 207
15 84
450 420
193 200
304 530
125 290
216 197
134 197
520 521
137 450
366 15
497 28
137 270
387 389
454 181
439 193
471 216
521 355
521 164
440 197
333 134
269 534
167 217
314 399
13 296
32 521
6 530
120 125
489 161
537 423
310 311
365 441
534 73
144 384
384 218
85 317
283 228
425 168
95 450
345 514
503 521
37 485
534 532
440 28
200 164
454 304
385 159
76 353
48 154
451 176
199 399
85 159
163 105
181 518
346 52
225 146
479 56
184 391
310 401
465 533
389 442
326 268
503 535
389 66
503 46
33 454
472 353
170 210
119 9
383 10
431 523
435 329
497 299
35 267
66 409
511 207
119 333
425 225
358 225
164 96
393 413
225 340
513 210
408 539
275 247
163 275
59 295
232 394
343 15
414 8
22 422
255 439
523 343
46 41
207 98
391 192
484 152
542 28
241 400
156 133
495 228
317 411
228 502
418 408
247 191
124 299
341 168
339 188
299 36
331 450
279 188
344 66
305 521
218 145
353 371
144 163
511 326
408 43
7 346
517 321
333 45
44 39
356 4
540 345
230 105
383 137
339 410
102 430
214 356
155 28
217 86
521 125
357 191
283 355
355 535
408 383
284 413
389 462
529 270
96 295
125 341
521 100
279 133
443 159
294 497
101 130
357 56
454 87
70 227
497 225
94 403
104 345
467 122
483 383
351 121
485 28
359 352
454 443
244 499
344 454
108 132
497 400
191 426
189 270
363 57
277 70
355 521
199 304
356 450
442 293
1 339
147 515
299 39
45 156
175 311
253 345
163 410
315 290
15 383
132 521
239 189
281 302
18 151
271 160
57 289
276 32
499 473
478 299
345 39
13 400
227 333
380 95
495 327
526 22
163 41
278 274
304 56
225 467
321 284
105 267
515 40
267 345
302 389
32 191
389 431
401 241
296 262
145 192
253 35
167 34
144 474
480 130
417 8
521 40
444 189
27 262
313 73
467 1
351 144
401 372
534 147
434 299
197 136
101 347
45 279
45 355
9 470
34 144
116 437
8 96
279 69
372 119
299 239
18 534
299 478
22 263
191 352
85 154
532 260
280 263
503 127
150 220
474 454
425 361
509 217
392 8
490 466
362 87
154 518
324 450
123 182
506 60
296 356
515 263
287 279
520 349
304 199
126 521
425 271
351 333
179 321
188 520
183 345
193 502
13 440
501 28
56 345
85 444
145 262
333 532
132 34
225 414
508 457
414 225
532 310
365 4
471 313
362 278
234 33
274 389
274 114
408 343
351 59
315 406
357 438
310 336
279 59
212 213
50 533
146 263
262 39
99 356
443 215
317 385
234 399
133 279
417 62
239 59
319 389
18 362
56 536
504 105
222 275
388 185
225 132
256 188
242 302
69 270
488 59
372 515
280 474
108 521
272 296
351 535
502 228
502 303
72 214
299 72
526 60
438 114
368 214
70 503
455 143
197 415
61 245
340 361
485 497
207 33
6 339
535 497
342 386
303 127
278 355
193 313
127 241
33 234
383 332
529 263
480 15
333 104
311 200
438 263
345 280
256 514
46 275
487 437
397 102
357 37
473 513
401 119
161 267
230 147
389 5
295 96
232 63
502 13
191 223
15 413
521 339
450 516
302 404
6 62
326 511
255 9
193 351
15 102
189 104
72 224
168 425
276 530
294 535
296 182
359 191
280 133
376 521
227 217
455 375
299 102
410 313
411 344
497 167
57 231
343 408
7 52
13 333
163 279
241 521
497 520
189 333
515 247
56 371
154 332
76 263
230 439
523 60
495 303
306 21
357 374
50 72
131 414
302 281
163 336
145 505
299 389
56 39
333 35
164 228
154 441
30 74
9 35
351 313
537 308
125 536
6 263
530 535
383 346
156 503
189 59
261 52
9 495
146 56
163 18
20 319
28 535
439 230
24 154
534 18
454 60
290 437
191 403
433 191
225 263
497 281
280 59
299 116
424 102
535 423
122 489
222 255
127 401
515 372
310 176
163 357
521 365
541 213
299 431
56 530
43 473
73 35
220 125
173 345
321 290
127 419
333 287
176 253
389 252
483 473
42 537
310 503
488 280
101 539
13 352
12 127
473 231
485 475
521 231
134 93
333 488
520 294
145 356
95 38
35 509
239 274
150 361
127 263
516 95
274 444
365 224
85 344
523 366
199 281
521 457
19 45
61 32
176 200
535 443
13 151
326 28
277 163
188 197
302 28
454 69
336 502
480 516
495 255
394 457
535 114
358 471
355 520
356 284
176 147
480 184
333 295
504 207
303 40
542 22
341 368
218 8
537 102
133 316
538 91
521 102
455 396
56 332
495 191
227 402
86 8
465 130
306 197
465 224
304 195
495 161
521 455
179 218
264 270
304 13
225 345
21 191
150 233
446 272
495 515
224 366
488 36
193 217
326 338
173 171
197 475
164 70
529 59
516 383
320 109
534 230
311 260
35 12
502 509
313 389
433 56
418 262
197 316
191 243
413 348
316 144
263 488
384 394
336 419
355 225
430 450
373 227
454 102
303 521
255 176
176 191
439 164
225 302
535 10
159 184
147 255
13 45
410 199
355 263
516 116
39 43
413 244
514 376
389 488
368 505
356 437
8 207
278 296
35 230
521 451
310 207
105 378
319 414
341 22
201 500
268 538
333 56
109 320
451 241
439 515
18 127
419 228
521 279
47 275
13 198
333 18
20 220
313 278
506 102
241 419
503 339
145 63
127 156
280 278
474 198
520 120
277 425
373 362
63 10
496 530
358 97
523 95
207 232
138 423
278 34
146 225
442 99
446 66
521 41
156 239
418 371
439 275
227 193
351 239
173 520
124 437
282 353
326 144
71 519
18 378
414 289
389 199
513 537
145 185
371 69
219 70
443 339
163 373
230 327
304 45
295 358
530 268
490 117
393 284
21 389
28 191
146 381
401 127
28 32
47 457
125 188
160 389
535 134
418 455
513 270
280 316
357 538
253 47
331 218
105 333
286 207
272 521
521 241
259 197
239 354
515 175
523 130
355 296
500 202
86 189
365 143
39 393
480 39
35 67
47 122
43 356
333 357
334 404
18 47
443 145
418 224
461 28
278 333
506 465
488 263
375 70
168 134
340 220
144 32
21 535
366 398
387 59
311 127
242 146
523 480
349 69
259 521
272 436
419 100
169 60
230 534
326 116
534 502
465 384
263 197
504 35
504 46
160 22
228 327
242 520
23 372
310 67
147 176
499 395
189 191
333 405
535 501
197 249
481 38
399 314
46 222
135 371
303 504
276 191
530 149
418 202
274 97
192 391
247 23
44 188
521 418
69 103
13 274
520 181
217 339
86 28
535 161
219 423
207 280
399 87
147 311
146 389
465 138
41 327
161 451
276 134
442 380
346 484
311 247
104 454
228 191
41 303
247 303
422 183
281 114
504 419
456 196
86 339
326 62
535 108
269 228
333 9
489 40
259 132
302 69
164 351
306 521
425 263
345 43
521 210
391 435
145 418
85 299
299 368
276 207
244 408
419 532
72 342
219 211
227 400
154 24
413 262
461 520
411 217
371 219
380 437
1 467
34 411
469 75
419 354
10 356
532 521
114 155
303 275
73 197
223 391
6 326
276 197
151 46
408 384
268 511
451 521
264 69
47 303
368 224
224 138
197 162
215 207
310 470
95 4
221 436
13 515
501 189
299 523
12 336
46 228
521 327
280 197
50 465
296 362
321 328
188 389
146 339
241 207
502 372
451 336
478 533
161 73
344 387
154 334
294 33
530 26
313 339
275 105
247 419
299 533
425 309
130 322
295 278
86 197
480 60
225 95
1 351
73 515
532 193
495 260
423 418
8 183
488 400
85 411
180 516
303 354
75 518
299 324
119 200
105 230
118 75
365 384
199 188
151 217
281 535
310 193
202 500
339 189
541 102
356 348
211 383
197 185
515 345
478 10
454 13
19 59
44 274
12 419
275 372
420 181
473 38
188 279
168 225
467 199
102 212
13 345
483 408
120 234
397 15
408 473
389 124
380 473
516 219
419 35
296 207
418 334
146 159
256 389
241 489
380 487
114 274
299 4
120 520
333 207
493 485
241 263
151 269
460 225
352 520
295 355
283 389
400 197
256 85
434 505
69 420
412 225
193 46
208 202
440 410
272 394
59 278
333 316
191 226
444 69
399 339
124 523
455 413
333 535
100 311
417 400
408 15
513 290
513 383
132 44
247 106
523 388
425 506
357 144
434 477
502 367
21 144
59 520
255 288
485 167
435 466
509 105
13 457
222 122
358 191
28 173
316 45
538 109
284 219
35 504
317 488
233 256
427 383
118 403
253 351
389 214
275 515
131 184
64 518
268 521
389 505
22 60
47 534
164 303
163 515
497 97
267 310
57 264
467 313
450 138
167 270
361 319
515 106
121 351
173 233
207 73
444 184
515 97
541 437
336 470
163 161
419 311
183 457
100 532
75 245
538 400
436 258
521 401
155 521
338 238
308 21
373 516
8 497
523 413
432 96
281 189
499 272
106 121
239 529
144 86
339 263
371 125
279 217
465 396
121 345
199 154
408 224
105 191
504 439
191 184
188 114
263 295
275 151
405 197
122 228
10 64
28 520
18 119
13 474
101 480
18 470
534 439
164 207
317 501
534 470
200 9
522 435
451 303
46 267
106 521
419 230
35 269
189 485
56 107
317 279
18 193
521 403
159 34
176 122
345 418
299 232
56 326
191 125
276 76
34 188
288 87
383 513
377 420
305 373
375 218
117 301
389 498
199 294
290 356
351 488
56 320
73 358
198 410
425 66
197 535
454 146
163 176
96 413
199 234
456 325
323 76
471 296
299 455
521 55
410 197
396 455
161 41
70 193
263 356
451 275
313 333
357 391
198 263
148 350
266 39
326 115
96 373
528 450
507 431
70 229
374 333
483 307
37 223
274 44
66 36
191 336
100 367
279 108
31 28
301 270
137 505
73 230
12 451
45 263
376 490
6 132
256 154
197 49
362 373
521 299
413 437
147 532
147 241
537 403
255 451
279 21
497 163
411 520
142 455
31 462
104 376
521 534
389 440
495 253
15 403
75 371
443 535
534 191
400 292
278 314
480 386
336 241
145 365
129 233
197 248
411 234
262 143
276 205
400 389
197 467
534 402
22 28
85 399
226 56
351 200
175 303
421 60
32 145
73 207
430 539
356 210
535 146
155 225
199 346
515 67
219 179
474 362
344 411
299 366
161 147
469 26
425 22
480 10
195 59
521 167
296 168
389 454
116 194
505 523
276 454
399 411
13 36
69 332
28 540
163 216
250 365
419 316
190 96
56 304
535 521
30 423
207 488
537 60
294 189
163 97
254 364
197 179
503 458
401 67
488 86
134 233
279 39
299 284
534 504
63 450
290 346
365 393
338 325
360 389
522 154
127 9
480 224
516 96
138 75
155 233
87 193
230 227
144 159
144 389
288 106
160 356
509 402
479 195
540 28
193 400
535 520
125 333
399 454
471 457
502 217
200 222
146 454
342 324
326 263
333 168
541 537
401 18
315 334
475 223
241 200
521 378
353 184
520 26
241 18
419 535
350 385
76 304
471 280
273 26
69 282
411 317
474 13
408 299
145 194
199 364
412 389
95 334
28 425
9 119
41 47
267 333
85 34
104 317
146 183
338 523
8 471
439 336
311 40
326 276
217 279
473 290
134 296
287 263
311 46
16 475
467 258
396 450
399 501
230 119
336 230
147 175
333 87
506 212
355 354
366 210
521 372
296 408
237 361
60 39
342 450
489 35
341 233
47 402
515 534
295 87
32 530
164 280
56 154
201 535
515 59
509 348
515 147
542 191
226 326
295 263
76 315
373 109
56 411
532 372
269 327
389 397
515 495
1 225
471 156
142 181
295 430
521 151
374 357
188 438
211 391
167 339
73 106
166 34
380 328
144 513
69 152
506 84
215 417
535 156
115 430
473 356
263 217
278 316
108 345
41 151
444 520
310 73
200 193
144 339
122 534
220 256
228 275
32 86
216 535
387 183
497 204
340 225
460 32
274 21
318 535
263 146
342 394
244 481
42 312
193 263
482 65
199 93
443 217
82 28
268 317
95 211
387 383
15 331
503 161
269 35
389 457
439 18
122 227
119 255
76 490
202 266
537 43
47 241
296 211
380 284
105 336
198 355
330 225
127 67
13 191
520 317
75 69
161 67
34 184
410 144
2 404
362 467
515 122
238 56
96 355
126 438
35 100
533 478
311 147
368 539
197 496
538 13
105 327
423 270
233 220
119 470
284 523
456 392
521 73
47 207
253 122
535 199
520 389
219 43
133 274
333 419
119 509
105 269
220 20
537 371
245 75
362 225
443 149
336 151
372 267
521 351
130 483
314 59
487 375
363 373
345 538
104 411
156 287
467 263
418 210
411 159
509 534
401 47
507 125
175 336
134 339
501 345
95 185
193 105
227 255
1 313
497 308
211 332
167 454
239 454
72 523
164 313
242 34
296 217
35 241
197 273
227 207
523 398
356 380
537 523
461 521
414 154
197 373
242 188
43 60
326 529
444 63
219 290
43 422
141 28
336 106
417 207
542 308
326 125
154 527
516 375
302 199
201 207
276 93
193 314
515 164
191 374
255 503
209 38
487 328
534 47
404 69
311 161
521 514
207 241
207 502
276 8
468 191
497 438
224 539
193 197
345 326
339 326
365 219
151 164
30 187
523 43
12 489
6 345
13 530
146 281
343 290
56 21
176 439
372 532
456 221
481 483
535 454
372 310
455 423
373 338
8 357
488 545
121 362
85 146
191 530
344 144
477 80
498 457
311 151
241 503
108 263
230 401
197 519
133 295
296 70
456 446
443 86
277 8
396 523
241 46
361 457
280 45
345 8
317 389
161 40
288 228
357 225
37 191
276 296
13 374
131 21
225 274
6 191
62 414
24 69
321 95
126 6
411 154
225 461
356 394
101 366
434 506
523 375
521 278
70 516
193 515
503 275
207 314
59 274
184 403
523 506
283 217
373 389
401 12
76 458
504 310
362 59
425 488
239 182
122 303
278 45
198 305
264 527
521 45
47 495
405 333
232 434
357 263
144 191
73 521
70 515
338 26
105 351
102 506
400 216
69 404
356 218
137 500
414 346
287 274
269 439
439 534
514 290
521 97
467 272
333 278
520 344
104 485
144 45
296 22
269 419
521 396
56 454
362 538
306 454
440 399
483 450
228 121
277 57
32 326
336 351
240 455
425 520
167 345
461 191
344 521
127 504
72 366
256 361
255 127
275 327
439 147
362 345
404 290
207 276
389 434
304 411
408 523
105 35
283 497
299 422
495 502
483 533
512 270
303 119
39 328
521 454
383 60
365 75
288 191
175 504
532 35
276 182
534 372
504 470
326 454
198 197
294 207
134 344
444 530
495 127
10 365
408 212
431 299
1 274
208 394
225 387
46 401
333 76
299 383
85 132
33 317
392 521
47 147
425 450
218 465
383 229
242 85
224 145
418 95
330 199
102 347
33 294
440 96
303 502
351 521
225 438
501 207
385 434
164 354
531 171
495 247
471 345
34 225
35 228
454 457
117 69
389 263
192 185
69 346
408 505
324 437
410 156
45 239
295 217
389 490
372 41
274 333
389 132
454 198
389 34
532 303
304 339
191 19
236 117
355 191
181 184
106 56
339 357
423 266
454 283
15 322
12 333
59 497
137 224
357 36
73 470
502 521
27 52
389 335
173 85
277 532
119 175
73 310
211 356
394 299
516 218
438 520
521 458
146 535
215 314
410 521
351 327
18 451
261 69
267 470
199 286
488 535
195 485
7 472
537 322
95 270
469 154
495 164
521 4
179 262
73 200
225 283
267 260
163 269
299 128
497 283
261 154
495 105
279 19
534 311
313 355
10 516
12 122
471 217
47 327
73 56
189 317
202 505
383 8
355 474
60 42
375 284
239 362
353 484
346 301
454 404
54 183
454 401
76 290
280 313
515 520
225 134
393 391
425 99
69 290
521 491
529 154
147 419
304 52
31 371
31 182
70 224
455 483
492 65
419 509
28 485
451 119
8 197
534 336
408 214
8 511
59 387
46 122
365 413
120 33
20 173
533 380
345 316
326 194
73 372
313 357
411 125
456 88
163 314
311 503
163 305
374 521
299 246
542 373
454 326
199 460
70 122
483 202
259 214
127 73
497 501
44 28
296 276
383 386
410 339
338 359
197 129
502 161
150 154
359 357
446 395
45 278
167 144
504 532
521 96
534 100
71 273
455 386
465 437
188 199
319 129
32 199
9 230
57 381
414 207
497 149
345 497
35 333
32 454
274 217
276 86
414 242
122 333
418 270
137 383
114 344
43 284
191 106
306 66
401 489
64 353
263 87
228 147
299 75
263 39
342 307
387 521
215 411
333 351
306 322
13 336
502 18
46 451
146 427
467 348
9 419
23 327
389 225
215 418
408 537
287 358
419 439
225 20
393 290
530 339
73 362
419 133
290 190
225 62
377 181
523 299
338 520
359 467
357 400
104 399
485 216
333 259
275 147
146 497
299 346
233 520
122 161
73 457
358 156
70 145
144 362
156 454
34 32
8 362
356 232
263 354
34 69
345 438
366 454
151 310
198 59
333 354
268 96
163 175
21 59
191 303
392 109
12 532
24 236
154 118
348 356
442 95
521 317
278 263
217 357
59 45
523 70
361 173
229 505
414 52
56 121
95 375
46 151
356 384
375 391
134 129
307 473
390 383
434 342
225 346
362 283
311 12
266 523
278 97
450 102
370 521
399 56
225 69
222 18
163 392
439 419
392 88
276 129
163 310
197 30
516 422
229 408
47 40
278 458
515 521
521 227
520 499
400 538
451 40
296 399
46 372
351 287
425 144
520 217
504 269
56 519
122 515
530 433
503 18
519 468
103 346
126 389
227 345
150 294
497 326
505 500
219 39
73 495
197 26
190 180
250 523
226 485
59 467
383 184
304 308
179 393
484 261
147 275
125 472
20 201
414 263
466 203
523 145
421 66
247 241
425 299
131 381
440 140
46 241
201 281
70 219
509 269
56 359
10 145
96 464
408 386
275 207
75 117
534 255
127 336
313 263
515 310
227 228
409 314
268 240
102 388
191 358
161 401
150 319
521 410
326 218
352 296
299 437
461 226
511 246
76 154
134 389
333 399
515 295
401 503
355 457
521 52
280 279
13 491
146 86
197 293
502 156
313 314
390 56
86 85
521 391
478 192
425 104
304 385
434 375
338 506
164 263
233 259
299 270
188 104
60 435
264 184
161 311
80 457
362 106
394 211
35 470
73 311
389 330
144 276
33 155
73 535
494 181
338 386
279 528
207 70
70 413
95 442
439 9
76 197
188 183
501 197
387 326
504 73
241 73
503 372
127 367
180 96
414 197
253 419
276 521
48 420
362 191
21 304
61 154
100 147
151 367
95 365
197 363
399 189
125 505
380 321
451 504
454 197
383 15
18 9
357 109
146 385
117 154
225 141
122 46
345 28
438 389
451 311
105 509
351 191
30 418
261 285
535 308
239 191
155 411
506 473
188 155
200 489
219 541
176 310
333 345
489 255
241 534
200 46
222 119
56 391
534 241
163 147
163 458
290 484
440 425
223 191
207 277
233 150
56 148
523 42
229 411
65 542
9 336
56 520
284 371
523 325
356 10
454 521
439 119
516 179
217 317
104 146
521 411
333 191
467 535
520 357
315 420
414 256
147 100
342 38
520 354
275 161
420 117
144 39
408 250
151 197
521 326
299 85
406 69
383 434
46 147
21 344
523 102
521 478
283 263
46 439
304 216
164 230
217 87
119 336
16 297
326 331
159 535
133 358
59 239
345 357
47 419
345 182
532 402
216 256
239 159
340 514
310 105
373 468
144 197
121 488
383 494
450 356
218 349
535 362
299 541
351 105
412 521
326 485
59 296
242 314
497 443
303 151
105 534
346 69
146 62
334 403
163 122
8 400
283 339
279 333
229 262
227 127
446 170
484 353
530 197
389 520
502 495
349 438
173 20
102 29
146 411
380 356
391 128
35 41
405 521
296 338
219 396
219 145
317 6
502 336
199 150
32 182
411 146
345 358
373 207
282 472
163 56
314 317
56 132
219 332
287 521
410 34
454 322
299 394
105 46
225 543
389 101
506 342
173 28
39 266
351 295
188 454
510 435
535 189
163 274
278 197
502 253
454 384
188 345
444 114
417 326
61 345
147 310
76 438
489 253
521 375
414 317
345 56
515 100
255 207
365 473
114 389
261 514
86 333
504 495
431 507
521 222
431 102
496 486
200 175
283 8
525 435
1 121
151 18
242 125
339 182
134 333
471 70
301 391
457 309
438 225
355 278
136 210
306 28
85 256
190 394
357 426
336 176
35 119
304 191
288 304
121 56
475 485
383 384
438 28
229 418
200 67
538 362
365 537
283 354
41 255
245 289
165 69
163 241
18 122
274 154
42 210
530 387
408 101
338 216
533 422
137 145
266 408
521 197
173 189
197 13
320 519
455 70
253 193
355 279
454 214
420 154
326 59
219 413
542 109
393 219
173 411
530 59
8 299
6 461
8 232
336 401
473 523
353 518
59 333
35 310
181 64
523 478
411 131
299 179
193 327
161 100
161 222
199 205
411 188
138 386
338 383
10 130
442 4
70 95
201 414
76 454
199 6
193 207
505 473
70 69
163 471
542 36
224 72
233 28
219 455
488 386
281 146
408 413
7 282
535 144
299 307
461 217
18 73
288 454
310 451
389 324
409 345
50 43
125 521
13 133
411 56
529 345
276 217
114 85
263 413
56 490
102 307
288 458
355 488
278 204
6 349
155 497
356 70
296 233
8 62
411 370
345 461
219 386
126 69
338 115
70 290
146 302
352 530
509 127
160 541
316 333
219 365
101 342
433 197
454 383
154 290
351 133
172 28
47 389
75 377
311 164
513 533
535 367
472 329
1 279
73 239
44 535
438 296
33 189
433 389
306 386
374 296
253 164
191 21
504 260
534 197
228 313
518 154
535 352
505 95
294 85
342 480
261 346
267 311
400 333
73 263
154 469
241 40
454 385
59 461
102 513
47 35
515 255
163 351
210 42
411 414
161 502
401 267
188 339
323 233
313 34
95 469
126 203
78 4
160 271
144 166
299 403
529 381
505 394
56 66
21 279
497 354
10 219
118 69
23 191
46 310
216 199
219 95
542 60
398 224
283 197
200 227
506 450
336 267
56 362
268 21
13 8
31 466
454 160
127 200
296 263
390 145
228 283
95 533
316 274
122 467
356 418
224 15
408 418
175 333
534 367
504 451
535 400
338 185
438 134
336 269
308 296
408 388
47 119
114 444
32 263
294 201
384 437
422 22
542 129
410 278
46 161
156 467
497 10
13 66
102 145
280 503
70 277
22 125
164 295
396 513
146 234
142 231
523 143
493 191
333 119
228 105
241 345
20 340
278 283
479 26
180 57
131 317
200 521
525 125
108 69
229 194
412 535
280 400
105 193
247 73
419 534
495 41
530 154
50 366
383 117
406 154
530 345
76 80
341 526
317 535
43 348
119 217
197 520
125 182
365 333
535 461
532 230
438 6
506 307
344 62
495 40
197 300
263 530
467 280
207 414
215 400
344 197
125 525
530 69
515 497
9 345
443 195
385 314
73 333
502 67
227 327
144 345
479 191
179 523
505 202
423 102
100 515
440 389
423 483
454 191
230 504
278 225
278 279
191 493
145 219
75 203
161 127
336 367
176 509
59 454
27 69
450 321
239 280
233 425
146 120
365 229
533 299
499 520
373 357
56 521
131 132
73 217
467 129
276 189
264 38
20 294
311 230
207 308
188 317
6 28
161 532
326 138
451 127
133 13
303 310
278 144
465 450
351 280
389 160
162 446
400 8
451 35
108 314
233 340
321 348
144 56
278 354
311 372
127 105
184 371
86 225
266 145
317 280
284 380
276 414
119 45
341 160
200 509
155 399
396 218
454 125
495 439
138 145
253 241
70 480
272 42
515 439
192 117
299 423
478 411
62 437
207 505
150 201
44 443
64 142
144 317
521 480
163 497
362 45
193 59
304 274
65 482
326 497
296 322
315 154
233 197
168 28
225 457
365 270
496 457
197 243
163 521
419 471
70 30
535 39
163 43
263 520
225 21
145 270
351 147
181 435
304 520
59 263
146 317
372 73
444 270
479 143
310 515
95 356
521 389
535 159
125 34
473 42
410 133
294 281
355 96
502 193
463 28
439 46
76 276
306 535
23 18
451 47
56 288
148 56
359 332
515 18
9 151
41 119
468 13
308 217
145 371
535 499
442 321
387 189
230 56
521 198
425 371
164 275
373 410
226 270
217 535
228 9
504 18
170 60
509 327
274 1
296 239
339 461
488 28
454 76
85 414
509 336
504 267
495 263
276 418
413 60
145 437
134 457
401 164
515 367
129 225
69 2
18 247
130 465
341 271
414 183
461 299
414 276
338 418
163 59
417 540
469 403
410 467
207 296
394 473
365 371
473 391
443 279
207 355
211 42
194 116
319 521
357 193
296 351
295 354
86 233
387 8
338 270
425 262
345 191
521 9
317 159
411 304
272 457
319 281
145 96
73 46
230 311
513 43
159 28
333 47
310 12
321 478
21 167
310 247
9 12
255 40
520 296
163 280
333 189
485 104
336 253
389 384
438 279
34 520
454 348
207 155
423 218
23 122
263 422
188 189
195 242
156 354
521 532
408 457
333 308
385 389
253 247
411 28
203 69
242 225
167 485
521 228
207 501
56 538
229 516
477 434
515 279
114 411
295 471
299 418
394 272
199 478
225 317
159 21
368 259
151 457
534 119
26 270
279 354
372 105
521 170
530 485
468 479
8 165
374 73
304 521
523 115
321 39
317 193
523 473
75 154
454 263
142 438
223 94
315 48
193 354
211 403
365 499
446 221
484 290
198 497
278 305
18 311
477 183
247 35
411 34
497 6
144 263
278 280
150 189
145 143
197 186
13 304
179 465
199 95
122 439
295 348
530 270
278 193
75 38
326 240
279 362
96 440
308 497
156 358
296 480
389 306
372 509
132 206
215 129
445 450
227 439
399 302
420 48
408 422
207 440
176 105
280 283
299 21
18 230
284 441
530 370
95 383
144 308
484 103
304 454
164 345
535 204
423 145
488 295
58 249
70 375
314 385
418 284
242 345
228 497
372 207
296 197
197 170
530 144
538 262
84 130
345 474
119 267
417 299
530 263
9 333
541 219
227 46
8 530
487 95
9 127
226 339
199 438
207 437
336 345
212 371
520 454
535 438
245 51
217 43
105 310
389 125
76 65
534 267
317 304
523 250
521 354
333 46
173 125
397 505
278 191
247 46
535 389
365 197
537 95
282 103
73 402
185 403
362 351
321 145
253 303
28 189
104 125
165 264
345 199
279 474
454 121
106 288
199 276
535 38
121 458
518 26
296 475
454 474
32 389
460 52
389 72
41 402
535 373
326 32
266 262
102 398
338 491
390 454
278 535
316 520
193 106
339 144
199 319
102 397
501 290
303 253
100 197
155 32
345 21
454 206
266 55
457 389
163 389
239 521
87 474
361 233
47 127
413 64
339 6
132 69
220 28
274 13
127 12
60 160
216 191
313 156
219 231
513 95
365 437
147 73
225 182
474 316
261 103
444 443
435 154
32 339
501 317
304 299
538 191
324 506
108 21
164 534
22 368
530 317
147 193
269 521
175 147
28 69
101 466
163 207
122 260
189 207
180 505
523 396
125 389
454 308
454 132
73 348
474 488
523 72
303 532
521 444
408 516
47 489
13 278
521 189
399 125
320 389
362 13
530 538
41 127
542 157
102 434
26 38
278 216
399 120
534 451
523 533
163 401
175 8
308 459
359 433
523 211
30 386
215 197
530 332
442 356
333 526
193 535
477 99
393 371
371 518
86 497
365 293
164 495
485 184
311 175
290 95
534 327
317 296
358 45
485 109
233 225
372 339
479 53
183 497
241 532
219 427
389 15
276 199
529 326
467 156
495 12
144 521
306 225
259 22
59 357
70 423
302 535
333 373
467 457
409 326
46 495
427 219
438 274
37 530
460 61
357 39
400 299
104 289
226 529
459 492
339 521
299 487
520 168
505 219
480 368
236 69
70 521
197 512
362 333
535 296
145 69
304 167
176 504
411 132
380 102
506 128
219 457
310 351
280 13
159 183
193 521
454 56
172 339
534 122
230 275
488 97
105 197
534 333
190 403
95 290
408 513
295 280
481 244
256 125
200 502
388 262
127 489
497 207
294 521
239 490
12 470
435 192
414 129
256 207
44 197
34 278
243 320
373 497
328 321
503 354
134 488
451 495
15 213
461 535
399 133
504 502
320 530
454 43
438 21
418 299
54 197
15 116
172 411
218 384
535 184
306 8
377 490
164 127
362 520
184 332
225 460
134 225
474 287
438 535
13 357
91 296
191 148
336 105
188 34
230 336
164 197
542 341
534 260
122 147
290 26
418 70
365 450
163 440
26 184
299 42
255 47
326 389
127 354
442 214
119 504
42 211
515 401
117 236
282 315
311 9
499 270
28 399
317 497
520 66
410 454
119 260
392 3
64 96
520 28
199 447
520 36
225 129
176 372
96 190
163 70
356 328
326 188
25 525
217 345
389 523
341 259
70 310
193 13
263 326
521 485
401 451
169 505
515 176
361 93
511 418
230 253
411 345
42 437
392 162
365 244
241 389
521 83
520 132
440 400
535 299
32 144
383 408
532 333
487 533
278 288
513 380
400 411
264 332
495 46
296 97
59 189
387 308
521 502
217 1
266 42
339 104
104 339
504 275
274 239
418 442
396 210
311 122
368 342
411 195
454 408
176 100
380 69
296 422
9 402
163 358
362 454
200 260
365 356
220 319
375 138
414 150
535 185
527 64
198 474
225 109
334 435
160 62
9 275
520 392
15 218
96 8
56 206
299 99
294 317
408 102
346 518
21 485
419 200
127 23
8 276
144 304
114 399
256 69
280 355
481 473
317 225
127 402
73 400
499 39
184 38
408 210
351 230
311 521
117 403
168 197
59 279
13 497
326 108
467 59
127 144
220 225
57 262
506 70
278 345
534 161
454 85
173 150
219 393
504 367
125 104
523 116
266 184
535 355
13 389
46 253
28 153
383 70
419 287
417 538
488 45
159 443
131 299
323 369
280 515
256 173
89 28
9 253
443 184
80 31
535 302
100 336
197 445
34 458
521 217
191 207
362 204
521 423
467 410
78 218
7 261
189 535
530 56
80 477
405 239
454 513
239 313
503 35
410 280
211 179
523 138
147 151
129 199
189 387
114 188
22 271
220 201
535 445
373 521
515 34
317 183
230 502
389 513
278 56
244 473
193 471
271 102
400 228
296 14
299 202
247 311
151 348
247 534
372 127
411 381
418 413
320 270
516 411
19 313
389 277
534 151
303 311
70 328
389 477
28 217
233 31
521 503
232 229
515 303
495 47
268 146
21 454
418 523
122 372
207 191
454 535
372 45
184 290
28 82
220 389
147 230
284 365
442 408
461 32
56 461
105 247
209 403
191 69
299 51
450 434
164 18
339 66
191 247
274 85
255 46
521 383
389 237
129 201
127 228
131 239
299 218
46 260
361 220
9 105
389 407
8 32
134 224
193 520
141 199
521 384
217 197
464 441
372 503
271 22
356 404
268 308
102 290
159 189
467 354
478 408
267 105
408 429
279 535
313 503
176 9
515 241
122 458
296 450
263 474
200 228
516 366
225 210
34 235
87 521
189 503
219 15
489 260
513 244
530 528
357 521
127 467
474 263
208 505
84 523
442 244
411 404
193 474
219 229
228 296
295 313
339 226
308 134
241 367
134 263
122 222
302 197
521 450
43 403
299 219
73 267
513 138
313 133
534 401
199 114
398 72
100 504
489 372
217 19
98 299
451 164
521 56
278 339
346 290
523 202
227 70
191 359
146 438
255 457
69 334
389 181
215 299
488 193
467 170
76 333
383 143
250 224
394 170
211 307
161 345
264 154
451 419
278 228
454 365
164 504
334 346
131 274
14 479
133 354
144 357
362 359
454 461
338 109
521 313
365 138
534 9
497 454
474 43
313 336
454 354
506 425
284 478
59 354
419 351
161 521
372 470
114 535
130 384
164 515
154 315
34 165
191 345
256 535
223 195
13 144
338 326
141 129
8 322
530 438
250 506
392 389
397 299
306 86
538 225
164 314
268 145
220 411
197 38
72 101
227 200
313 399
535 216
295 351
125 345
394 403
199 329
95 541
419 504
440 535
411 264
86 17
469 420
222 495
242 444
69 117
513 102
389 86
276 339
521 220
45 19
411 148
349 389
155 188
478 312
444 44
145 95
207 400
287 316
193 45
362 270
39 42
535 239
114 220
411 485
456 190
469 522
482 76
352 13
521 131
530 195
18 46
295 357
304 6
339 28
345 278
373 314
362 399
373 399
513 262
132 191
134 239
142 389
197 499
523 537
269 230
299 430
389 308
358 474
100 119
503 534
410 13
73 193
193 279
515 354
471 520
18 336
420 391
299 124
489 122
472 261
422 117
42 43
450 342
362 352
503 362
520 457
13 56
141 361
12 267
385 485
28 274
326 184
59 488
87 288
197 428
274 279
399 535
333 22
345 296
219 328
461 56
290 208
471 278
263 274
471 358
18 439
472 346
219 380
400 497
100 40
199 32
389 29
192 377
207 304
276 490
389 182
99 4
3 332
469 332
70 386
122 336
520 400
418 232
523 69
34 444
395 88
480 322
439 495
362 521
125 120
225 358
410 274
296 129
321 473
405 59
207 278
477 450
365 411
163 204
52 245
535 125
521 316
443 326
422 213
34 66
247 127
380 99
302 520
521 399
244 190
299 301
489 222
227 260
253 502
193 333
339 344
425 259
156 336
80 125
408 506
345 322
506 324
13 288
37 56
477 505
256 345
33 345
345 241
311 502
6 167
521 160
168 22
234 314
344 132
269 164
35 451
191 290
432 516
219 10
372 336
62 276
463 233
523 331
342 299
45 193
358 133
340 69
534 503
282 406
198 521
225 389
358 278
491 521
189 225
159 195
59 351
299 198
321 70
199 531
200 275
73 12
131 229
222 46
108 159
338 332
144 344
18 263
305 440
444 345
122 41
521 305
145 331
296 56
474 191
184 435
119 197
256 28
125 8
523 365
164 176
8 387
383 381
440 79
535 188
277 183
521 38
365 290
93 207
535 56
104 459
351 217
225 59
380 70
513 516
521 520
408 138
22 520
241 161
193 147
472 7
489 311
165 290
130 138
70 513
176 73
333 59
176 502
96 43
503 345
295 45
224 454
304 85
193 216
516 15
180 145
308 521
538 511
242 199
411 299
443 144
442 413
438 461
521 86
1 474
13 314
383 413
266 325
73 47
313 413
302 317
372 521
241 310
102 442
211 270
389 276
168 520
198 374
421 259
338 211
134 308
520 161
535 233
365 262
389 168
130 480
198 440
521 303
275 197
275 402
451 260
194 299
175 372
351 354
105 532
521 132
86 217
503 515
245 420
533 403
56 47
362 217
321 244
176 127
513 384
159 86
125 22
258 436
488 19
278 70
438 349
461 326
313 189
515 197
119 354
155 520
521 419
516 480
392 345
356 346
59 339
351 336
497 304
125 69
451 41
266 483
278 357
127 260
266 102
399 28
294 233
405 345
521 311
259 99
433 454
396 240
87 217
408 437
179 219
101 343
245 52
104 274
122 164
294 319
296 144
488 144
290 353
276 225
335 397
365 394
423 371
268 218
510 466
128 64
19 239
399 13
389 322
399 225
151 534
333 228
299 343
230 521
538 521
13 339
489 230
473 435
372 122
163 19
364 154
399 362
296 39
473 244
504 509
490 332
146 150
163 399
54 457
510 154
361 183
193 373
503 267
317 131
179 328
121 8
400 354
134 182
444 225
173 317
389 482
69 391
316 474
474 279
120 154
389 411
66 292
203 184
409 418
484 285
176 47
341 36
144 333
396 299
422 473
272 456
390 290
8 144
120 69
520 339
172 418
32 34
42 39
461 59
45 97
317 195
396 505
268 10
339 520
311 402
59 389
263 389
263 345
76 323
188 56
414 381
100 18
245 270
122 34
532 327
454 539
219 124
88 272
234 199
274 339
454 39
56 164
515 70
535 129
450 240
161 310
520 274
535 229
173 389
56 433
207 467
399 59
387 385
197 55
533 356
176 164
471 144
258 211
357 8
423 301
455 325
176 303
86 488
363 486
195 108
76 459
207 361
425 199
214 60
454 357
520 326
521 523
299 59
296 228
145 70
167 535
18 503
147 119
41 372
59 529
222 515
193 488
168 356
255 267
521 247
47 247
361 535
408 478
86 341
131 125
8 86
183 199
535 357
404 334
132 85
189 85
362 91
119 35
345 45
200 534
535 132
501 146
370 345
217 333
535 295
473 64
279 339
102 101
183 69
439 327
32 514
520 143
20 345
41 534
473 99
195 396
410 345
300 38
473 533
493 520
176 241
278 87
199 233
290 69
147 470
176 12
233 330
521 10
255 327
19 355
278 467
344 85
65 492
414 131
160 36
179 533
442 42
145 517
299 240
21 39
18 333
284 39
306 457
240 480
313 535
18 515
219 343
504 40
141 457
197 395
444 274
521 47
51 64
333 389
413 138
521 262
35 164
401 402
440 13
197 57
535 387
217 144
163 502
338 457
7 285
18 275
163 488
28 21
200 470
509 228
326 292
163 345
346 524
304 225
504 327
156 502
250 299
131 485
10 231
278 199
193 227
491 538
219 69
365 423
21 383
266 517
276 459
217 365
201 69
383 505
197 270
461 6
520 345
91 521
321 262
467 362
326 131
303 176
321 299
389 422
104 521
65 252
471 8
336 495
485 223
344 114
389 309
167 125
114 281
454 95
317 314
521 23
304 528
176 175
217 28
45 535
62 505
520 91
530 131
200 310
42 408
269 18
319 256
138 505
408 10
455 437
478 262
197 433
542 199
227 119
98 322
47 230
130 455
383 521
217 159
85 104
179 499
179 211
336 127
44 270
70 365
266 513
188 270
373 363
342 434
311 35
239 45
101 39
521 46
408 442
241 197
277 79
275 532
13 178
125 132
70 403
127 451
542 13
299 15
59 217
515 509
222 164
308 480
6 308
535 283
313 274
296 28
50 403
534 193
338 272
444 389
199 406
135 102
41 260
263 351
396 437
496 56
87 357
168 308
274 69
207 182
226 263
430 115
104 389
70 38
175 521
304 21
173 346
484 472
59 308
523 487
450 30
503 106
1 217
495 367
392 197
1 280
469 391
502 200
282 7
313 358
505 487
523 307
222 269
94 223
130 224
168 102
506 95
267 241
299 225
156 355
357 59
18 175
326 195
287 1
365 95
365 521
401 40
69 524
189 302
105 100
156 278
46 419
529 535
159 381
66 86
181 494
473 371
166 144
127 151
22 183
164 419
193 336
263 276
222 402
454 62
41 73
199 472
225 330
534 200
306 326
62 497
218 505
504 9
13 348
302 216
155 62
513 418
523 244
164 336
506 523
28 463
13 129
197 479
533 95
180 375
266 348
333 365
269 200
199 291
34 21
532 253
100 310
320 468
420 315
259 263
95 473
535 503
450 290
84 70
520 159
184 315
85 167
296 538
352 521
127 495
191 488
279 263
284 533
383 102
18 176
489 47
276 308
371 38
537 533
284 437
345 400
313 43
387 146
224 398
516 506
151 504
493 332
333 125
56 338
267 47
56 28
301 154
491 438
35 345
317 28
203 466
535 167
516 513
121 279
497 95
151 119
523 219
473 154
13 121
387 438
413 384
127 303
489 46
443 263
501 497
46 303
317 155
130 396
193 189
489 41
389 25
405 339
63 290
507 233
263 368
173 315
326 535
224 418
528 290
69 154
314 387
326 262
370 263
190 464
198 316
188 6
515 316
362 96
27 346
172 197
191 413
359 535
125 520
414 62
73 144
361 340
280 345
269 515
505 380
47 333
18 227
389 421
401 227
98 437
241 176
333 8
42 413
34 389
9 327
358 400
195 404
13 542
520 207
219 533
159 385
200 161
515 119
344 279
62 340
534 269
411 199
481 442
521 6
274 287
294 543
46 489
523 348
389 382
521 221
161 503
520 467
132 108
269 46
217 263
365 478
122 100
509 230
253 504
317 191
131 197
344 199
473 312
333 279
410 400
73 122
414 220
368 341
299 322
532 67
57 185
493 475
102 322
425 28
315 353
414 144
15 332
500 403
272 270
521 209
503 497
62 98
389 36
125 80
63 505
538 8
70 483
535 274
433 263
282 69
142 344
321 533
473 75
513 375
10 418
147 40
230 367
438 199
356 480
535 471
419 367
454 465
202 27
85 274
239 345
439 200
119 127
356 423
532 41
396 422
184 64
393 69
521 356
443 59
387 239
345 381
497 348
131 219
478 499
3 391
86 199
125 535
302 290
503 311
534 419
393 43
239 276
477 224
387 520
366 343
535 220
313 193
258 445
433 183
163 1
326 339
515 470
496 320
199 202
319 340
355 133
419 18
211 284
230 372
538 345
483 130
389 163
280 274
502 47
393 328
96 180
225 28
495 336
504 489
108 34
336 333
226 308
485 339
207 423
163 106
98 443
503 197
333 418
411 6
443 132
517 394
2 69
47 345
138 473
21 299
361 201
340 207
494 391
98 62
191 468
295 515
277 464
254 290
326 6
80 225
296 213
495 419
502 457
134 411
144 497
101 214
421 263
162 216
57 74
521 387
308 514
197 216
333 521
438 521
228 263
520 76
105 164
132 443
225 183
365 246
217 288
500 27
163 304
521 95
299 466
132 438
511 138
530 338
488 467
495 176
84 15
144 365
106 247
420 24
233 141
333 304
45 280
333 28
105 151
317 344
121 59
75 128
368 465
295 394
399 188
365 408
304 362
530 21
183 8
46 532
368 28
310 46
197 209
336 164
200 241
225 361
389 425
319 535
70 321
502 260
132 56
521 490
276 195
18 419
401 200
520 259
80 90
228 504
13 273
20 233
176 457
471 410
480 138
147 333
191 338
336 122
14 521
533 437
504 378
86 134
133 355
32 276
22 376
70 410
454 355
308 438
311 255
105 275
521 509
396 284
87 278
147 303
197 275
450 70
119 521
317 13
317 302
176 151
336 156
461 339
537 299
274 189
515 419
241 67
199 62
521 263
370 389
303 164
532 9
454 188
195 371
277 411
45 521
176 327
222 470
207 372
127 247
228 521
374 263
363 185
425 521
163 372
179 437
207 418
28 125
326 56
383 290
114 217
503 389
217 308
268 144
467 351
409 138
9 40
389 376
119 18
389 81
419 401
163 354
127 197
268 497
33 399
13 193
131 191
521 497
373 96
105 367
495 241
355 239
404 403
532 147
192 403
233 361
159 389
27 154
280 535
70 43
515 400
56 544
264 522
167 6
444 344
419 164
468 373
280 351
375 418
18 310
41 489
47 200
537 429
321 380
194 262
56 290
188 385
164 310
278 410
521 144
389 296
411 165
505 537
383 244
264 181
259 333
32 520
506 442
351 279
261 406
228 46
308 214
521 322
161 12
454 343
483 513
224 383
255 521
283 225
299 60
85 191
241 228
299 84
474 467
232 15
102 386
197 158
263 228
296 513
207 274
183 339
411 276
401 105
239 467
275 41
372 504
535 210
443 317
352 362
194 229
506 356
359 391
188 59
501 399
279 348
101 99
228 534
156 280
454 202
70 207
163 318
389 111
283 345
57 403
339 235
163 267
311 303
310 253
290 315
377 301
281 154
515 199
355 287
523 262
212 262
511 299
13 170
199 125
144 530
99 473
279 154
534 164
191 308
127 503
389 250
125 220
129 361
159 289
425 505
523 356
173 340
79 129
229 15
105 176
201 290
355 362
189 32
225 357
137 143
497 467
161 34
127 351
450 331
503 225
73 327
521 400
442 418
147 367
179 450
369 323
387 108
515 207
42 266
315 69
96 74
200 35
401 534
85 281
217 351
21 28
102 473
232 95
68 199
133 410
253 354
144 296
467 217
45 351
399 155
422 523
106 333
228 227
463 80
345 132
76 144
240 99
180 262
127 18
284 386
274 104
515 327
233 66
73 357
146 521
22 309
389 104
85 302
222 489
488 313
410 373
411 2
28 188
264 145
31 457
497 505
399 154
299 398
326 461
28 166
108 217
199 261
195 154
147 269
64 290
163 454
326 317
233 81
345 226
175 176
390 375
279 351
269 122
304 326
127 345
417 292
197 438
425 422
42 394
502 105
31 233
501 262
489 503
227 303
504 401
217 299
279 97
362 338
294 62
467 474
439 269
269 191
411 219
317 86
521 538
101 356
351 274
9 504
442 299
227 47
509 419
355 45
313 280
121 239
201 505
443 314
193 317
168 36
302 184
535 28
239 296
106 362
389 342
523 179
41 275
371 290
425 545
520 281
277 190
227 489
228 59
353 261
504 47
191 508
361 389
306 183
56 438
163 367
505 408
294 216
280 354
358 316
520 85
340 497
227 515
33 146
455 384
521 141
515 156
66 418
431 513
521 119
483 442
521 495
15 229
28 461
362 474
377 75
207 322
391 522
191 121
459 125
263 362
1 59
431 408
108 454
299 342
252 492
8 43
164 440
317 288
535 103
63 154
102 325
15 384
14 320
423 207
214 450
431 450
474 358
134 28
165 38
358 144
299 513
296 210
454 134
239 474
442 342
32 61
102 115
18 402
207 218
419 193
471 13
313 419
76 339
41 67
163 23
351 127
100 161
86 66
389 323
479 519
411 497
121 263
26 371
167 191
383 218
284 43
50 135
197 468
489 176
164 34
283 119
207 164
174 530
521 494
263 310
163 119
278 19
85 294
478 321
268 66
535 6
299 229
241 354
306 160
263 226
411 289
94 273
102 450
345 405
339 485
303 100
317 199
168 339
278 400
516 240
62 299
400 521
342 322
303 489
280 191
155 104
538 216
13 454
344 505
333 474
207 340
273 185
59 195
32 217
156 263
521 345
444 132
443 44
401 419
161 200
268 339
456 223
455 523
13 279
8 365
356 43
530 28
304 144
477 262
315 282
450 324
310 402
408 541
228 310
133 392
412 195
443 197
191 458
85 404
389 235
345 59
310 122
503 45
538 530
296 465
368 521
274 34
34 166
418 218
191 354
35 46
274 474
13 354
62 399
207 122
523 430
8 263
159 56
359 530
499 26
127 269
207 515
234 120
411 528
497 104
266 210
399 85
268 195
156 19
344 308
233 173
338 219
119 283
16 195
211 513
241 535
194 423
520 216
91 137
9 502
15 244
294 345
12 311
263 19
434 322
440 283
274 358
296 160
219 63
9 521
383 365
142 290
451 67
13 87
253 515
189 326
144 290
201 62
224 95
213 356
396 95
164 372
269 333
283 96
266 450
488 354
383 411
305 96
513 211
440 305
389 90
401 122
14 296
70 396
503 207
263 287
122 230
359 457
542 457
504 311
134 462
355 280
268 322
199 315
188 69
100 303
215 66
411 21
199 52
228 495
34 167
127 230
85 206
13 157
412 170
18 200
207 357
296 170
155 189
30 445
419 336
303 122
311 267
313 127
430 262
142 349
261 7
219 334
372 378
455 418
268 262
23 127
423 185
444 217
373 198
133 399
425 454
163 339
241 9
13 185
423 232
219 434
217 438
13 332
192 24
73 241
175 127
194 505
146 33
334 375
509 489
308 6
239 184
303 35
439 367
520 387
229 346
276 6
207 201
57 332
336 35
278 217
458 521
154 420
100 46
102 384
20 197
502 419
156 495
454 433
503 495
13 207
86 129
443 521
86 457
390 389
383 322
151 303
240 348
503 189
175 35
108 191
485 290
43 42
400 225
255 241
6 217
345 161
189 204
156 1
425 411
267 9
1 333
21 461
506 290
317 399
228 532
125 20
418 43
226 345
295 119
78 521
355 199
520 125
501 389
411 98
385 257
125 168
247 253
375 437
383 38
310 275
328 356
73 87
59 191
472 285
207 538
326 189
228 336
528 353
129 150
398 408
290 218
472 69
122 67
451 147
520 263
455 210
313 471
357 520
41 147
296 36
133 197
203 435
225 216
357 403
346 371
362 198
465 422
389 299
356 299
193 467
125 463
14 3
3 162
383 418
455 299
84 299
145 411
200 105
423 450
225 299
299 490
305 180
310 419
357 217
181 377
191 288
387 279
254 473
521 267
64 413
399 70
497 220
333 280
102 429
360 521
42 533
326 21
411 389
317 333
207 255
538 137
168 34
513 413
279 45
30 450
411 191
296 17
86 22
287 351
513 356
13 300
105 521
411 290
535 69
32 304
125 90
303 200
393 321
313 354
190 473
535 100
163 193
230 509
406 285
351 97
225 281
98 215
336 303
221 216
10 328
283 457
316 197
520 167
310 255
389 197
225 314
87 333
372 367
224 331
65 76
86 462
356 533
197 357
343 219
130 523
313 217
383 516
234 242
228 367
326 538
181 270
529 195
215 308
253 534
191 365
108 154
501 520
503 402
227 367
385 148
401 495
405 144
308 437
290 394
504 164
230 193
151 105
134 56
514 285
396 348
100 73
275 263
195 184
340 319
127 311
105 18
504 147
161 260
534 67
411 39
267 515
461 345
434 437
199 245
230 351
122 253
351 502
133 217
28 376
326 239
313 97
144 535
467 488
523 505
444 263
338 275
521 310
474 457
31 90
467 357
343 437
356 523
104 66
275 367
508 191
317 167
164 8
73 313
207 399
211 381
95 404
18 222
345 535
219 264
163 247
465 356
225 6
499 521
191 109
502 489
15 262
31 183
306 344
70 384
125 411
423 375
164 35
253 191
134 384
311 100
446 392
506 437
274 28
542 144
239 217
467 239
230 191
79 440
489 504
263 357
271 341
57 30
310 327
197 195
127 239
414 535
18 241
311 367
515 47
398 299
163 378
277 213
226 59
59 373
201 129
199 345
502 73
405 535
489 495
534 263
421 36
489 401
28 199
411 263
96 365
338 389
410 216
343 145
105 515
340 233
222 47
483 102
504 191
296 325
85 242
276 66
87 362
480 366
521 43
383 523
268 129
328 219
376 181
372 100
147 239
389 213
389 429
525 514
168 160
456 272
303 18
506 250
408 115
155 505
444 34
144 405
523 334
333 515
528 453
102 408
414 28
533 473
303 193
263 296
85 173
334 75
311 451
144 228
520 490
215 345
133 1
230 228
217 21
502 288
503 122
189 411
475 300
467 359
127 47
344 104
266 381
230 41
225 375
188 497
521 106
423 455
313 362
478 284
199 353
60 55
175 275
12 46
299 332
299 321
225 167
197 359
478 202
411 443
73 9
56 503
423 70
481 270
268 383
336 515
474 313
302 399
338 191
176 267
504 122
521 470
176 419
183 361
41 200
255 532
491 457
520 370
372 534
344 339
134 497
73 413
485 385
488 521
542 411
56 317
227 503
267 46
520 276
13 26
542 296
41 230
317 362
292 345
532 127
165 371
523 342
431 322
473 307
59 133
207 8
498 129
399 514
345 228
511 62
261 282
408 84
410 283
535 333
43 4
46 73
144 466
463 183
155 535
263 313
163 504
41 502
56 466
102 99
535 193
45 274
485 314
373 180
497 61
338 403
333 358
336 73
361 294
85 189
35 336
13 216
191 357
521 18
228 253
168 144
306 438
389 333
197 508
374 191
408 211
15 450
478 423
334 236
119 314
133 345
242 104
168 239
43 204
100 378
41 267
173 129
496 187
230 333
13 211
275 260
357 389
56 71
253 263
364 315
278 521
411 96
391 403
215 28
304 399
521 59
163 12
319 225
191 474
220 345
230 400
313 474
217 239
219 224
199 69
59 317
308 345
414 201
299 375
535 313
456 389
219 441
296 280
503 144
223 243
407 298
280 333
396 4
511 232
345 239
101 42
408 130
165 181
311 515
520 22
517 266
521 32
70 299
105 439
336 191
495 200
137 70
56 8
39 480
455 356
253 327
1 419
455 95
128 377
509 100
188 302
286 535
225 437
144 354
102 321
202 533
155 344
495 504
100 509
85 345
9 367
429 537
530 178
515 227
46 521
503 260
441 494
446 190
296 438
275 228
380 455
147 247
47 67
535 178
102 539
384 102
511 411
120 207
76 507
520 157
413 232
46 470
275 310
532 504
147 495
433 457
34 219
422 408
488 308
275 200
423 321
28 195
191 410
166 339
308 86
439 333
147 336
399 279
197 157
362 8
125 108
98 418
489 127
156 535
197 517
284 487
489 147
133 467
104 263
150 20
168 521
27 95
188 225
41 515
134 104
389 76
103 353
411 63
191 467
399 521
410 263
514 371
435 332
294 520
333 311
144 520
495 100
56 496
263 59
132 66
405 497
503 12
299 539
375 231
211 380
358 521
13 360
313 351
175 345
132 31
523 386
15 219
409 66
127 515
272 473
311 532
225 150
384 435
400 129
190 371
520 191
152 290
220 535
320 143
339 411
431 542
215 218
333 534
228 193
69 285
472 290
454 182
478 380
278 454
339 389
11 102
443 69
207 263
506 219
46 47
383 69
134 521
147 345
146 520
389 339
538 197
242 535
259 36
88 129
495 193
43 219
266 170
87 144
281 197
29 271
446 521
15 394
122 207
519 56
269 105
278 389
288 362
155 276
39 533
263 411
3 270
398 366
224 386
409 8
225 308
183 197
400 191
145 383
523 516
303 228
317 156
357 137
401 176
137 95
515 45
495 534
425 384
307 435
398 525
511 308
274 521
160 202
454 225
408 307
33 290
197 337
489 534
199 340
521 474
503 280
125 166
333 288
160 500
199 129
357 204
8 70
413 39
256 340
122 495
225 423
275 451
222 327
451 222
64 124
313 310
419 151
268 183
27 505
500 505
228 197
189 497
474 333
399 69
306 317
440 8
530 308
86 361
70 383
278 313
6 225
400 263
530 239
397 371
131 195
180 450
18 253
239 228
122 175
35 222
133 45
468 71
43 533
290 472
321 450
56 381
263 333
34 333
269 100
521 30
408 232
479 14
411 108
25 490
351 389
303 12
134 199
483 42
9 532
471 521
162 88
96 299
219 480
46 204
147 502
13 485
86 76
387 199
268 370
406 484
50 393
56 274
267 439
410 440
530 109
368 144
324 299
197 109
163 156
42 365
311 119
370 217
287 278
8 216
48 315
56 327
41 12
80 183
193 133
179 299
156 127
535 206
220 361
197 392
408 70
231 64
484 315
280 144
151 275
451 489
535 150
474 280
345 317
499 354
306 520
418 423
263 438
521 530
127 502
9 200
199 27
333 425
109 243
478 43
35 419
361 141
271 526
85 361
450 128
134 6
125 233
302 114
173 256
202 513
411 85
119 351
127 372
163 151
100 253
345 389
197 211
521 13
9 534
339 184
485 37
276 438
137 178
535 319
311 47
146 189
278 207
359 216
414 514
520 182
35 263
217 520
535 173
344 497
474 133
207 225
454 437
184 270
455 450
396 413
444 188
532 311
268 411
225 491
308 538
288 497
387 345
339 97
473 384
317 188
223 26
225 326
39 473
365 117
253 402
296 93
191 339
59 108
6 56
425 333
220 197
489 73
401 310
313 105
144 279
15 431
535 45
163 303
164 191
75 236
336 18
59 87
451 327
389 166
268 490
33 521
100 9
333 133
230 151
408 72
88 332
495 18
322 299
72 473
189 370
98 69
156 295
433 28
521 109
321 413
128 371
521 402
311 241
86 296
457 466
506 516
207 95
521 296
8 356
115 371
535 414
540 197
418 450
117 391
383 284
472 154
195 28
76 28
199 484
313 410
197 530
85 114
108 184
274 503
466 184
223 530
151 515
95 70
127 161
9 255
277 289
122 345
172 322
377 334
125 262
263 275
413 4
69 484
21 225
410 228
521 392
304 529
30 190
488 418
163 295
530 274
30 464
507 544
371 437
102 232
104 195
371 293
244 466
217 189
357 354
471 263
535 19
467 497
35 18
128 403
223 174
10 299
191 389
202 408
161 241
336 12
311 73
411 32
145 64
199 520
134 535
413 246
488 520
197 332
191 391
296 8
70 42
253 275
280 119
31 225
383 138
388 102
163 509
230 269
411 461
434 450
357 296
276 21
414 411
333 374
229 232
154 236
495 470
20 535
215 232
12 241
358 313
222 521
304 8
509 521
353 334
45 354
454 33
317 454
215 138
199 302
12 303
521 87
294 129
73 401
383 145
478 473
292 28
162 392
317 104
535 59
275 100
349 344
134 62
419 313
176 495
219 473
516 145
45 189
151 35
193 275
339 317
425 523
228 200
519 479
193 164
41 253
410 207
122 47
356 185
95 487
118 435
15 343
119 241
86 520
105 228
160 233
511 322
386 204
303 247
535 62
263 6
283 373
326 417
18 191
308 138
317 197
16 109
167 32
41 401
158 39
70 465
201 197
61 197
45 133
451 269
197 3
159 444
137 354
451 200
222 127
163 470
299 315
431 342
380 365
418 384
453 154
503 471
247 521
535 345
13 210
145 375
199 189
241 151
272 266
176 161
256 150
155 146
207 197
243 109
333 106
299 436
408 145
523 266
191 105
12 327
296 214
200 40
389 525
121 288
275 333
474 497
389 347
294 256
228 239
197 486
408 322
338 70
304 438
66 207
283 400
241 41
253 127
421 22
357 338
164 457
358 239
497 373
151 345
164 151
400 399
119 8
471 488
411 114
197 187
521 105
262 413
34 535
365 455
365 299
497 317
392 499
351 520
444 165
535 87
299 224
41 367
225 404
200 372
362 144
396 516
165 64
80 129
339 505
304 263
43 95
523 232
356 403
