156 127
100 311
105 228
357 137
150 129
370 454
227 70
226 195
122 503
133 345
308 317
389 214
13 362
8 62
496 38
48 420
232 434
12 451
411 21
446 88
200 310
308 197
193 105
255 18
119 534
501 146
355 345
70 533
467 295
530 387
9 419
296 213
353 315
225 86
509 296
487 321
471 280
100 230
263 274
46 439
417 292
317 86
423 39
397 505
164 504
419 70
147 303
199 160
228 327
144 422
125 120
405 497
119 333
365 396
308 276
176 175
239 488
345 540
303 336
193 354
421 66
389 505
442 64
225 32
276 205
31 197
383 483
487 380
521 279
9 534
147 239
461 59
454 160
377 435
542 411
191 413
47 255
59 263
199 291
268 490
264 527
389 368
372 144
306 28
535 352
120 389
515 367
278 316
87 333
299 266
21 454
535 197
346 103
65 542
200 175
304 191
456 223
128 494
537 437
399 199
73 176
225 189
222 515
295 217
144 520
497 411
542 389
542 13
340 414
224 299
504 12
30 190
346 261
477 129
444 217
86 462
3 392
504 119
521 133
60 435
240 437
343 219
399 521
474 467
523 240
353 64
537 145
530 239
383 513
127 351
18 222
70 516
163 199
37 530
363 464
231 64
222 521
102 29
408 284
76 86
175 176
211 332
431 102
411 344
489 176
225 199
497 191
21 56
483 262
189 21
455 299
527 403
489 267
505 455
217 399
132 134
313 45
133 515
421 263
145 231
85 154
163 70
59 287
159 438
537 334
188 308
521 239
509 73
135 102
41 73
419 439
356 218
478 284
351 488
389 526
241 389
389 341
141 449
523 43
2 184
194 262
85 345
278 274
355 225
340 256
106 247
351 263
288 87
65 129
21 184
521 269
70 210
321 473
163 351
451 228
54 28
264 75
98 215
147 46
70 423
359 362
241 336
162 538
288 355
520 22
435 128
485 109
356 10
311 504
521 421
529 167
217 351
147 47
70 338
368 263
127 106
280 515
410 288
119 402
255 176
411 454
62 497
489 333
133 156
515 316
532 495
520 362
86 189
120 234
73 35
163 228
372 197
282 484
339 144
513 356
310 504
241 532
516 30
279 133
191 474
72 356
45 296
14 521
304 354
85 399
180 204
316 239
506 219
86 76
259 542
538 362
8 21
383 184
454 145
168 386
239 156
164 333
86 85
317 159
35 263
23 197
535 62
359 433
71 273
188 454
70 503
519 468
105 327
191 239
392 109
56 185
144 438
172 411
1 13
78 126
227 18
104 188
480 70
119 253
506 356
197 38
73 419
28 461
311 255
439 419
489 521
288 197
262 39
455 38
155 389
31 371
200 504
474 333
389 89
299 342
277 30
197 456
535 61
247 253
349 6
13 357
480 408
217 13
438 497
533 422
530 32
393 290
389 17
521 370
521 151
417 98
163 355
160 290
279 28
156 535
126 6
333 125
167 195
30 187
151 105
23 127
455 130
56 389
333 422
225 339
253 241
145 154
380 224
179 465
515 133
521 108
161 497
10 516
535 304
130 450
256 125
408 224
247 105
521 437
296 93
228 336
242 302
283 144
147 105
96 413
13 34
27 160
304 529
119 41
454 362
114 263
73 488
333 259
422 457
134 132
396 523
307 211
163 372
283 204
333 336
521 401
163 358
334 181
284 413
410 191
173 189
372 310
471 358
207 239
299 480
310 260
56 468
542 65
352 538
326 485
134 462
69 371
288 255
122 12
511 138
175 303
389 457
144 474
521 523
95 99
434 516
116 437
400 228
164 495
411 444
509 151
451 401
56 181
443 28
321 290
86 59
59 474
218 145
280 389
339 184
516 432
247 73
344 535
365 393
520 13
197 508
333 413
19 263
211 325
263 278
19 488
253 400
362 8
310 228
333 87
101 356
101 480
454 311
389 376
439 228
197 530
521 454
37 320
202 418
95 348
530 468
485 339
295 467
57 403
161 489
439 227
192 24
401 18
362 474
521 119
161 534
423 70
393 39
389 323
161 488
375 380
351 133
44 39
261 103
299 487
95 356
400 389
389 99
433 389
418 322
520 271
535 389
132 535
489 40
315 391
34 188
488 437
256 225
535 281
222 336
411 385
176 367
373 198
33 521
228 247
454 356
64 124
356 423
147 255
497 461
516 413
497 149
333 362
275 267
199 286
255 401
304 13
340 521
199 134
431 523
424 102
336 176
45 193
163 144
133 274
146 120
389 542
383 356
523 232
467 333
15 332
408 211
225 188
299 403
241 260
418 371
95 128
117 192
254 364
154 524
239 521
326 177
310 313
410 199
351 509
340 207
313 333
176 495
535 326
488 191
76 520
30 57
353 518
439 515
413 39
46 255
313 355
287 316
418 396
242 154
285 329
497 400
132 443
425 450
504 521
481 38
207 286
431 371
488 296
467 129
540 8
362 204
503 457
144 466
532 260
528 458
59 28
161 502
413 232
189 339
521 367
294 85
333 96
409 197
352 296
525 514
53 185
125 326
32 61
361 535
173 340
515 200
167 454
373 516
340 173
10 437
473 380
62 501
9 200
13 468
502 156
28 82
239 274
341 160
283 521
497 85
411 188
278 279
503 534
276 296
444 197
269 515
173 171
304 205
193 228
172 418
12 336
133 474
266 483
434 299
120 207
34 444
216 535
137 178
468 225
255 207
530 243
368 523
513 383
497 61
533 473
73 147
239 191
303 47
283 8
478 365
330 129
131 270
151 100
197 359
176 230
119 40
1 274
35 228
534 100
87 497
122 400
163 295
495 119
263 197
473 356
255 457
438 426
338 373
161 275
125 521
119 351
127 247
104 66
79 277
283 225
461 226
513 154
179 321
8 239
211 436
144 125
333 59
247 535
333 473
70 277
503 156
411 167
201 535
241 151
86 28
59 373
306 8
410 355
351 230
355 156
480 505
207 255
421 259
419 502
159 86
198 355
43 365
515 216
392 129
122 451
487 403
534 372
189 399
163 241
46 228
361 220
130 218
215 197
6 521
504 105
121 354
372 191
197 56
256 129
117 236
21 263
236 117
497 264
170 60
411 306
1 339
73 18
144 326
351 280
13 520
191 365
391 117
202 423
520 295
219 229
197 136
333 405
119 197
193 227
295 119
339 497
506 70
229 386
122 23
199 281
253 534
311 253
455 325
54 459
180 30
299 450
335 397
173 129
146 302
181 184
296 262
159 184
513 437
535 438
125 235
85 167
440 314
225 411
513 380
43 244
411 189
29 271
73 348
333 163
200 402
530 391
326 516
485 345
283 278
44 114
406 484
241 193
516 465
385 314
8 145
534 193
535 411
125 520
70 102
30 521
451 275
440 278
338 491
515 34
311 367
13 225
18 73
317 290
189 454
127 46
33 155
198 318
47 275
86 191
490 181
56 230
197 58
154 236
290 437
52 245
195 404
443 98
127 502
108 28
280 351
274 239
313 1
383 95
353 184
487 312
282 103
228 374
199 33
515 127
454 274
155 411
154 48
372 175
296 168
137 145
455 290
131 195
41 227
268 427
35 161
267 67
411 104
368 521
46 402
247 515
513 290
521 70
124 437
127 336
535 274
503 18
345 97
218 15
530 225
145 290
13 475
399 189
471 313
200 260
340 129
241 105
296 345
18 9
128 391
450 102
207 521
371 190
96 355
413 521
239 389
179 473
144 521
33 294
45 351
56 338
13 207
86 361
241 345
276 207
102 366
430 450
530 308
481 244
471 457
294 150
326 263
219 375
356 102
299 101
401 269
523 218
179 483
197 16
489 127
527 332
35 176
230 241
450 70
161 260
9 311
336 515
189 281
338 391
193 495
535 104
399 276
263 39
366 50
13 274
401 521
144 333
454 500
450 95
411 520
129 535
451 255
472 371
6 28
520 62
59 45
278 199
145 315
31 183
86 21
212 480
188 389
147 333
207 304
219 290
411 314
233 411
46 269
311 310
278 314
339 182
155 114
520 91
151 197
228 362
42 413
475 16
28 411
102 322
311 515
311 372
78 521
275 100
61 32
356 328
199 276
197 373
8 387
73 534
502 534
132 108
191 283
191 32
35 241
154 315
181 494
133 1
504 402
374 73
222 47
76 353
399 505
408 102
180 96
100 41
247 106
410 156
372 275
411 159
225 385
191 438
114 155
473 307
13 278
268 411
193 230
383 4
345 19
35 230
348 356
63 411
504 534
163 310
230 509
161 310
167 8
389 520
219 124
414 20
530 457
272 456
538 296
357 204
454 167
505 384
438 396
200 46
417 437
228 351
395 392
147 230
276 182
25 525
513 202
127 311
534 147
342 434
454 384
99 4
104 6
239 144
279 97
494 391
419 35
535 318
34 457
28 69
478 411
299 473
380 284
278 348
521 542
7 245
370 8
361 294
47 333
363 373
373 283
189 263
138 437
241 310
372 535
404 2
184 69
216 197
59 191
28 485
503 532
199 535
199 501
70 138
132 233
454 450
338 352
124 299
480 523
253 451
316 197
365 218
151 521
269 119
455 480
137 224
225 28
148 389
199 262
245 420
538 129
6 181
184 466
145 42
383 516
73 354
474 144
374 288
320 56
299 85
521 18
60 39
401 47
360 36
295 239
303 175
163 451
457 309
414 85
473 42
13 70
60 160
55 499
474 313
255 451
100 419
405 191
8 191
445 394
306 497
266 102
442 42
163 313
23 46
383 8
179 211
15 384
125 535
179 170
176 267
122 200
275 227
86 263
451 504
397 102
225 8
503 9
445 464
239 303
356 408
516 408
423 348
489 310
28 292
263 191
163 1
155 521
263 535
444 21
166 125
299 218
339 125
162 3
383 322
41 489
530 268
147 345
255 9
342 322
408 380
299 404
247 502
400 263
401 46
3 26
259 457
340 220
414 8
122 327
169 60
521 396
454 283
471 296
128 38
168 308
530 520
349 218
47 176
217 365
6 126
296 499
266 321
387 383
317 278
425 263
189 276
197 486
119 283
228 367
44 389
120 33
176 40
521 375
134 189
488 8
221 457
497 326
401 40
3 391
274 279
12 327
308 530
188 39
183 69
232 394
193 333
503 45
497 163
183 290
509 333
488 295
314 164
102 50
151 457
454 401
304 299
47 489
283 197
161 193
296 207
163 147
121 458
516 373
499 26
308 217
440 129
368 99
503 247
269 521
357 8
363 30
373 363
175 147
497 167
485 475
535 161
274 56
523 202
194 177
199 423
159 535
485 28
227 303
56 13
520 26
454 457
199 500
487 375
163 106
396 210
47 495
144 28
484 282
333 86
311 12
199 521
473 513
441 494
62 146
32 460
85 173
504 35
228 303
259 65
414 242
317 156
333 354
1 515
6 199
224 365
333 18
534 175
408 212
164 18
396 240
199 197
407 298
359 391
267 515
280 45
417 8
176 439
319 281
73 402
114 399
521 86
338 26
197 39
442 418
418 408
497 485
151 127
47 119
168 425
521 465
524 315
154 452
244 43
51 64
440 362
344 85
530 149
163 399
197 521
228 35
200 269
364 315
346 290
296 217
127 230
247 147
461 21
537 505
511 299
406 285
405 339
408 523
105 303
338 520
362 485
425 129
156 521
259 125
13 317
35 267
296 413
530 338
180 386
533 299
455 356
534 247
66 389
509 228
454 199
299 366
290 184
100 378
418 262
159 197
104 182
12 67
279 287
521 299
8 535
219 332
16 475
167 125
263 97
253 119
217 288
474 263
542 30
422 307
6 274
389 76
283 97
422 473
454 344
346 52
521 348
336 534
334 346
263 413
286 535
222 419
321 328
197 272
8 263
346 192
193 327
365 262
1 354
252 65
13 400
542 296
18 470
219 480
437 219
521 402
125 183
188 438
228 197
444 274
151 200
240 224
443 183
401 12
230 532
411 497
317 132
393 473
460 32
535 283
190 96
199 346
114 132
151 147
436 258
353 371
215 8
41 18
86 217
13 314
193 520
419 311
389 523
125 371
122 372
495 40
521 427
362 400
423 181
181 38
122 419
252 492
207 98
433 56
532 521
308 59
421 28
197 433
255 311
419 521
521 6
43 219
418 10
469 264
193 296
219 365
278 373
127 401
233 521
124 64
368 214
311 303
504 18
515 333
95 290
345 69
451 46
101 436
396 455
487 95
477 434
437 290
413 64
200 35
234 289
317 193
399 457
116 194
339 362
119 470
456 272
39 43
333 275
15 70
263 368
400 225
225 399
163 280
342 394
199 294
284 380
42 43
401 127
442 293
259 523
43 270
131 530
457 183
266 381
132 56
227 402
392 521
325 170
517 394
303 73
339 520
481 39
513 375
474 225
104 497
239 344
47 419
336 378
303 489
376 28
389 199
239 1
134 344
105 515
401 35
283 228
56 391
373 193
13 521
321 262
372 41
268 520
288 191
299 436
225 457
197 352
515 372
341 520
451 227
189 344
44 521
282 315
168 262
87 345
134 296
419 156
62 8
88 389
413 321
507 76
263 104
306 418
108 270
202 348
534 367
155 32
35 193
168 125
54 418
353 406
60 42
454 355
275 336
46 515
255 495
13 91
495 489
263 19
389 437
439 310
259 333
461 520
306 6
351 535
222 67
193 156
127 260
63 505
376 521
191 467
310 351
207 354
9 230
319 233
290 353
21 299
521 39
7 282
317 385
200 151
163 504
188 399
377 301
161 503
535 28
125 182
455 375
15 10
387 326
442 356
439 230
233 154
264 154
535 276
446 221
296 183
19 354
515 535
306 189
299 321
535 108
278 59
13 97
278 180
66 56
520 155
498 129
495 333
537 69
275 535
18 122
283 355
443 290
316 520
542 129
197 221
225 305
356 213
317 13
294 189
499 38
438 279
227 100
256 62
299 62
396 356
483 130
538 197
163 373
191 338
226 56
239 165
207 220
313 357
389 11
372 367
211 418
219 135
195 354
18 521
454 366
477 317
454 383
122 230
132 125
283 333
425 520
372 339
477 488
372 9
59 488
515 144
15 506
497 467
440 399
473 219
34 104
455 380
423 403
86 233
191 303
480 101
142 66
268 138
158 191
33 501
372 402
334 391
164 197
434 102
516 218
474 278
1 59
345 333
488 521
535 114
419 310
222 495
164 176
523 138
290 208
42 394
207 294
400 437
193 467
299 435
43 321
35 151
506 465
168 28
234 399
338 36
222 122
176 275
63 450
72 342
438 225
71 56
509 200
446 395
513 516
467 1
294 543
521 339
278 357
489 47
438 191
467 122
10 145
451 303
294 207
511 218
535 39
217 1
225 144
509 504
13 374
227 230
193 372
15 513
535 189
497 535
280 207
50 72
477 296
255 345
480 102
454 539
306 160
351 197
73 164
13 43
523 365
317 501
425 411
39 413
310 222
199 189
175 504
465 422
227 217
144 156
317 140
488 97
203 184
529 59
145 180
313 59
509 489
37 209
155 6
454 197
506 214
475 300
1 193
529 32
122 41
422 213
366 408
166 235
147 263
242 159
321 244
290 315
534 503
47 9
411 219
523 487
156 263
96 180
241 521
368 144
468 71
147 503
193 207
418 232
438 217
333 160
167 521
69 290
127 35
211 307
275 207
313 43
163 439
310 263
151 119
35 164
70 413
189 521
105 333
515 147
454 304
125 22
173 220
198 374
383 299
247 495
175 18
389 418
134 224
419 217
317 280
279 19
474 59
419 532
132 34
127 45
8 362
56 444
119 255
268 385
228 283
422 117
399 520
24 420
303 191
333 13
117 154
502 13
193 253
461 32
13 352
344 132
13 211
538 28
326 184
105 73
499 272
189 411
175 327
411 8
91 520
45 317
119 367
244 4
333 28
454 47
100 127
111 466
101 124
296 422
280 1
296 333
126 438
280 295
59 87
299 533
472 282
129 150
225 308
100 367
47 40
415 457
269 419
10 356
160 62
192 117
44 28
467 535
515 97
537 371
296 19
144 389
201 290
278 217
521 303
443 132
466 457
32 167
163 18
256 340
271 259
330 233
242 183
28 514
467 170
36 450
281 294
355 288
247 23
104 399
532 310
239 354
56 466
504 191
146 183
532 127
197 519
387 497
274 520
542 332
188 125
73 41
412 225
8 144
520 126
295 133
385 225
389 25
419 100
304 59
35 175
175 35
497 317
197 395
197 109
357 352
313 191
295 348
211 299
75 270
451 333
373 314
268 383
217 59
85 274
32 199
23 327
478 299
515 362
358 345
104 345
370 28
8 409
88 272
295 156
189 370
199 261
59 521
401 275
163 317
163 275
201 414
419 247
199 406
146 385
227 310
13 458
290 218
199 304
521 461
188 485
391 75
94 71
261 7
108 197
487 478
76 276
485 8
41 532
145 143
541 537
373 357
532 372
516 63
454 418
368 408
365 356
389 163
389 90
368 341
535 264
9 119
288 339
274 351
32 226
509 532
444 184
493 520
530 433
513 384
167 28
100 327
56 339
215 356
509 147
389 233
509 275
127 354
122 534
310 176
317 97
269 502
154 527
18 439
56 263
122 402
521 399
389 224
121 362
241 372
295 535
361 201
323 233
226 339
242 535
389 34
440 140
454 106
233 463
18 495
207 410
440 410
387 21
483 523
191 228
164 263
454 191
268 356
308 461
396 465
160 437
504 147
521 121
164 122
233 330
466 435
13 457
506 232
455 450
345 6
461 239
297 30
521 262
146 520
442 523
275 327
356 473
225 433
170 55
523 70
362 66
240 418
478 533
504 269
345 296
308 538
163 314
339 197
274 317
145 270
147 367
454 317
414 28
9 269
191 243
296 125
535 338
57 264
521 260
135 371
383 130
197 179
35 46
296 526
515 67
345 85
94 273
481 442
294 317
146 438
465 130
515 280
339 521
268 308
73 413
338 116
317 530
489 119
345 520
47 311
365 270
18 40
288 296
188 85
44 188
35 419
442 368
451 489
142 203
311 35
134 28
220 150
56 357
75 404
164 280
351 217
423 483
538 530
198 30
310 401
471 239
530 314
137 70
159 154
102 218
362 288
390 299
283 497
163 336
425 28
450 218
132 438
189 134
230 18
515 217
102 465
69 24
224 240
311 18
46 303
284 299
429 541
268 389
15 102
523 211
225 468
338 56
299 203
299 368
444 85
439 18
313 164
102 397
503 191
383 211
163 288
263 167
93 207
188 497
220 256
8 43
303 457
102 384
443 21
516 57
244 481
194 505
172 425
179 523
289 245
505 386
229 506
534 106
359 225
6 345
73 217
523 455
410 228
73 8
488 467
69 152
69 75
417 540
296 288
254 95
349 438
530 274
156 454
431 356
85 199
253 164
226 263
253 502
14 320
164 402
119 18
508 191
413 473
96 362
219 384
456 446
333 97
411 461
105 230
176 372
227 164
190 464
86 521
154 377
73 470
418 384
411 304
268 370
131 279
274 44
41 40
131 339
389 539
197 479
345 125
304 344
370 387
479 519
521 392
269 327
47 534
95 10
358 474
197 446
267 402
304 485
497 144
220 262
488 263
342 307
322 232
411 149
21 345
193 345
318 198
399 501
193 164
439 534
246 396
333 308
504 127
244 394
275 263
461 132
394 436
163 225
102 408
361 340
43 537
356 505
411 96
304 458
523 299
439 176
338 93
268 183
299 232
311 9
357 279
296 189
356 418
321 533
56 223
199 245
276 86
164 216
193 279
192 38
23 122
304 450
247 534
528 48
13 197
191 362
499 354
473 266
515 45
420 270
199 163
455 473
405 197
8 497
199 290
414 535
225 460
338 354
13 332
272 446
517 190
263 461
268 218
242 85
264 332
22 368
296 513
168 263
338 13
18 247
95 334
188 290
358 225
102 442
374 263
195 475
389 430
472 315
303 119
69 117
523 480
294 197
118 403
161 35
414 346
308 437
505 240
474 454
344 306
6 308
479 320
228 253
361 256
401 73
13 325
304 154
319 389
413 218
21 167
253 35
64 43
467 345
304 32
326 240
324 450
207 471
377 420
236 184
276 28
128 377
411 264
87 193
528 355
504 106
165 332
268 262
299 301
264 38
400 97
125 69
356 185
483 418
230 227
167 226
425 22
193 314
534 73
299 394
242 317
299 408
523 457
515 207
155 454
233 150
461 144
542 157
372 532
450 434
70 299
520 191
460 225
211 137
469 75
521 395
7 406
317 400
276 326
199 319
336 503
336 106
199 531
35 333
173 290
334 404
339 485
61 245
9 336
247 503
308 296
358 191
345 270
241 147
207 199
408 290
202 500
371 518
338 238
161 520
281 32
42 299
319 414
280 497
105 269
443 69
461 304
284 418
414 197
295 97
473 413
299 541
490 117
147 40
434 356
389 514
474 198
239 316
69 403
372 534
503 345
357 438
207 134
275 241
502 73
535 355
163 354
96 521
21 326
521 197
535 95
275 164
515 151
495 46
521 410
98 443
263 226
310 247
308 191
344 520
164 230
387 217
401 151
303 532
46 495
408 10
197 178
530 143
495 73
451 119
333 497
455 348
197 55
223 521
191 19
276 520
15 116
395 517
506 332
296 140
132 520
480 386
326 138
122 18
215 262
503 230
279 239
473 210
313 354
377 154
411 485
467 474
225 31
438 263
521 185
125 173
101 343
276 217
101 244
86 520
121 345
520 144
497 521
277 355
410 216
13 129
440 28
450 240
225 302
227 260
3 332
481 394
211 408
219 194
357 210
373 278
334 75
203 435
147 439
308 138
362 283
515 345
98 62
299 154
150 319
274 263
114 344
472 154
454 45
299 396
161 67
276 411
351 457
9 176
310 402
233 535
287 278
201 62
389 65
308 384
151 263
288 228
422 408
226 32
234 146
383 210
389 492
298 407
46 351
462 129
51 403
125 80
70 483
463 125
538 511
450 290
86 333
271 341
225 114
496 373
103 353
520 433
102 321
201 423
326 239
411 530
359 521
236 75
94 223
146 294
163 253
417 62
16 485
80 125
75 245
163 454
200 489
317 354
220 414
163 277
194 413
523 386
274 358
165 290
197 363
274 400
488 535
419 316
411 131
439 164
13 156
515 46
523 95
195 270
179 224
401 147
146 263
86 8
521 332
261 346
304 8
418 69
274 354
321 10
217 317
414 233
467 491
279 438
515 275
225 444
365 231
105 275
523 431
256 414
199 454
169 418
497 520
146 317
219 328
32 454
338 505
324 434
523 423
410 503
521 32
400 373
8 418
44 443
454 15
228 147
299 348
130 483
497 458
144 182
440 8
119 504
399 28
443 148
304 399
41 402
175 401
472 103
161 73
542 457
305 180
355 389
225 56
499 210
490 403
349 203
163 400
389 102
423 38
419 389
263 326
227 207
199 61
138 262
301 154
18 269
344 239
342 262
516 434
159 528
524 154
389 168
295 399
247 9
78 290
517 499
56 69
188 167
200 100
59 357
144 239
164 534
534 263
294 129
266 435
502 303
467 191
521 439
22 183
247 439
290 484
217 283
513 533
399 146
408 324
175 275
47 241
233 340
535 256
230 41
393 537
86 341
200 502
304 76
119 147
279 59
47 451
443 145
419 45
197 195
173 514
122 207
41 46
315 184
61 225
469 437
471 216
46 12
59 108
520 168
380 328
247 47
326 454
316 45
245 64
142 455
442 43
451 515
527 391
168 129
193 373
495 222
405 521
380 95
176 521
70 325
454 278
497 505
513 43
32 514
183 217
326 62
339 411
278 389
144 304
357 56
197 13
241 176
86 66
321 487
159 521
275 197
232 408
209 403
159 263
69 103
150 340
497 104
91 352
420 490
314 317
227 439
385 148
413 284
502 439
365 394
119 9
353 484
201 154
164 303
307 473
313 296
280 400
290 346
247 333
117 518
225 471
392 389
393 321
299 455
459 125
418 95
132 142
8 132
465 138
533 437
516 70
521 296
217 497
207 467
65 259
523 42
216 191
509 303
211 55
155 182
473 138
342 218
394 522
495 176
372 47
316 354
32 216
147 106
45 239
411 206
406 315
127 47
255 35
418 266
414 62
228 495
62 340
520 56
351 156
75 128
230 502
95 211
35 119
400 418
404 69
304 56
333 418
222 35
502 41
168 182
9 401
384 437
188 114
375 95
147 374
156 1
156 495
468 479
538 137
425 422
425 233
73 122
413 211
299 437
28 521
134 197
59 295
296 99
505 219
344 114
211 391
134 199
108 34
467 280
478 487
100 495
333 316
497 308
334 184
198 263
117 391
375 371
344 144
119 269
304 339
535 302
389 398
132 389
1 97
523 284
121 197
124 541
317 279
159 85
175 311
435 371
11 418
310 70
56 226
489 419
269 509
239 159
380 69
501 216
383 218
534 122
523 429
86 268
521 358
57 262
430 262
225 294
150 28
425 368
480 437
32 438
27 245
357 399
15 403
477 125
70 290
37 485
303 253
156 355
427 521
207 33
263 276
389 309
365 454
372 354
479 433
163 204
503 278
520 457
160 541
365 403
163 278
542 297
223 485
229 15
197 196
414 485
211 533
160 233
443 191
326 8
229 516
198 389
268 292
239 133
120 125
197 354
274 6
263 259
44 274
336 402
46 336
340 62
163 217
399 62
73 144
179 219
311 532
362 399
317 399
454 262
523 266
197 3
419 269
454 276
299 384
263 105
256 535
467 258
530 191
276 6
454 308
13 239
222 12
28 233
540 28
538 8
355 96
189 182
191 458
63 346
184 435
278 358
454 411
296 14
96 8
506 425
42 533
299 307
230 253
304 189
224 418
422 183
75 371
497 339
503 400
163 255
19 317
163 318
365 435
430 394
167 225
69 332
9 372
505 204
192 403
8 204
228 200
8 288
194 437
379 112
277 278
523 342
345 225
362 333
268 197
535 372
299 398
167 32
76 263
444 34
259 296
145 375
454 299
498 457
160 520
122 457
454 76
200 419
503 161
230 228
477 224
275 504
121 263
355 19
13 283
66 216
57 96
515 354
219 404
317 131
420 48
217 191
264 403
267 253
326 129
46 176
125 242
268 387
228 333
219 343
450 356
423 473
134 173
310 253
156 19
490 332
66 129
133 313
338 225
501 520
41 67
534 12
193 70
175 263
521 304
338 485
503 280
523 380
313 474
261 290
299 15
239 134
516 194
480 262
535 275
388 262
408 15
343 15
75 69
171 531
180 190
497 8
534 18
503 327
489 253
372 263
489 515
145 102
410 34
278 263
145 437
138 145
505 423
523 483
336 310
207 120
1 121
96 30
368 541
84 70
373 66
176 253
399 234
127 367
423 321
142 218
160 296
513 138
304 45
471 278
310 127
133 59
168 296
313 303
43 422
313 207
199 312
479 403
207 225
346 404
351 121
530 178
160 341
131 485
193 87
179 328
76 472
13 189
102 224
144 290
365 411
197 249
497 362
462 233
88 3
433 457
199 234
439 367
511 326
383 165
20 220
532 35
145 232
200 67
162 392
225 414
22 333
197 475
411 268
532 46
230 43
427 383
285 261
247 228
80 66
516 411
521 520
516 138
301 24
515 269
108 263
225 281
313 358
484 152
333 247
197 57
164 345
163 189
504 532
163 503
292 345
85 520
100 18
70 130
163 161
519 56
1 313
197 389
224 262
423 505
280 283
222 311
357 530
389 382
233 31
433 191
454 8
242 195
304 263
144 376
283 354
114 199
321 43
193 535
454 465
501 28
220 20
545 488
515 70
371 219
304 6
515 303
444 69
63 437
161 127
225 279
473 483
48 154
253 333
303 9
199 520
530 154
232 30
275 495
54 197
411 375
219 179
338 38
463 90
47 457
302 399
433 225
313 399
114 217
411 234
276 454
146 150
347 371
515 503
451 253
445 30
13 1
410 374
279 39
1 217
294 497
374 357
9 532
280 521
344 279
6 344
535 44
125 90
233 389
18 303
310 35
345 191
414 225
220 233
126 389
168 339
86 17
176 18
339 438
56 404
122 47
108 279
313 274
241 470
286 207
305 400
136 170
294 535
200 470
59 362
409 511
261 472
46 241
422 270
345 521
8 218
132 345
73 59
443 239
215 538
134 308
35 367
134 299
59 195
467 391
191 497
323 369
304 52
222 451
373 521
390 389
45 156
21 535
219 413
341 22
217 413
351 147
479 38
191 461
521 336
389 521
262 143
207 6
495 503
513 386
442 99
368 442
515 358
41 47
168 520
521 308
375 391
439 147
326 511
521 491
168 259
154 332
125 341
501 411
28 217
454 32
57 30
193 534
419 133
146 62
521 114
497 217
454 343
357 320
454 205
108 521
155 188
400 8
383 365
207 8
176 400
120 154
432 516
535 405
311 222
410 280
145 523
537 102
114 444
413 423
372 419
303 534
288 400
154 113
345 182
56 536
225 400
306 386
521 141
207 122
399 104
131 521
357 374
299 102
65 252
360 109
59 333
497 348
146 242
268 274
146 155
228 275
225 346
425 505
159 39
56 411
502 372
493 475
193 280
163 405
264 290
127 67
253 267
346 152
56 490
308 144
319 225
326 232
199 62
225 357
41 122
457 233
163 122
27 262
542 233
193 413
503 34
180 505
266 457
163 230
489 534
233 181
193 471
104 376
176 504
56 164
308 169
41 311
473 60
269 176
263 296
75 518
137 383
86 36
440 425
340 505
268 146
304 535
219 99
408 413
240 210
478 423
199 472
456 325
28 166
431 284
395 499
389 104
56 217
122 504
47 227
30 386
509 345
443 197
234 199
523 116
340 20
121 374
120 28
408 250
12 46
215 28
365 263
255 288
225 362
400 193
173 345
299 383
454 87
189 225
73 374
322 299
431 542
215 437
122 191
456 196
374 521
338 157
200 336
73 504
104 263
521 83
358 457
425 36
98 437
417 197
299 124
225 104
61 52
368 233
344 276
16 109
344 370
387 263
523 398
317 21
144 76
255 532
459 492
6 276
299 231
299 60
388 185
355 333
191 391
523 10
276 93
374 191
523 334
56 47
195 412
13 288
201 150
389 330
1 263
274 133
304 216
315 346
509 336
176 336
414 199
444 159
201 319
117 334
263 60
126 290
6 225
304 134
464 30
75 435
72 473
362 454
104 317
391 128
232 229
401 515
423 102
520 466
534 9
197 517
506 290
495 100
362 497
299 4
115 437
405 535
504 40
275 147
317 8
276 345
311 41
444 188
199 344
18 311
296 160
310 40
201 389
344 308
333 35
306 521
105 336
253 310
296 170
134 339
326 194
542 316
76 315
163 207
225 263
12 470
266 270
125 339
362 239
202 356
303 400
375 437
197 496
119 419
27 69
30 445
523 408
18 35
365 229
119 127
176 193
18 534
390 454
108 454
155 345
207 278
201 315
9 310
413 533
233 490
488 280
530 521
414 207
454 288
181 403
14 362
299 380
127 191
530 485
419 402
296 28
70 207
478 192
317 206
268 535
355 287
535 296
480 356
134 276
372 267
13 45
523 324
425 259
163 23
41 372
450 516
425 144
376 181
133 333
274 344
326 132
371 293
226 167
419 239
146 86
230 495
359 216
277 190
334 95
269 200
535 154
296 275
455 219
275 161
485 167
454 354
147 269
134 168
197 426
534 310
365 513
23 336
176 401
9 345
147 197
70 145
229 262
509 105
15 343
299 478
421 36
400 129
105 263
467 59
521 413
225 150
193 295
121 56
122 310
200 534
509 311
104 28
85 225
534 470
456 190
304 454
523 262
3 270
13 373
362 348
418 240
455 210
451 534
56 514
161 515
521 73
9 127
122 119
341 368
164 458
425 104
70 227
269 275
339 32
133 56
396 422
521 504
132 454
333 227
70 480
7 261
499 244
387 521
451 419
217 370
362 263
101 130
481 403
455 386
389 132
267 311
487 505
514 290
94 468
515 47
334 435
334 332
179 95
95 262
146 389
442 39
146 39
201 95
535 400
63 365
535 146
534 495
484 290
124 15
156 474
345 538
275 247
503 40
253 228
333 22
349 290
523 430
230 310
511 322
179 356
356 480
339 189
18 333
10 231
208 202
497 10
121 488
433 28
1 467
13 121
46 41
399 535
317 183
389 225
199 254
278 96
222 40
85 404
362 530
530 444
115 102
535 319
499 332
461 521
191 21
134 497
455 70
506 523
400 357
230 333
435 329
532 311
173 20
277 96
18 419
483 480
300 485
191 400
263 354
242 234
9 105
230 402
85 317
401 255
427 299
523 434
419 287
163 392
303 372
384 435
520 278
188 521
535 443
21 225
6 326
499 214
114 281
355 198
13 144
520 160
463 28
276 239
15 396
37 433
336 12
473 75
535 173
43 328
520 535
168 86
267 47
503 275
199 7
454 156
535 32
401 402
438 411
95 541
277 197
219 386
535 471
155 28
104 520
277 400
418 43
363 187
516 96
455 211
225 6
351 279
299 322
135 169
227 470
191 13
438 344
319 294
530 21
104 189
237 361
344 339
467 272
287 274
275 230
542 191
101 371
44 520
207 423
511 207
215 345
444 44
230 515
425 545
233 20
491 535
152 472
191 263
144 45
408 457
451 260
57 64
365 523
288 497
467 228
176 310
275 200
408 335
161 34
12 489
375 386
345 280
119 260
12 147
442 284
389 537
191 326
404 403
61 205
530 345
59 19
276 197
133 239
256 197
127 176
151 402
539 371
529 195
351 228
473 290
228 504
13 199
101 72
13 485
471 45
147 327
99 394
326 102
276 134
47 267
365 499
520 32
471 389
454 184
300 38
357 59
506 413
264 64
443 279
454 43
488 197
227 495
76 290
503 401
506 154
418 224
221 88
253 495
362 521
439 532
176 119
400 333
344 8
181 490
375 455
419 327
346 7
317 497
37 357
310 303
542 464
6 144
175 310
84 425
515 389
267 310
443 389
401 67
31 466
521 87
33 454
114 389
471 197
460 52
85 281
20 197
502 147
256 173
320 243
163 521
359 270
455 224
515 520
222 200
279 217
467 520
211 170
317 362
207 515
400 521
195 403
401 164
311 247
284 533
304 274
274 503
266 64
529 263
167 389
319 85
372 35
316 287
131 299
273 403
88 109
483 386
534 253
535 36
443 535
24 192
311 267
34 389
326 308
28 263
373 399
133 358
127 200
469 522
280 313
163 296
217 279
490 466
188 199
316 144
132 31
371 69
13 440
211 190
9 197
127 207
413 356
280 339
520 345
47 504
339 104
222 504
412 535
154 453
56 538
144 530
326 215
501 497
414 521
122 40
410 279
86 389
163 156
303 502
344 95
535 361
542 141
1 521
389 250
399 87
195 183
176 164
197 30
357 66
225 85
317 450
433 454
303 275
411 387
200 311
188 262
515 106
277 532
225 454
183 233
121 19
70 403
495 228
464 441
520 333
70 506
404 334
295 471
100 336
334 117
502 247
317 146
144 362
219 63
202 513
295 520
372 336
241 12
134 535
338 102
372 23
151 35
398 384
485 404
535 38
373 96
76 482
191 542
410 133
268 437
365 533
191 225
188 6
193 278
13 515
125 191
304 106
474 228
310 207
57 270
383 346
356 290
392 197
9 164
20 414
295 313
9 333
1 175
106 191
220 62
26 270
326 538
283 454
477 99
268 511
125 536
521 38
414 340
70 262
226 529
264 377
219 15
278 70
410 13
102 450
147 515
192 185
520 392
22 339
278 207
119 401
474 345
535 229
350 148
396 218
504 336
506 324
125 254
225 344
125 166
444 132
520 193
225 163
521 403
70 137
216 129
394 325
102 324
357 535
22 125
268 10
66 292
515 225
168 521
393 365
108 69
271 102
461 308
539 347
91 13
495 367
488 193
108 184
156 333
150 20
216 199
435 270
419 230
201 129
442 481
346 524
506 102
389 541
62 314
200 105
495 9
37 362
413 394
239 474
217 43
515 451
506 250
299 429
434 15
133 410
375 70
400 497
274 461
352 530
13 198
221 456
138 375
151 230
33 234
454 385
14 530
72 442
380 179
69 236
275 35
44 197
483 211
311 200
130 84
127 372
31 80
288 357
268 417
73 303
484 346
342 15
454 217
535 210
207 197
241 495
530 497
41 260
96 440
280 503
95 396
534 35
418 70
326 387
537 365
336 119
434 506
217 144
521 495
408 437
521 180
389 477
263 438
503 122
495 504
224 331
1 351
100 151
501 262
408 214
275 46
47 147
333 535
105 100
319 201
191 121
365 541
145 356
278 313
219 478
211 270
389 462
233 507
518 154
538 109
199 315
425 34
191 508
333 303
495 311
495 247
383 60
520 344
365 224
326 331
515 296
131 317
534 228
193 59
345 308
303 200
255 127
478 321
10 537
180 516
256 69
223 270
438 296
333 274
23 521
521 188
356 394
534 489
488 144
425 454
451 161
389 425
440 373
164 73
132 191
473 99
225 528
520 167
276 62
189 304
70 328
197 158
6 132
521 372
120 146
535 359
345 438
105 378
253 263
219 138
32 317
184 75
326 32
44 132
389 276
425 172
156 471
233 125
394 170
387 389
72 224
535 354
268 21
430 299
142 181
165 64
164 227
520 354
515 339
443 34
188 155
147 41
86 159
28 85
497 438
410 263
22 263
227 367
279 339
218 465
222 164
75 334
385 146
493 191
220 411
120 256
439 105
146 159
56 535
9 303
102 368
22 259
18 275
520 497
122 502
100 534
474 497
371 38
516 480
485 216
538 191
333 106
542 17
184 290
535 345
188 302
383 244
164 336
147 164
159 242
279 362
375 138
200 193
454 21
13 133
266 262
345 316
230 503
321 299
22 421
305 440
216 467
344 521
451 18
489 372
336 532
241 419
102 342
105 310
35 200
495 191
111 371
105 402
320 357
222 470
224 408
15 371
387 274
119 228
509 419
263 21
133 316
520 66
9 46
529 149
317 314
221 325
163 389
413 4
303 367
165 435
326 225
117 69
163 419
241 73
279 528
255 402
197 436
523 124
389 28
225 201
515 267
400 488
399 438
533 95
450 437
333 9
37 223
230 277
13 277
521 10
132 114
399 85
47 400
56 8
101 42
313 351
296 210
21 28
356 299
408 321
487 328
333 341
167 535
189 85
535 344
535 167
73 489
185 403
535 385
8 183
85 256
529 535
56 290
211 42
193 119
43 42
189 333
421 339
164 372
244 499
175 521
8 207
12 311
352 521
401 267
516 179
372 127
279 348
303 46
99 380
41 502
521 316
410 339
193 521
233 160
375 418
405 239
535 13
236 69
303 41
520 197
488 545
515 295
523 533
39 284
207 155
408 365
438 199
521 189
296 314
41 230
263 333
523 335
69 154
9 515
193 317
228 269
474 97
342 442
46 509
200 521
241 535
274 191
396 450
127 34
156 13
540 292
172 450
191 217
535 87
535 423
147 253
523 143
159 389
159 56
164 535
418 321
125 497
229 408
28 444
279 188
401 372
359 467
359 491
313 73
59 34
163 96
313 314
43 371
383 219
188 279
342 84
80 225
163 87
336 122
439 521
269 122
269 230
521 317
358 156
410 287
18 105
241 197
57 464
255 534
161 176
336 253
114 44
296 97
12 419
180 262
296 471
345 278
392 272
23 263
278 225
326 521
535 225
457 400
70 310
497 283
96 299
303 176
520 170
233 414
532 333
9 175
483 513
234 149
9 495
59 226
255 327
217 296
339 97
8 348
162 170
161 279
19 59
530 13
344 21
530 38
345 199
43 348
514 135
467 354
311 147
530 56
261 69
489 227
274 217
102 145
276 418
473 154
225 373
161 239
423 218
471 535
535 185
383 262
193 197
308 345
66 409
230 105
102 356
503 43
239 45
87 357
108 149
70 122
454 523
164 222
70 246
219 154
31 339
533 393
224 214
22 418
145 299
223 185
219 427
100 535
268 375
193 204
473 202
342 506
275 451
535 150
515 161
128 117
215 138
304 245
339 188
127 253
412 389
173 69
145 96
193 515
418 284
489 260
179 480
69 184
308 514
229 116
431 507
217 87
145 219
259 233
326 529
34 333
154 117
408 442
247 164
319 197
150 197
32 86
73 47
357 345
100 515
505 224
133 351
160 95
169 102
345 351
401 105
122 222
465 262
263 287
8 345
227 451
87 521
73 207
274 316
266 42
189 104
294 155
411 299
259 521
511 411
521 263
282 346
425 277
399 411
317 188
458 521
541 437
95 365
119 327
306 344
535 217
443 444
342 473
365 423
389 342
313 97
197 71
192 494
361 480
365 348
535 156
489 303
201 500
95 450
303 23
515 175
8 538
176 151
276 144
275 532
280 279
127 327
56 296
18 127
361 173
389 81
279 535
8 383
537 403
392 162
239 313
280 156
533 219
296 22
104 387
278 193
70 440
410 362
531 171
503 193
102 480
212 450
261 52
521 515
389 431
365 219
155 225
32 345
399 317
311 402
473 334
197 360
484 334
241 275
163 401
22 457
326 144
504 439
344 189
219 418
400 280
425 199
219 293
418 356
28 167
147 228
317 296
230 164
12 127
119 451
102 335
284 365
530 226
197 143
199 340
22 271
310 333
408 539
444 199
154 51
239 296
502 105
150 256
341 259
465 437
299 381
127 222
400 274
500 27
310 275
146 28
233 201
495 12
121 106
485 223
368 505
59 144
160 389
228 18
59 438
299 225
227 521
465 450
147 470
139 245
383 413
230 127
35 310
224 145
411 521
521 387
408 506
317 197
306 225
326 197
191 352
131 383
341 233
450 30
302 520
145 218
163 470
56 320
372 45
326 116
413 437
133 263
411 56
184 403
520 207
338 325
253 200
401 41
497 314
294 20
217 278
425 506
168 239
250 224
133 197
256 85
197 211
219 434
159 144
469 435
219 394
225 543
151 275
165 38
440 66
454 375
345 39
396 102
444 339
208 394
353 103
342 38
467 488
108 385
175 127
144 159
42 383
173 85
121 144
530 461
368 520
272 473
489 9
389 29
323 80
35 327
225 59
383 284
225 491
73 239
215 240
538 519
296 374
133 280
356 413
114 225
502 521
46 67
503 207
202 505
50 391
165 181
114 438
264 69
502 239
41 255
189 217
534 255
435 522
132 462
240 70
375 381
520 425
478 473
154 435
483 442
13 530
96 197
73 12
133 295
443 520
73 100
156 295
311 489
31 520
241 41
8 216
373 13
467 497
199 171
509 310
275 515
120 317
18 503
355 197
317 182
357 391
39 394
338 209
175 345
351 333
207 344
191 304
147 73
105 351
495 161
411 317
207 322
456 389
420 315
503 197
69 420
338 332
473 403
384 290
333 374
351 275
411 279
521 21
99 259
344 39
280 296
147 18
73 275
521 134
145 30
474 358
451 73
451 67
434 262
56 496
454 306
224 383
142 389
411 345
480 39
515 255
466 184
13 535
480 396
86 497
228 106
284 437
489 12
70 380
389 22
159 239
317 387
18 504
190 332
485 32
389 5
18 515
208 356
400 138
419 471
520 59
316 133
13 273
419 263
535 184
503 70
521 182
207 538
471 410
422 4
280 355
100 73
219 393
197 243
46 122
372 105
151 18
13 538
145 473
344 497
540 197
444 521
411 59
207 399
95 64
195 391
351 515
344 62
267 275
372 207
419 355
302 216
225 217
84 506
197 88
32 485
233 425
530 94
401 228
326 217
487 521
296 144
368 125
503 106
411 125
394 457
277 79
418 214
151 495
199 329
372 345
219 321
225 438
313 34
310 41
521 365
295 339
155 233
465 533
85 294
385 350
155 104
515 176
521 534
241 100
15 262
214 356
411 290
308 480
57 74
503 267
537 356
295 351
411 365
247 193
480 466
255 46
263 275
317 45
161 470
521 222
345 405
219 437
365 483
47 470
461 217
144 365
357 400
100 197
390 375
151 310
75 377
184 236
119 495
356 70
503 489
21 308
60 466
503 119
203 69
299 117
523 331
313 278
191 148
389 111
183 345
542 36
274 278
42 473
80 457
314 263
42 523
41 521
474 520
467 144
273 270
523 250
215 490
160 304
233 418
324 437
199 361
218 505
125 507
189 485
346 356
296 259
155 207
131 308
299 224
66 418
119 520
46 470
520 21
80 90
87 474
87 362
534 401
383 102
521 126
484 315
535 125
408 371
340 205
468 13
94 14
176 502
483 533
225 132
299 466
299 539
451 35
521 19
155 276
432 96
193 73
413 380
197 26
442 517
283 198
365 371
318 197
410 198
499 520
267 35
71 519
86 308
520 143
218 349
405 333
376 183
413 246
95 505
9 247
277 425
461 535
85 104
495 122
239 108
200 47
161 521
127 119
294 201
268 86
41 127
225 155
389 397
193 362
133 193
370 521
389 434
244 321
242 314
383 338
330 199
491 538
146 535
413 43
193 400
119 193
158 39
310 534
6 497
156 515
199 104
53 403
62 299
156 351
411 239
225 501
362 352
283 96
487 43
485 104
256 389
389 333
197 162
454 433
282 7
147 122
288 454
368 465
41 161
288 217
350 257
497 276
521 175
404 290
497 207
425 440
242 188
345 173
202 266
495 47
538 13
465 356
191 86
380 455
247 374
132 444
284 321
390 290
390 383
229 299
520 304
1 280
211 380
70 471
454 224
183 339
160 497
269 372
295 488
226 8
76 507
259 36
191 296
18 164
339 86
534 457
361 85
530 359
300 475
276 8
282 472
345 400
73 267
499 473
333 168
501 225
268 314
222 275
333 526
242 34
495 253
225 304
220 129
345 8
411 39
346 406
73 311
454 520
142 132
146 427
70 396
141 480
480 413
292 28
356 384
521 374
326 125
163 47
230 35
357 93
388 516
411 257
56 438
268 299
28 540
345 354
496 56
326 443
41 327
279 333
122 247
503 199
15 541
234 381
193 239
410 144
504 311
362 359
420 154
477 450
278 156
399 217
241 200
269 267
284 39
64 518
125 20
304 225
20 225
389 411
188 59
521 480
408 533
254 125
487 523
147 372
475 485
406 69
207 364
467 133
296 8
10 299
533 321
160 500
467 83
146 189
179 423
451 40
535 488
506 212
389 183
313 280
274 521
247 303
299 250
262 43
336 147
535 85
284 371
356 284
207 121
535 299
185 192
98 69
477 80
57 381
197 362
217 357
134 521
515 502
120 521
333 279
344 104
199 487
183 199
86 535
397 299
227 515
373 109
279 21
454 535
28 144
333 339
504 489
285 7
488 355
1 333
141 129
141 199
508 457
441 185
495 207
225 317
515 193
33 399
151 204
450 24
199 205
268 8
232 63
253 419
368 418
147 504
474 287
127 470
529 339
299 331
73 310
317 304
268 125
193 399
399 125
211 381
70 211
294 389
230 193
361 141
483 102
189 270
219 95
202 27
189 184
189 204
142 6
8 389
419 191
230 122
339 274
46 419
200 303
366 210
181 435
521 91
75 24
315 48
467 156
502 288
131 191
299 497
219 450
516 366
357 109
18 175
472 329
513 244
296 352
230 303
411 263
520 296
15 383
361 20
133 399
70 334
368 28
321 39
495 255
454 85
410 471
503 239
400 339
376 104
340 225
215 268
299 334
6 263
277 57
491 521
425 84
316 279
179 299
521 102
495 197
159 108
400 411
145 63
127 151
263 497
521 443
144 348
411 215
144 191
515 40
250 523
46 372
489 222
259 466
488 513
306 457
20 345
410 45
365 380
399 13
70 284
336 509
217 28
278 45
274 188
454 33
412 170
520 38
151 504
228 345
41 9
513 266
191 433
32 346
34 125
63 154
521 55
148 385
198 279
506 72
443 217
233 225
455 523
7 472
400 399
521 13
239 405
423 334
503 260
45 345
401 327
372 164
516 383
222 241
472 48
440 197
230 161
408 99
268 96
503 255
319 220
521 125
483 154
425 341
406 329
287 279
385 389
502 269
439 333
454 70
193 216
247 127
86 141
69 524
230 401
461 191
85 242
523 506
217 362
510 154
472 353
188 56
361 389
303 127
31 182
443 314
542 259
463 31
163 287
384 473
497 225
150 521
497 32
161 532
41 253
10 423
9 40
317 144
339 345
128 371
159 34
442 473
59 21
73 230
41 267
414 317
154 75
228 534
336 269
255 241
280 535
535 216
473 244
454 132
255 303
399 279
30 418
263 389
357 389
290 26
333 283
392 345
23 333
295 193
516 326
357 354
189 6
304 528
362 87
454 425
8 217
425 465
1 287
380 365
521 45
59 520
478 219
62 437
504 378
217 454
365 375
418 383
387 438
521 322
161 401
161 535
497 281
317 345
13 345
408 307
220 340
163 378
410 274
515 18
224 15
205 394
451 439
197 137
122 241
319 361
338 523
389 450
95 487
534 509
230 73
389 181
317 274
1 156
119 35
296 191
343 262
521 455
480 138
446 66
380 473
365 450
414 144
434 437
132 144
222 41
340 497
330 225
425 197
215 82
532 504
19 355
414 345
200 313
278 144
303 247
296 520
13 300
144 461
299 240
161 230
146 207
191 488
275 311
268 400
505 418
530 365
217 132
422 309
467 521
375 218
413 116
35 253
255 333
150 32
18 176
100 504
211 480
495 372
523 478
207 240
219 455
520 225
181 270
191 274
159 199
376 144
133 287
18 227
278 400
375 348
146 56
105 151
225 20
491 225
13 193
21 304
154 518
47 41
163 489
46 367
102 101
269 228
103 403
303 18
168 22
190 290
9 255
502 419
317 454
220 28
418 380
419 193
537 42
47 401
408 343
425 418
75 154
13 389
28 457
521 503
516 338
532 253
488 400
56 154
345 535
271 214
19 313
516 240
454 463
8 530
389 54
480 516
373 400
173 361
225 340
229 411
296 341
215 400
14 479
266 210
345 56
535 340
57 205
340 85
365 299
34 184
425 514
148 350
540 62
277 289
225 330
63 290
34 32
502 228
144 163
215 207
389 490
351 389
278 280
431 299
73 197
219 383
515 230
176 100
85 188
241 119
455 483
418 423
299 184
6 216
530 109
463 80
268 240
275 151
13 348
535 279
14 3
314 146
1 535
383 290
296 399
389 92
163 263
163 316
278 283
535 333
21 217
199 233
245 75
57 38
63 10
225 467
356 523
85 44
443 144
300 403
333 193
127 509
530 296
534 333
72 523
101 539
191 359
410 207
223 191
263 144
338 359
218 8
502 164
454 478
233 262
114 317
189 326
277 70
308 69
204 386
408 393
15 250
32 326
86 125
523 210
535 313
155 505
43 95
15 454
314 387
191 354
101 342
198 440
221 216
121 1
70 523
333 189
207 277
474 355
438 521
489 351
419 351
86 387
217 263
32 6
389 498
380 356
396 224
59 197
278 355
480 212
454 62
59 279
513 365
521 253
147 100
13 502
138 386
439 46
408 331
56 37
279 184
233 69
237 542
268 317
372 200
13 170
350 385
296 214
346 420
454 374
188 104
96 43
279 263
47 402
287 133
176 41
535 373
200 227
28 191
228 278
8 365
387 199
521 341
199 447
504 253
191 308
266 272
306 86
336 105
9 502
142 69
504 503
380 533
506 537
73 509
488 389
190 517
274 85
477 183
295 87
527 64
278 56
184 490
258 467
310 100
278 339
33 120
163 274
41 35
454 461
175 515
47 247
63 232
225 497
401 9
454 389
161 451
411 476
188 345
517 321
193 147
263 365
163 247
30 96
163 197
200 147
207 296
284 386
355 217
59 188
411 381
161 267
199 32
389 298
39 130
530 195
163 471
9 504
356 116
227 535
423 418
95 383
505 339
401 504
373 305
341 168
454 530
46 227
56 381
221 520
278 295
372 504
245 391
405 458
515 521
409 207
223 26
18 253
9 18
159 183
417 345
191 106
241 230
326 409
358 239
355 279
444 114
225 183
542 538
102 212
230 269
188 197
411 44
414 264
227 255
419 504
411 390
399 133
515 489
27 500
357 403
278 503
26 290
535 294
523 325
481 473
501 521
389 169
408 541
274 339
159 189
306 450
433 411
338 403
433 183
342 437
467 410
313 410
317 66
482 76
506 116
414 361
15 224
18 46
287 263
193 1
537 404
56 519
375 487
521 538
91 389
363 57
288 362
191 389
56 148
266 418
443 44
119 267
418 413
480 365
450 321
454 443
142 349
197 174
233 129
132 317
269 439
515 419
159 443
41 151
13 318
78 4
308 214
396 365
276 389
46 40
167 438
275 105
263 357
339 34
467 457
336 367
304 520
414 201
515 241
253 191
225 34
114 216
443 149
46 327
296 13
336 144
163 327
119 502
515 401
530 14
280 357
334 69
401 333
419 228
503 467
147 534
46 100
122 311
144 384
219 408
326 262
358 521
336 200
102 539
317 333
56 503
137 505
155 62
339 400
504 122
164 295
294 361
440 497
333 56
422 465
406 346
35 255
114 85
18 310
521 137
95 394
95 437
294 233
163 121
412 521
383 505
455 143
163 532
506 423
70 410
313 497
373 119
523 465
415 109
313 413
502 122
100 105
240 99
241 504
502 176
442 214
267 200
506 43
455 240
13 354
46 164
225 141
263 356
360 389
95 457
423 371
241 127
343 408
160 457
28 290
46 253
411 389
410 345
294 220
535 93
396 386
134 6
420 377
125 525
299 375
365 246
9 151
199 182
145 334
73 367
325 394
201 361
296 157
528 69
228 313
59 355
56 107
80 129
356 437
521 426
280 354
290 371
474 316
296 530
46 333
162 446
311 327
418 505
176 241
225 43
336 372
127 41
189 191
515 199
494 181
266 39
451 367
245 51
346 484
504 401
234 104
6 197
20 256
467 515
225 109
383 70
389 466
393 43
100 147
333 425
439 267
15 480
234 314
28 197
145 64
389 408
104 521
130 396
461 197
148 443
28 225
311 470
488 134
183 389
394 299
345 511
122 9
56 508
542 144
419 119
414 125
444 189
400 199
164 207
198 497
411 165
530 535
253 402
503 372
95 4
102 396
502 311
62 399
539 181
512 391
31 462
299 10
389 56
59 133
73 9
528 353
394 211
127 164
398 224
241 247
70 193
315 282
356 533
339 21
199 155
521 131
326 317
299 36
122 260
200 161
144 488
389 356
163 269
239 490
33 154
35 105
199 225
144 59
530 197
42 408
393 381
535 263
380 321
503 336
220 535
430 72
119 180
356 95
33 189
455 4
521 8
193 46
268 191
242 125
365 437
513 455
305 373
310 255
413 262
176 228
499 521
474 295
167 339
275 127
76 304
496 320
469 154
467 217
183 361
281 146
21 274
175 336
200 253
184 154
419 535
506 434
284 43
320 270
296 102
276 155
19 345
343 523
156 358
296 542
253 147
387 535
454 202
467 351
530 59
162 210
253 327
345 239
284 394
268 28
516 202
239 529
454 326
219 284
495 67
73 333
408 84
225 389
310 267
425 271
254 473
144 32
425 225
305 283
488 351
35 247
521 362
454 370
138 64
326 338
73 200
6 535
173 411
201 281
138 473
176 255
155 129
127 193
530 131
227 9
105 35
255 275
175 200
46 260
56 371
503 216
425 262
515 8
454 198
229 232
127 451
521 159
372 241
535 20
154 522
413 328
338 437
311 521
224 450
365 250
308 389
467 106
455 371
304 217
159 104
473 64
521 241
529 270
239 326
455 322
46 151
108 144
151 311
339 461
35 147
25 490
454 163
521 36
227 532
521 378
193 348
15 229
159 383
145 59
493 16
338 115
537 10
119 100
70 244
341 36
535 445
333 355
228 56
363 486
391 192
442 380
302 69
189 520
125 220
72 214
523 72
236 334
515 279
442 321
497 423
357 454
56 159
520 217
514 376
144 339
537 135
440 96
21 461
504 451
219 232
495 451
56 529
454 497
440 283
333 357
542 22
218 455
520 120
310 193
131 528
156 317
509 18
295 280
538 91
423 455
197 500
127 310
268 195
14 38
19 333
352 520
284 408
163 339
47 521
431 408
176 402
66 86
119 175
6 217
176 457
485 290
188 276
7 353
142 126
454 146
239 362
321 365
534 532
239 278
207 59
277 464
336 351
114 220
56 479
357 278
168 197
442 4
317 276
127 504
276 414
26 371
497 389
253 504
42 290
73 497
345 457
333 104
1 225
351 336
219 505
316 333
15 434
365 240
59 389
313 189
20 125
503 147
514 406
521 12
159 381
35 127
166 34
454 387
191 426
513 210
86 345
6 387
304 461
506 397
163 12
346 494
483 244
70 43
227 401
263 239
222 310
521 287
502 260
219 102
321 70
389 172
521 164
372 401
239 19
304 385
256 95
189 197
530 217
524 472
361 233
59 280
326 229
215 409
438 144
268 239
272 392
296 276
35 345
221 389
39 95
263 28
366 72
118 69
147 401
70 465
100 269
154 510
446 190
199 52
132 521
46 267
147 336
521 66
521 100
191 144
27 423
253 354
495 402
425 239
268 497
233 497
125 153
56 525
338 211
389 262
241 67
287 474
342 523
355 488
502 333
275 303
310 147
147 521
385 159
86 134
264 522
454 322
199 146
535 66
28 520
521 255
217 8
368 102
362 14
509 100
321 356
532 105
345 362
521 414
188 385
76 438
163 19
144 454
263 163
474 133
44 225
362 180
299 219
509 217
326 497
468 191
54 457
451 151
389 544
503 241
75 118
502 515
156 503
278 458
26 38
383 138
259 99
396 299
166 144
131 125
219 240
199 411
207 218
495 515
340 361
411 154
114 270
132 344
106 336
383 154
518 26
256 93
389 361
6 505
32 145
164 451
310 495
284 523
99 219
239 193
27 95
190 394
151 345
223 530
303 333
215 308
96 464
342 299
165 154
195 345
520 499
423 450
357 305
165 69
36 157
228 230
355 521
28 153
521 46
278 287
13 8
34 263
230 151
191 454
183 225
1 239
219 69
13 87
317 357
207 327
521 373
228 532
156 133
230 191
176 532
511 292
411 404
377 371
506 321
349 521
372 217
73 400
537 429
495 401
296 325
501 317
333 295
100 122
456 211
225 167
28 173
365 321
372 311
73 263
190 180
418 483
43 64
515 197
365 537
15 431
33 290
501 207
435 490
278 296
336 175
356 232
253 275
346 64
296 70
103 346
504 327
320 37
13 351
383 408
438 349
165 518
50 43
197 499
472 346
336 73
150 294
88 392
410 296
516 95
290 69
39 473
145 69
25 437
162 88
438 520
290 404
46 119
232 4
497 95
389 322
75 184
389 144
237 271
164 193
194 423
269 495
168 513
220 345
85 414
299 84
355 362
450 388
525 466
474 351
117 490
495 502
212 102
333 134
489 495
400 144
326 438
122 532
373 440
310 311
23 372
338 66
76 454
191 132
339 66
520 137
301 117
253 18
164 502
347 539
314 59
