73 348
535 304
73 87
106 333
521 66
506 473
225 201
189 497
352 238
197 332
399 454
119 200
259 466
163 122
340 173
44 197
344 279
59 197
488 8
167 529
239 278
115 430
241 228
35 41
15 214
394 325
45 59
129 150
319 389
71 56
185 403
523 450
454 15
227 489
188 290
485 37
225 460
173 69
227 100
421 520
276 76
171 531
389 213
164 310
154 441
60 43
255 521
242 159
199 414
35 9
330 81
505 218
24 154
503 147
454 8
259 99
396 95
521 411
26 290
454 132
399 13
505 232
521 267
9 197
521 78
132 520
480 435
355 521
355 354
410 216
263 279
380 102
131 345
228 296
451 269
28 444
156 336
263 389
241 18
410 288
100 9
497 263
308 214
145 154
326 129
193 189
324 505
1 287
195 154
489 200
56 354
397 371
319 414
121 8
377 75
505 537
131 229
410 345
497 454
207 276
35 401
224 480
225 467
534 378
317 520
215 299
349 218
480 386
515 247
39 533
311 532
506 154
224 322
211 38
471 400
277 30
461 28
306 189
345 322
241 260
15 418
351 121
485 223
56 544
503 70
125 153
145 411
333 336
207 286
521 395
317 314
86 308
411 497
336 521
80 463
76 239
338 354
521 502
219 124
73 358
489 147
521 18
35 47
45 278
20 319
261 484
396 210
513 365
28 438
114 344
523 457
435 154
534 489
207 336
535 403
146 182
50 408
21 344
268 138
505 202
255 9
311 310
225 114
12 503
154 377
467 216
41 311
389 384
334 184
266 356
515 46
1 217
102 397
385 263
255 275
451 151
399 514
47 372
338 389
454 425
488 36
145 523
455 262
30 386
163 303
277 96
365 270
116 356
193 310
299 455
535 373
176 227
190 290
411 344
275 100
150 389
362 535
239 121
400 497
454 225
408 262
33 28
122 191
8 345
521 418
313 156
225 279
280 197
122 333
535 55
304 346
269 303
480 466
296 233
516 96
263 228
219 505
228 239
173 256
530 485
399 400
521 28
134 28
519 468
45 144
310 105
181 518
207 437
168 233
408 516
535 189
333 134
87 8
255 47
269 151
15 396
299 145
73 374
73 59
6 339
534 40
535 501
119 310
242 535
467 263
455 450
163 100
132 457
225 443
227 41
101 342
495 227
259 36
274 344
276 28
164 176
13 410
303 451
521 131
529 59
413 138
418 483
9 367
313 1
304 6
61 521
308 86
59 207
211 445
505 418
95 231
503 275
503 489
162 143
504 46
189 521
308 138
197 38
521 504
488 462
127 46
467 199
344 370
188 302
59 295
45 156
263 275
454 214
380 533
513 473
229 102
35 67
6 28
516 202
440 399
424 102
193 402
303 509
389 347
317 362
119 269
105 106
425 422
44 199
233 125
408 384
47 267
280 193
454 197
172 299
344 39
70 505
440 278
333 327
365 450
79 277
240 380
102 224
165 384
385 314
12 46
496 251
118 154
506 425
239 165
114 217
467 515
523 430
59 21
331 218
197 391
34 69
43 39
193 488
219 506
333 106
10 375
394 211
422 457
283 333
421 263
73 310
198 317
473 365
408 487
535 239
100 336
467 348
488 354
102 232
15 224
35 12
225 497
523 116
521 125
104 195
34 274
197 39
230 489
411 270
221 293
34 166
281 535
15 332
457 435
199 189
356 299
455 95
308 389
60 466
173 521
164 193
65 462
274 520
431 102
73 8
521 8
34 389
163 389
8 373
505 487
32 189
163 317
151 310
144 276
121 333
218 15
159 104
455 437
240 348
197 187
253 470
127 255
488 400
188 167
70 321
225 191
397 505
521 168
207 344
95 99
484 69
383 521
129 361
434 15
188 199
224 262
283 373
410 400
374 73
225 104
245 420
333 422
410 503
483 450
269 105
411 279
504 40
161 41
339 326
523 384
163 121
483 383
277 411
345 39
282 484
207 239
333 133
274 279
485 195
353 371
535 193
398 224
122 119
151 176
506 332
144 296
222 336
483 480
35 263
528 290
148 257
222 534
59 287
295 279
229 322
228 534
454 114
76 315
263 191
400 138
207 33
255 227
467 520
303 372
333 454
405 144
56 333
190 69
13 70
295 520
119 67
132 233
133 474
232 413
176 275
474 345
216 535
345 400
455 384
326 400
521 311
501 62
342 394
217 299
501 225
164 440
45 317
241 367
85 197
35 176
56 6
400 322
211 455
164 532
13 263
155 28
274 444
278 457
389 536
501 505
535 13
184 75
288 56
326 132
119 534
372 509
229 262
263 114
304 263
333 247
414 346
167 438
425 333
503 241
268 427
361 20
433 485
511 232
520 36
535 351
147 247
488 355
465 413
28 292
425 418
303 119
269 333
59 144
410 374
340 233
198 263
355 457
102 99
303 336
495 502
326 438
497 85
151 367
387 183
399 62
336 222
161 367
189 389
131 274
108 521
228 362
225 189
521 96
410 279
304 345
138 262
263 146
85 173
383 42
245 403
46 401
247 535
444 197
372 41
308 197
42 513
223 174
50 72
207 501
7 315
229 15
247 18
414 319
456 446
130 224
366 398
295 119
70 219
116 210
408 42
495 303
39 365
96 355
267 327
151 204
433 530
326 339
520 156
215 400
269 532
284 487
454 463
521 422
127 502
484 334
88 332
198 316
439 534
13 352
361 340
537 42
164 247
317 339
268 292
100 253
2 404
124 541
32 59
503 217
333 399
503 303
535 191
502 147
365 143
299 541
338 438
268 239
200 489
341 526
399 155
405 535
521 299
8 32
145 334
451 73
142 218
144 197
175 176
191 217
159 146
163 296
221 88
198 521
495 310
266 262
155 520
194 177
175 311
230 151
225 414
125 505
80 90
121 497
523 394
95 211
372 333
163 43
44 39
47 227
451 275
219 138
503 400
197 71
314 164
419 127
454 354
296 480
1 354
542 263
