"node" "R" "H"
1 1.70984840087017 4.80010707341301
2 0.821825603202889 4.47625497204772
3 -2.04209877845501 12.6558485144335
4 -2.04206287982678 12.6557084799163
5 -0.645082934731676 8.71219525375624
6 -2.14501073807402 11.1782318717635
7 -0.602674097760107 11.3290920012243
8 2.07150427027719 4.10712342127806
9 -2.26822855451609 9.4926886782249
10 -0.670793127525992 7.17763910639427
11 -2.14501682468172 11.1783524258829
12 -0.638930093590529 9.08697034187141
13 3.19951469842998 3.31063741836235
14 2.48210697900375 2.36664305196859
15 1.94119030858201 3.06680127904748
16 2.60276385283734 3.41362547261841
17 -0.628858730651368 9.68622312192876
18 2.13163180278377 3.65406019449694
19 -0.645090311314242 8.71217947155813
20 -2.30157972089683 9.06058231166565
21 1.29457682084859 4.15808440165999
22 0.824601270415137 5.47472972354548
23 3.56965500873709 2.1324156173627
24 2.78155453437046 3.39695941201495
25 -2.0420107702688 12.6555231272533
26 -2.14515790544182 11.1784679693871
27 2.29448638063815 4.29518260111621
28 -0.0530487339217024 6.91617974879313
29 2.39159858119423 3.12782604850185
30 -0.602768158491408 11.3290466129981
31 2.87797045973472 2.5740477868868
32 -0.653558422352149 8.22142552283284
33 -0.628636293815479 9.68587327220773
34 -0.0374523927787127 8.49049682237769
35 3.24580986437669 4.33495174620921
36 -0.0521273074063021 7.02480141861814
37 -0.0176382917152648 10.791077361432
38 -0.0329056941324534 9.10035547718109
39 2.43999492682492 8.56638770675166
40 2.52557691900512 1.87492978749099
41 -0.0466824620603522 7.61692642517941
42 0.826898630202366 6.03781826999579
43 -2.22936325405224 10.0098249048463
44 -0.6028130446898 11.3285536187335
45 0.614885849395028 7.84480620808882
46 2.24351453062494 2.83781656855393
47 -0.0328801311099359 9.10027496634543
48 -2.04223838619378 12.6556193600202
49 -2.04216788791646 12.655649399416
50 -2.04184002316335 12.6552543981549
51 -0.603050108194958 11.3295956116694
52 -0.602822912900097 11.3288819826687
53 1.012709423438 7.45052716365136
54 -2.04220495668093 12.6556981797766
55 5.38056555399262 -0.956238463813604
56 -2.49200239442603 6.84448604223422
57 -2.04225745697462 12.655577596784
58 -2.21005244650022 10.2673334651411
59 -0.602793359454766 11.3285500712642
60 -2.04214877863445 12.6552176582292
61 -2.04227358705047 12.6555463204095
62 -0.0175679942805869 10.7910644262906
63 -2.04220058905682 12.6556948840511
64 0.33878171867507 8.11860081132678
65 2.6787383742703 6.43427261100656
66 -2.18460860119849 10.6190620161473
67 -0.01758267560445 10.7913394618724
68 -2.36150090601451 8.32486323434417
69 -2.18477715182439 10.6191643450416
70 -2.33618114193295 8.63168546656028
71 -2.0421629957758 12.6556712706563
72 3.69237574820224 0.914299819096688
73 0.607453727682537 6.25699156267992
74 -2.04220922920598 12.6557305619575
75 3.17810727404399 1.48657039055366
76 -0.638660924681254 9.0867446931513
77 -2.1450294717764 11.1783943474253
78 2.34765102606909 8.64932488256803
79 0.329832090636549 6.64346908223581
80 -2.25729428086997 9.63729889510881
81 -0.0417024792431778 8.11224005629747
82 0.822014571607541 4.59844419728052
83 -0.602859032201224 11.3288197335356
84 -2.26772899409182 9.4922542123935
85 3.29095168538607 3.21920217398888
86 0.353605460251396 10.4516093061255
87 0.82773327068088 6.26866169485282
88 0.841911567238351 10.007115113701
89 3.17613984716348 2.65151327413824
90 1.15944316734187 4.19832704158948
91 -2.04198843189596 12.6556541495989
92 -0.645128529205007 8.71224121009497
93 -2.22904000489403 10.0096615040255
94 -2.04221012847232 12.6556366752171
95 -0.0417825039289958 8.11226047910168
96 1.87513764196018 9.0737667601632
97 0.835162929610157 8.24654720727827
98 -0.649862091067609 8.43825625446963
99 3.8345535855333 0.482297853218264
100 0.822746375815422 4.84205079435965
101 0.600547200847304 4.20642019884296
102 3.45671153692341 4.34898280078853
103 -2.25717487282544 9.63722966586742
104 -0.602842746064734 11.3285586039544
105 -0.0174465185482606 10.7909284831991
106 -0.602852924540654 11.3292990220723
107 0.353543415960222 10.4519024473766
108 -2.04209192132498 12.6556462221076
109 1.70935115668165 3.74341233144409
110 -0.62870555161926 9.68599378673855
111 -2.04214498348732 12.6557086217923
112 -2.04234372035538 12.6554287238592
113 -0.673106008146133 7.03651829297307
114 2.64115927109335 5.16207945694735
115 2.90805711543448 2.79523823318756
116 -2.14502387966357 11.1780893473612
117 -2.36147889178064 8.32482852852616
118 3.104220214308 1.41384617470064
119 3.70671354683601 1.81030651736125
120 -2.04182890894123 12.6552493421519
121 -2.27786575143335 9.36637666085992
122 -2.04216743553753 12.6553902297457
123 -0.0468985312608323 7.61700978405182
124 -0.683216993589195 6.42612226794083
125 -2.25730855487843 9.63721983508887
126 -2.04227703918789 12.6557978163268
127 1.30646520959185 9.58751421196641
128 -0.628589816019521 9.68577855537382
129 -2.1450602627104 11.1785146807735
130 1.87101914342176 6.21215538256991
131 -2.04223140078887 12.6553433075918
132 -2.34994554223034 8.46807934451951
133 -2.04227838836723 12.6555349928437
134 -2.04223288882829 12.6557167689789
135 -2.04222967154963 12.6556746700838
136 0.828638339523297 6.56135626275094
137 -0.0623930701424801 5.80582856683915
138 -0.670790877397414 7.17763765323591
139 -2.04206884376275 12.6557122004329
140 2.18850450093401 3.36583848448796
141 -0.0174749390695627 10.7907597936592
142 -0.0443556145885365 7.83571606557742
143 -0.041878626479358 8.11247825931263
144 3.62665533733504 0.511993179138567
145 2.67996471390231 8.35179726599446
146 -2.04239812124206 12.6557349777507
147 -2.25715637866295 9.63718648250741
148 -2.0421884121772 12.6556932314605
149 -2.26826544424041 9.49283823731864
150 4.04151662712941 1.11313374384822
151 -0.678153057993799 6.74410155939808
152 -2.18468877157301 10.6191961017171
153 -2.04233824724096 12.6554372193973
154 3.75427692231371 7.39626031418904
155 5.83089759766981 -0.604825379308522
156 2.4805109146876 3.64150652099952
157 -0.0520048617035245 7.02478051170891
158 -0.602829148259607 11.3288754278127
159 2.52342443922345 5.56296359996601
160 0.325885246967089 5.91060568426464
161 -2.04233760904731 12.6553951741002
162 1.29584025661788 5.00406072746002
163 -2.22901029829966 10.0096138087154
164 -2.0420794616679 12.6551740924985
165 0.6049650821911 5.69420475394405
166 -2.14508592394126 11.1783121907318
167 2.67815923288924 2.67917523707109
168 1.41475238421532 4.50396296156771
169 -2.04233176530688 12.6554531007569
170 3.88865568203007 3.69255098340769
171 -0.602838291677544 11.3285806873345
172 3.53346295191904 1.98418716341379
173 -2.14501643331093 11.1780969478098
174 -2.04212919110159 12.6558266633495
175 -2.18481284998067 10.6191292207555
176 -2.04211317049231 12.6556528826623
177 -2.40437533674511 7.82284230975918
178 -0.656459411740808 8.04169422426346
179 -0.0509640712786738 7.14524453963001
180 4.23898263686627 0.421707142337542
181 1.29442401478442 3.97468330135938
182 -2.14499384202061 11.1784464109915
183 -2.04234334493475 12.6554425746673
184 -2.14511811022063 11.178400585696
185 -0.04682451605817 7.61697593994961
186 1.79868482517778 9.1419826583174
187 2.7480420712559 2.95540195630863
188 -0.656649583862187 8.04185782331253
189 4.04178924615347 0.869263689748067
190 -0.666694868294744 7.42898632507384
191 2.74990005614307 1.99432375790188
192 1.30195674190201 7.78855180105015
193 -0.63889214594292 9.08694455609308
194 0.614858253611775 7.84483384095466
195 -2.04224511861393 12.65567933151
196 -2.04216628537622 12.6556864753939
197 -2.04228203826262 12.6555263886168
198 -2.14504776572607 11.1783797042778
199 -2.04226851778116 12.6555472400866
200 0.353607513972653 10.4511278823531
201 -2.14519320274833 11.1784095644683
202 3.10479656773532 1.23029355830676
203 -0.638615665491036 9.08682825322213
204 2.07150443963666 3.80140329598583
205 1.16029151046703 4.85568156949878
206 -2.04218825385686 12.6556826063787
207 -2.2684597972842 9.49302754116957
208 -2.14498419506402 11.1784720748639
209 1.16015171922542 4.75850298242604
210 3.53297977862458 2.3844967116737
211 -2.3203915003508 8.82471921099564
212 -2.14504196402472 11.1785302464496
213 -0.0174699342449833 10.7907961034276
214 -2.04232181865459 12.6554746612379
215 -0.602759948087116 11.3288339311177
216 -2.14497702838073 11.178111493312
217 -2.3578024526055 8.37076792545473
218 2.9664613123564 2.6599902916455
219 -2.43746070909941 7.44448431059808
220 1.00870920503335 6.22525148107245
221 -2.04234021610624 12.6554414344529
222 -0.638680549853534 9.08690308766733
223 -0.686790379642291 6.20556960029821
224 1.86928316436707 3.11481726856243
225 -2.14511507263405 11.178323119115
226 -2.04234053580966 12.6554408401304
227 1.16360086592143 6.4114127213912
228 -2.0423057667126 12.6554996207208
229 2.56362107220479 2.99070856806031
230 -2.14518288424494 11.1784314012636
231 -2.04215862083109 12.6554133086719
232 -2.04231905899742 12.6554758394656
233 3.35665214498432 7.74835148247717
234 -2.04207646013516 12.6559306374439
235 -2.14502246285135 11.1782108923332
236 -2.04214462842084 12.6553330677653
237 -0.0174486674015776 10.7913034266133
238 0.320684029448748 4.78645659182393
239 -2.18488219067581 10.6189697009877
240 -2.04233851439773 12.6554267906374
241 1.52192930625611 3.71890762445798
242 -2.04234411051961 12.6554285501324
243 0.328674309492426 6.43521244865666
244 -2.21026093951728 10.2674806406647
245 1.52625107945113 6.94184403663049
246 -0.017420234305825 10.7907393461661
247 -2.04228124703697 12.6553594177344
248 3.07695427683339 7.99796098612273
249 2.39130078759648 3.73082867548417
250 -2.22939799482007 10.0100026300031
251 -2.04232582888836 12.6557556708029
252 -0.602712611215456 11.3287567863808
253 -0.674217339451163 6.97193291613909
254 -2.04225022779547 12.6553765839386
255 -2.14490412818598 11.1781698186986
256 1.29462935282994 4.22510680211822
257 -2.39617401812452 7.9138988045499
258 -2.04201450406358 12.6556281299484
259 1.62016191576891 3.43670447559786
260 -2.04223720549881 12.6556329249561
261 -2.0420388497399 12.6559693675235
262 -2.24450591704477 9.80612505726095
263 -2.04227956466143 12.6557960672897
264 1.7921373755971 3.56576696048934
265 -2.04234125298862 12.6557944569305
266 -2.04227602475021 12.6556911580906
267 -0.645079993895791 8.71215852511401
268 1.70985659725424 4.80010833087369
269 -0.628619194601553 9.68580998907512
270 -2.0424710527884 12.6557149133213
271 -2.04233420683643 12.6553884785535
272 -0.602874105831947 11.3284029835951
273 0.329823907000638 6.64347372868343
274 -2.2291595433742 10.0098053424322
275 0.832709044741299 7.6291651947723
276 2.87908271487341 8.17401723067895
277 -2.25718614128773 9.63721847716091
278 2.29517471175418 2.81149033734019
279 -0.0374754562152132 8.49056423603079
280 -0.6387473030483 9.08692092133096
281 -0.668241042817468 7.33869480198212
282 0.824600833768951 5.47468527636692
283 1.00713921534586 5.66618289800839
284 -2.1450587878822 11.1783553795876
285 -2.04221033743874 12.6557982807321
286 -2.04206048696223 12.6556823057581
287 -0.645092687368519 8.71218682908289
288 2.78292294022671 2.27308242982891
289 -0.0589956533917408 6.23595124824515
290 -2.25711445462489 9.63712894613075
291 -0.602763460298449 11.3286795781797
292 0.84192692055016 10.0072093541698
293 -2.27756674416681 9.36605550567495
294 -2.0423302725859 12.6554601411751
295 1.00800062904244 5.96727888115138
296 -2.40903773236706 7.76516743516936
297 4.10318422461875 3.13380540945238
298 -0.0530186408338294 6.91615923903108
299 0.607438930643804 6.25699899543348
300 0.331372067079739 6.9005803274842
301 3.73775777097878 4.3536885432276
302 -2.0422890197534 12.6555190854978
303 -0.663239731955639 7.63466163007986
304 -2.04216862262974 12.6552917913554
305 -2.2571802618763 9.63720960566792
306 -2.04224604186946 12.6556969774843
307 -0.661366668413192 7.75397139316789
308 -2.14465702837006 11.1781141993935
309 -2.21015306068697 10.2674394097788
310 0.614878647602039 7.84481276216975
311 0.343435233868841 8.72896319496338
312 2.43740061044959 5.64830089241507
313 0.329440567186288 6.53467123263263
314 -0.0175759604516047 10.7909377762689
315 -2.29454424533678 9.15287203402068
316 0.825106623367638 5.60980861311841
317 0.32131516131811 5.00604265316865
318 0.626284146922445 10.2034009121358
319 -2.04227773583736 12.6553827198527
320 -2.04230411251523 12.6554956070475
321 -0.645065479341286 8.71213368727652
322 -2.04232666332797 12.6553854624233
323 4.68289596562223 2.41296715719396
324 -2.04226345115572 12.6555690741503
325 -2.14500794789101 11.1783923171912
326 1.61967800299824 3.83278231845335
327 -2.14440283869958 11.177930228911
328 -2.24409414893332 9.8055735122945
329 -0.0328928310376327 9.10030277008783
330 -2.04222770510991 12.6556106939071
331 -0.0444003475907743 7.83576414911654
332 1.00582516585316 5.01011116122846
333 0.61111540974243 6.96150103473382
334 -2.04217824476152 12.6556676604948
335 1.41711357672297 5.97468741171465
336 -2.04232727537135 12.6554657248406
337 0.61090305299313 6.96181285945791
338 -2.0420952264267 12.6557031494929
339 -2.04223340133162 12.6559227684213
340 -2.18469018221505 10.6191299260744
341 1.00925191635589 6.38143354765817
342 -2.04229388089678 12.6555612683852
343 -2.04227415421385 12.6555449878364
344 -2.29442090237638 9.15310704690582
345 -0.0497613922088343 7.28077775053596
346 -2.04226356466029 12.6556617804303
347 2.9950691812918 2.33139300839854
348 -2.04218981391565 12.655688676904
349 1.41776518811969 6.38054801434749
350 0.324863317329184 5.7419836303894
351 2.00847065238622 4.75792790126675
352 -2.22935654913466 10.009889346837
353 -0.638617713614752 9.08677306591159
354 -0.602772355587482 11.3290171697905
355 -2.18465399484308 10.619116188732
356 -2.14461958015723 11.1780508351536
357 -0.661292301679617 7.7539147493171
358 -0.628646995841976 9.68585782020756
359 -2.04202905296833 12.6559605092504
360 -0.0174619340827159 10.7908072972596
361 1.5230836594428 5.15101191698968
362 -2.18483675134005 10.61923817894
363 4.04444248104712 0.00949676887138374
364 -2.14495385373432 11.1781665917347
365 -2.21022968132615 10.2675111135979
366 -2.04199623267452 12.6556790242385
367 1.30645111489266 9.58661285100745
368 -2.25700432550446 9.63697342801547
369 -2.04228670641218 12.6556418328105
370 -0.638901730827449 9.08687424185166
371 2.52321872893294 5.27950640692114
372 -2.04183916941014 12.6552051640688
373 -2.18449325186256 10.6190595391148
374 2.67741989218004 4.55991157625238
375 -2.04212951753803 12.6557442684388
376 -2.04218893391573 12.6556487733843
377 1.8690629293844 3.51954372600433
378 -2.30854642008541 8.97614468850935
379 0.338780976465101 8.11854954253878
380 -0.628588110161334 9.68577034820337
381 -0.656455849137622 8.04171543303952
382 -2.14487859378878 11.1780813138152
383 -2.31490699606355 8.8979584265354
384 -0.653514580758643 8.22138113094019
385 -2.25715779160395 9.63718736180302
386 -2.04220256291167 12.6557414577069
387 2.9140699582387 0.863937658945274
388 -2.18479837491889 10.6191889150585
389 2.90825116640959 2.51111270255162
390 -2.33112768583424 8.69226719584327
391 2.43707992232478 4.80003481652174
392 -0.602797665791083 11.3290177961455
393 1.29518344392736 4.67119068544649
394 3.39810645465263 2.02040605471881
395 -2.04229743621502 12.6553745107839
396 2.74780867459236 4.0192350835357
397 -0.602764043519105 11.3287964683961
398 -2.04269647526662 12.6557149375096
399 2.64127410932359 2.91295292909502
400 -2.14503063853785 11.1783601768393
401 0.618143930515063 8.4594587338315
402 2.43678110955603 3.48205489382408
403 -2.14504364877824 11.1783723076958
404 -0.0175577815562396 10.7906999935084
405 3.81518964229028 3.42246730803915
406 -2.33134351728219 8.69255641440143
407 -0.602761460598885 11.3287122692481
408 -0.602666513870249 11.3287844961354
409 -0.056849664463924 6.49050419334054
410 0.321991081600405 5.16340362759808
411 -0.602839073130897 11.3288271370907
412 -2.042317903078 12.6557166820734
413 -2.04209609900768 12.655161903056
414 -2.18474847987186 10.6191893726517
415 -0.046857153455299 7.61698506246554
416 -2.27790414854619 9.36651053490954
417 3.2021493629026 1.48212111134204
418 -0.68026976435073 6.59750333712029
419 -2.21016441457421 10.2675150811822
420 -0.0444880976911662 7.83604620378982
421 -2.24442418055026 9.80600516676551
422 0.33137378120309 6.90058302406676
423 -2.04228755466715 12.6560241624239
424 -0.628647710786746 9.68589806729525
425 -2.042148542653 12.6556573028193
426 -0.0375467602472784 8.49068226659147
427 0.329837617155919 6.64351595263368
428 -2.26796458807644 9.49252548781893
429 0.353603288219155 10.4515696901255
430 -2.04223390473135 12.6555719250895
431 3.19998561378528 2.42596250806787
432 2.43678596269057 4.43024009794734
433 -2.04198061367575 12.6556245396512
434 4.19100656963279 1.01715356352202
435 -2.04220747734205 12.6557805067678
436 1.29509901147665 4.62354337026648
437 -2.14503670120473 11.1785031629259
438 1.00737691808945 5.75777828504018
439 -0.0418420572127602 8.11233348366081
440 -0.0468252212417259 7.61710139429606
441 3.45669808644063 2.9088654169575
442 1.79877046099178 9.1428867861487
443 1.87511390209293 9.07374955597328
444 -0.670931662846442 7.17762510878751
445 -2.14503688995862 11.178476314307
446 2.67804161982981 5.40909248968439
447 -2.04206873180932 12.6554404164841
448 -0.656475343035099 8.04171631988683
449 1.70947711743496 4.11911599372089
450 -0.628650907754645 9.68588369294693
451 -0.663245208137112 7.63462948578254
452 0.612113217385664 7.18186793261078
453 2.48070950933501 4.61893692329057
454 2.97244825034053 0.805269189466369
455 -2.04216721705864 12.6557545743595
456 -2.04217957069696 12.6556800384175
457 -2.04206846120949 12.6555703089174
458 -2.04219778050807 12.6556925672334
459 -2.04223592363727 12.6555848934469
460 3.05112830050825 1.67249122968179
461 2.87740749839213 3.24440580258389
462 -0.602931286358731 11.3293571281965
463 -2.04231012589846 12.6554871513432
464 -2.04222567089407 12.6556337062478
465 2.71330677684154 3.20534218267046
466 -0.0416689255017597 8.11218221373989
467 2.71468237435867 2.26888188890006
468 3.02432908867714 1.62153533387558
469 0.821137432600715 3.96511941676085
470 -2.21038219397059 10.2677821071897
471 0.353520206212082 10.4523995338767
472 2.52279003975279 3.0673616887386
473 -2.04227121301824 12.6554172762871
474 -2.1448848231656 11.1782954903
475 0.826456153500002 5.93837464201357
476 -2.04216358055476 12.6556572061039
477 2.34499287940054 2.68688888356994
478 -2.04217398688238 12.6557475103566
479 0.822735942879565 4.84208323086576
480 3.12668069025007 2.94090054809318
481 -0.0588272577028731 6.23599330381834
482 -2.04214538874645 12.6556741500625
483 4.2005444862487 2.7751462601486
484 1.70938453085336 4.03468973433691
485 -2.04212681194903 12.6558150579805
486 -2.04209077774447 12.6558679200988
487 -0.628735247399383 9.68601858193391
488 0.353613760773783 10.4517100690759
489 3.0766276583253 2.08086125540488
490 3.49538158237425 2.62554659510788
491 -0.62872583943313 9.68599943411131
492 3.24944536063032 1.21637189240959
493 4.2722057229021 0.881445903992222
494 -2.21038438927739 10.2676010588846
495 3.55164896317682 1.96597560623032
496 -2.21009829139446 10.2673815789783
497 -0.602764694678346 11.3289820023779
498 1.16179816240214 5.51167283356463
499 -2.26816822299529 9.49276407735424
500 1.30203209764108 7.78835007496384
501 0.822814183141815 4.88093732720326
502 -2.14489316402915 11.1781571537566
503 0.826422789361642 5.93843815905455
504 -2.24442659392906 9.80604732336761
505 -0.649785754993881 8.43797118959104
506 -2.14505414392146 11.1782267787799
507 -0.638627864504097 9.08694407301302
508 1.52187508041167 3.61079486765165
509 -2.14491792042547 11.1785229442646
510 -2.04191809507578 12.6553926048542
511 -2.27778192456753 9.36631849449964
512 2.13754809016728 1.64178129389918
513 -0.017475668855662 10.7906906950837
514 4.06579880737248 7.11959240456761
515 -0.0634144005695745 5.68987126247375
516 -2.14500902741408 11.1783760678649
517 1.71157226772893 6.08758156658034
518 -2.22919723771231 10.0097466354829
519 2.78166209714447 4.79818094632066
520 -2.04224221299392 12.6557426752178
521 -0.0446004767462165 7.83600648280567
522 -2.04201331431529 12.6554439976348
523 -0.60281104712265 11.3292801320464
524 1.9441622659463 2.16991192029525
525 -2.26836695167041 9.49291013615753
526 -2.0421870033677 12.655669859986
527 -0.04174702960568 8.1122319519213
528 -2.04234174149933 12.6553976807032
529 -2.042171723292 12.6557543478057
530 0.626254179622841 10.2033171470385
531 -2.04200820917036 12.6556926843138
532 -0.0509920384960911 7.14529613239683
533 -2.04216817373859 12.6558968568606
534 -0.628636564700987 9.68586215671128
535 4.12906946435894 1.53188545971611
536 1.15977738915953 4.46735835151607
537 -2.18466014657372 10.6191054315713
538 -0.656597887407081 8.04180481549909
539 3.37682344419805 2.5885792645628
540 -2.21031824491921 10.2675656897262
541 0.613121589658511 7.46176854592893
542 -0.602768248062784 11.3290217947292
543 -2.14509658144898 11.1783140449144
544 2.39216174521854 5.6936363934596
545 -2.04218089007336 12.6556839002847
546 -2.0423294530048 12.6554564380965
547 3.97479152749901 1.23396144306516
548 1.02058484403449 9.84499562007058
549 0.832714200106889 7.62916043069756
550 1.01069764309628 6.78546163581817
551 0.835114100547463 8.24664304752941
552 -2.04202578262411 12.6557068754083
553 -0.0418887705253394 8.11243137404664
554 -0.628640503179773 9.68584996992618
555 -2.25738898932845 9.63733249946937
556 1.00497069549587 4.62202534867252
557 -2.04233174703146 12.6554581542217
558 -2.04233669406528 12.6554523654224
559 1.159500544598 3.99969667333816
560 1.41451540804538 4.10528522962783
561 2.64128109160368 2.65628124630613
562 -0.0547096133516451 6.7263879311108
563 3.67250341207592 3.00146500459024
564 3.58661211558599 4.50432295573914
565 -2.04198745053938 12.6553882925591
566 2.96721059111002 2.11308878168598
567 0.325491125655871 5.85180332515747
568 0.600334387891584 3.88516557669291
569 -2.04230049056365 12.6555072415375
570 3.49657520326594 1.60783251485877
571 -2.04235029682185 12.655681331901
572 2.74834335970864 5.05530474334223
573 0.323044356934352 5.3803995093973
574 3.02392576893431 1.86786261411619
575 3.10095379810501 3.33508131296657
576 -2.04229277096309 12.6556974728554
577 2.96600170927544 4.13403606559006
578 -0.0416782030355244 8.11220376656738
579 3.02185430114585 3.15647286283745
580 -0.649789758914316 8.43797416612025
581 -2.04226841063489 12.6555076525608
582 -2.0421479916346 12.6559189530879
583 -0.668199216905999 7.3388702339416
584 -0.0328356680359599 9.10013145272292
585 2.71450202211907 2.31673249139966
586 -2.04215342654767 12.6559765694042
587 0.826761464467186 6.03800004544763
588 2.134141631885 6.96994519248047
589 1.94075934157285 3.88785853258764
590 -0.665200175599475 7.52681467486525
591 3.62159185616164 3.24527826128591
592 -2.04221706534342 12.6557099485759
593 -2.0420384503563 12.6559189463411
594 -2.0422984801466 12.6553678087441
595 -0.0174437487657248 10.790763847279
596 1.70965435193223 4.07623962932019
597 0.3347746040429 7.45813265090058
598 -0.649781093282754 8.43796903630565
599 -2.04228676800756 12.6555191599514
600 0.328683718151119 6.43517846027417
601 -2.18486871620097 10.6193513617282
602 0.324326427839602 5.59374091998797
603 1.52765641203838 7.56660338739877
604 2.2448204254177 2.25714865983893
605 -0.0509942668947693 7.14528388026492
606 -2.04230144631477 12.6555011566111
607 -2.04213606605621 12.6557015670263
608 -2.0421829787364 12.6554525927797
609 3.29204809246836 7.80607508905923
610 -0.67880061065245 6.69307166336858
611 -2.04234275856733 12.6554262254672
612 0.820699518277008 3.82711875264633
613 -2.21037795106188 10.2675923141287
614 -2.2443046725267 9.8060441432465
615 3.10396027614171 1.50426127919983
616 -2.14508902202803 11.1785067722307
617 -2.28670961143514 9.25430480269306
618 0.318501305470479 3.98749331393434
619 -0.669650204540567 7.25539931999659
620 0.601806825351959 4.7868069441766
621 2.34750320260537 8.64949874139549
622 0.336683785767291 7.73664071008348
623 3.51377870826424 3.07537574944634
624 -2.14458088426498 11.1780559181971
625 -0.0374599468894144 8.49059442461227
626 -2.29449789884856 9.15286126611114
627 -2.04218336597391 12.6557000262099
628 -2.14511833058634 11.1784868815053
629 -2.04190222920907 12.6553153508155
630 -2.04233495421851 12.6553889293918
631 -0.0644702648532458 5.54970551115664
632 -0.60276813216819 11.329032761626
633 -2.04212497647499 12.6557246747433
634 3.39684718863829 3.19233381082036
635 -2.22944909693477 10.0100266365857
636 -2.04231996023371 12.6554394939267
637 2.24320097166991 4.99361076671797
638 -2.04226325126934 12.6555522899404
639 -2.04233055234246 12.6552060692334
640 2.56331351642878 4.02643755593603
641 5.4178630976838 1.07875351511494
642 4.4327695268667 1.6300695030381
643 -2.18483785352899 10.6192852659221
644 3.84881286248854 0.632219196553392
645 0.326879472289167 6.10726148479374
646 -2.22919588608878 10.0098607056021
647 -0.68541813779198 6.27466111830393
648 1.00822710345188 6.08884267815888
649 2.24351828113569 5.55801574149502
650 3.29101693409898 3.47601093595752
651 -0.602559955768739 11.3289364889326
652 -2.31541219121624 8.89842522873248
653 0.338786439643122 8.11859393465035
654 -0.602727569629988 11.3286489711277
655 -0.602826164120719 11.3286262839263
656 -2.04225678488701 12.6555744180762
657 -2.22928565063644 10.0099147002442
658 -2.04212743365829 12.6554522341214
659 -0.0593942798364957 6.18003054607137
660 1.70950673458541 4.16338048616574
661 0.826506822826217 5.93837340488719
662 2.07248794626444 5.50558641840095
663 -2.04188758090364 12.655023186538
664 3.75490899699264 1.37505582525709
665 -2.04224183109653 12.6553544992819
666 -0.60297499733439 11.329389925443
667 -0.656453636432681 8.04169844149243
668 -2.24431363986116 9.80598437226282
669 3.4187337685628 1.73794879906107
670 -2.14488388342158 11.178270289798
671 0.835172062017167 8.24666085788549
672 -2.04233584575623 12.655347488071
673 -2.04218084213969 12.6556818635703
674 -0.628584748505702 9.68577903046124
675 2.78310109094488 2.15390648632703
676 2.81628001863138 2.01028880536442
677 2.71338895361376 5.08982080442799
678 -2.04233907850266 12.6553837244987
679 0.831498666935376 7.2448761071044
680 -0.638677613818659 9.08681669251244
681 -0.0520604055474841 7.0247734001893
682 -0.602830820720246 11.3288659423116
683 -2.25730335462503 9.63721035856347
684 -0.638664951786525 9.08681490184333
685 -2.27799538126771 9.36665046302357
686 -0.017654536483532 10.7919569181223
687 4.02616648960264 4.46052037681901
688 1.00478071438967 4.51484361410655
689 -0.628823609142384 9.68601885358283
690 -0.602841157379726 11.3288233320099
691 -2.28655570323618 9.25415767772759
692 -2.04207402274308 12.655803431521
693 2.78179055016035 4.61363125403577
694 -0.0573675917763968 6.4215119634238
695 -2.04234335504916 12.6554254678376
696 -2.14490862353156 11.1781920492882
697 -2.04221682943736 12.6556380119813
698 -2.04232053469994 12.6557186778165
699 1.00428142973635 3.86700968176161
700 -0.602745181904226 11.328919039234
701 -2.14509096347933 11.1783252871251
702 -0.0573590211855832 6.42148744327831
703 1.79195016934032 4.0809181869063
704 -2.18478100362319 10.619131246074
705 -2.14503299014895 11.178397906439
706 -2.042336784018 12.6553832637423
707 -2.04235445004868 12.6556597526406
708 -0.645095337475263 8.71219018300052
709 -2.22922891498721 10.0096980864073
710 -2.04229522260885 12.6557062030047
711 -2.34992843830648 8.46816084305933
712 3.26863145861945 3.96932298900844
713 0.336684161145232 7.73665837031944
714 2.13178780404684 4.63487919247971
715 -2.22924526128272 10.0096963134405
716 -2.145054475536 11.1785273939948
717 -0.602789750528958 11.3289485873975
718 -0.0175840961516581 10.7909486031703
719 -2.04226253923408 12.6554216882833
720 -0.628655170743443 9.6858643743619
721 -0.656531237390098 8.04177784691921
722 -2.18471013571964 10.6191444580706
723 -2.04225004445036 12.6557431955428
724 -2.04221840126394 12.6556856555086
725 -0.0547117126621267 6.7264269807712
726 3.65699134848903 1.63854852448202
727 2.78172333776115 3.13685516386764
728 -2.04226977886331 12.6557050374417
729 4.98064444630846 -0.0291842887742041
730 0.829232597979191 6.74446318851251
731 0.609210567563386 6.62339837833785
732 -2.18490379149167 10.6192359451853
733 -2.04206090794074 12.6556572432691
734 -2.04216084240629 12.6557692615917
735 0.328653176972582 6.43520453165357
736 1.16040489115248 4.90729058133129
737 2.00798772532523 3.73616566845066
738 -0.602833953920729 11.3288462514171
739 -2.25716159355341 9.63719682557183
740 -2.14502546581039 11.1780988633046
741 4.12865530861841 2.16866016839055
742 -2.04199692876166 12.6556313332591
743 0.603850768733087 5.4117430218628
744 -0.628588707292612 9.68576905706675
745 -0.6285930431101 9.68577316679086
746 -2.04204990209247 12.6556591718791
747 -0.666652747635804 7.42889182324852
748 -2.04206864629186 12.6556375497326
749 -2.24442666304674 9.80591432205963
750 -2.04228138030923 12.6556627367346
751 -2.04204588433282 12.6556338585651
752 -2.04223201572433 12.6556811180963
753 -2.04228246096116 12.6555434384842
754 3.6921594427286 1.02956811938646
755 -0.687955248537805 6.10747069046072
756 4.36918351739414 2.30240014004514
757 -2.14508830283661 11.1783244268373
758 -0.602853620080133 11.3290771723514
759 -2.04232625928178 12.6553862061076
760 -2.22944111861184 10.0100607713849
761 -2.18478766696607 10.6192159932627
762 3.49769284540802 1.12844212307203
763 1.00834027215824 6.22566422260881
764 3.22298062119396 3.36634517049373
765 0.600405698347048 4.02857798028411
766 0.612102771684952 7.18199762382098
767 2.99427631788618 3.68072472426254
768 1.00741169146737 5.75796811856885
769 -2.04231165845804 12.6554847261129
770 -2.04213751299033 12.6557090610327
771 -2.18476458051545 10.6193899254584
772 1.16032712148698 4.85567064480011
773 2.48205502499682 2.36671863712963
774 -2.22933491019395 10.0100147722549
775 2.99677698820439 1.68763581971291
776 -0.628664760474984 9.68587643995476
777 1.29447124140559 3.91858031707894
778 1.70933129355693 3.84530057901861
779 2.9392047232029 8.12064368299708
780 -0.602730157082877 11.328524403524
781 2.84815999554214 1.91602616293047
782 2.7813702281863 4.31823315358534
783 -2.04224172593283 12.6555610764047
784 -0.0443574057304213 7.83572116611766
785 -2.04231646944654 12.6553701831916
786 2.3917866065337 5.00278618160985
787 1.15977076487146 4.54401330868811
788 0.603082182512365 5.18217964415624
789 -2.04225408949355 12.6555807887437
790 -2.21030977540722 10.2675580878454
791 -0.665009784712294 7.52724597846514
792 2.67825849993444 5.79985346417042
793 2.18884155482733 3.13858940392911
794 -0.602763025560853 11.3288722602137
795 -2.04233373434797 12.655453352756
796 -0.66322584229049 7.63458452279874
797 -2.1843938075168 10.6186892260922
798 4.49320289290385 6.74305474766952
799 -0.602856850025019 11.3287016318421
800 -0.602887753496724 11.3287451654382
801 0.60655520169965 6.06616427775245
802 2.81486454896627 5.66423018396929
803 2.07209050268455 5.02691231357657
804 -2.18474897750904 10.619143135368
805 1.16297717697157 6.22824192543825
806 1.00542094241852 4.86714510661028
807 -0.0631274074899458 5.72739773245642
808 -0.656457380613252 8.04169510614459
809 -0.669692926445579 7.25542080348469
810 3.63895467713862 5.48858304330788
811 -2.25708372368776 9.63706480915247
812 -0.628649468994036 9.68585810441945
813 1.00561212475961 4.9606149332193
814 1.71000837817132 4.96407971042233
815 -0.0590123562536323 6.23591862812272
816 1.00432423411324 4.10268562338266
817 3.12641429954203 4.11158390559979
818 3.35764282574791 1.64836947151461
819 -0.0174626272550014 10.7908722412109
820 -0.0379228990461053 8.49127627965504
821 -0.0326932620630116 9.09981694174217
822 2.64058253327779 4.22668442309095
823 0.604963131824052 5.69421141087713
824 2.07195051695597 3.03479103566499
825 -0.0176453720574357 10.791101481053
826 3.90410025562755 1.92138897879602
827 -2.21021874187819 10.2675397573335
828 1.16308982592868 6.07121189342873
829 1.00670993759232 5.5024220275162
830 2.67756692072332 4.55979990444578
831 0.612020469769044 7.18204759232193
832 -2.04199832426547 12.6556292960234
833 -0.0328577776394944 9.10024444232564
834 -0.602799613320174 11.3291375656612
835 3.33573987355655 1.82138768334896
836 -2.29431979054018 9.15281327388926
837 2.64073746845583 3.5379398617146
838 1.7096432209282 4.65627755000994
839 1.41508665217603 4.88480535695598
840 -0.645101806918766 8.71219350555152
841 0.336671903698348 7.73665810013732
842 1.00919239249998 6.38146231020852
843 1.79202521913496 4.03649751342318
844 -2.04206712363236 12.6560110171205
845 -2.04207615605557 12.6558009388256
846 -2.14637770243474 11.1797927349916
847 -0.663219660132217 7.63459054072289
848 -0.602801447309397 11.3288605516929
849 0.353558029264898 10.4516162847786
850 -2.21025716931997 10.2675955405688
851 1.52203217868857 3.53475144266234
852 -0.690720883684799 5.93101029538525
853 -2.04217385542826 12.6556907795785
854 3.02229316557216 5.4585155899543
855 5.05321319766982 -2.3184750661211
856 2.88050569509045 1.53574513114486
857 -0.676081489803871 6.85249111874462
858 0.353611234692302 10.4513901910737
859 -0.656665224681883 8.04187183683767
860 0.604371058771206 5.57312897722186
861 -0.659136972237422 7.88828722196027
862 2.52411911813494 6.58629419337354
863 -0.628600146504724 9.68580028195748
864 -0.659012376648822 7.88819087106179
865 2.00804584413216 4.11397481827516
866 -2.04212919727819 12.6557901178814
867 -2.04202347547634 12.6557049228167
868 -0.602828695217178 11.3288688051781
869 1.42476388257296 9.48000247981633
870 -0.649980744125422 8.43799753257489
871 0.841898040678587 10.007526564696
872 2.24702788369722 8.7394677648851
873 -0.0539717068763517 6.81726977231352
874 1.00734451089918 5.75788394446843
875 -0.649894786504235 8.43796110435187
876 -0.649851803922842 8.43795051715133
877 -2.04221740201294 12.6556262822525
878 4.23596606115184 2.19670412294263
879 1.41632241088818 5.55933599322479
880 2.13644364354239 1.79049224926598
881 1.41678773168273 5.81816796371505
882 -0.0538864828287309 6.81729255366308
883 2.78169085731969 4.79820001354354
884 -2.1450835085812 11.1782670160362
885 3.4951997497658 3.17929832918909
886 -2.40164632203985 7.85232364932924
887 -0.649830562379348 8.43794552740671
888 -0.0174672096335981 10.7907541384224
889 0.353525066357351 10.4522978621099
890 -2.14505866089728 11.1783307039747
891 -0.653429633146529 8.22125788610598
892 3.43888590436844 1.51995316454369
893 1.86963364923428 5.10677916992277
894 -0.638726818522091 9.08677089786574
895 1.29509583648423 4.6235367365618
896 -2.21038687483537 10.2676192309597
897 1.41607097468244 5.44968639215234
898 1.71348650984203 7.38339432877578
899 1.16303083497401 6.07122065725448
900 1.29521373667163 3.12275240341293
901 1.62084422885691 5.24502907098554
902 -2.04241783166485 12.6556983266602
903 0.338795270795254 8.11858853846802
904 1.29619937363979 5.29244359335829
905 -2.04212575052706 12.6559318662982
906 -2.04227741420513 12.6556567302561
907 1.52204218002743 4.18196512219675
908 2.93784754498291 6.17910337053238
909 0.822127095273729 4.59816204000369
910 -0.602638717161884 11.3285926572294
911 -0.649950688015739 8.43807191221973
912 -2.04198217314383 12.6556418623925
913 1.62796075637902 9.29663693944556
914 -0.0417124685372994 8.11222112428106
915 -0.649806676460042 8.43795220881478
916 -0.0585512398903476 6.29451040766828
917 -2.04225205299971 12.6556657495496
918 -0.670901454025416 7.17761281187854
919 3.77001010859329 1.89244310733571
920 -2.21033661590811 10.2675552937106
921 -0.682354912339389 6.46660305594094
922 1.41441983937039 4.21254273604452
923 -2.04204173169652 12.6559223731816
924 -2.04183539374503 12.6553018341318
925 -2.24435452437965 9.80586078785655
926 -0.628677779523974 9.68589680635276
927 1.29457007601497 3.73775854912848
928 -2.04221554116352 12.6556592451288
929 -0.0174408302285283 10.7908016846301
930 1.62062985481417 4.96832694535839
931 -2.14505505280969 11.1784322028394
932 2.93743748690067 4.86689308529436
933 1.79377334330677 5.59928709570521
934 1.15955697401079 4.29307647928068
935 2.13473076315104 2.10941019844976
936 3.47657473614841 2.39492519739707
937 0.604992866277045 5.6942297916195
938 0.826405028323294 5.9384612001032
939 -0.602796540318973 11.3287262577526
940 -0.674248495410064 6.97188000497937
941 3.80004259392644 3.29952859808993
942 -0.669590020677953 7.25531070664222
943 0.822198331582528 4.63031366935563
944 3.19943765111573 4.03847524678191
945 -0.0176164195893794 10.7910923035685
946 1.29641816131087 5.46908596873754
947 -2.33607518594567 8.63162396590004
948 -2.0422772920204 12.6555381521447
949 2.5255838027973 8.48982064166812
950 2.13156787691875 4.16883863878709
951 -2.21036871750981 10.2676353395153
952 3.17561323995684 4.40521656284797
953 1.29467645809282 3.43065312709467
954 0.353633348923296 10.4515289144523
955 0.828651314586432 6.56137163685922
956 2.48260700418843 2.18339684277193
957 -2.04223334640203 12.6554293536616
958 0.835180366082535 8.24654852810474
959 1.00742081453151 5.85781004164239
960 -0.638629326190452 9.08677666893288
961 3.35535940781241 4.04038839595311
962 -0.041652951766784 8.11218263226812
963 5.21007412810859 2.59001786242277
964 1.41841981276521 6.66123978586917
965 0.331367755011825 6.9005682640899
966 2.48158196231905 2.57470554067283
967 2.96620767258622 3.10157330598986
968 0.32821805269087 6.3439603384513
969 -2.04225387731986 12.6553721196137
970 -0.638636085746856 9.0867451771612
971 3.02183985554122 4.55862617048761
972 2.67787927419892 2.87625486651314
973 2.71322601063488 4.26436010350933
974 1.0065518907179 5.35895745081776
975 -0.659125524834242 7.88827012718355
976 -2.04221383306176 12.6556179585055
977 -2.30193708025665 9.06101476961202
978 -0.0174513267575228 10.7914370900683
979 3.63959608607747 7.49765910452525
980 3.36032335239136 0.926827800834907
981 2.29502218083596 2.9178696735197
982 1.00695850388165 5.58139496079544
983 -0.0174614421793018 10.7907791771929
984 -2.18463122064729 10.6191756732774
985 -2.04209329377395 12.6546592918468
986 -2.04223835417846 12.65551229801
987 -0.60287899948856 11.328815800841
988 2.60263035373282 4.26471245069974
989 1.41713323069883 5.97475966527961
990 3.72233443643165 7.42425306374726
991 1.30037327777589 7.16526507901916
992 -0.6590913382311 7.888295752365
993 1.70950214538083 4.16331718030733
994 -2.25711325324086 9.63712567296212
995 1.52471675716859 6.05138423120385
996 3.7852832603574 7.3684354719945
997 -2.04211979702609 12.655693457707
998 -2.35767961227639 8.37015020459155
999 -2.0423018189856 12.6554935304857
1000 4.01818424937787 0.0223417897126574
1001 1.87020678554499 5.52297570612506
1002 -2.04205563955671 12.6557139103502
1003 -0.0561188762903879 6.56383931342509
1004 -2.37217447957001 8.19775240716278
1005 -0.0174537652345804 10.7907823498996
1006 -0.638652392548383 9.08671865304715
1007 1.62029276718239 4.74570337304122
1008 3.56870237997909 4.012689867798
1009 1.16059548385798 5.01754590764834
1010 0.604742906899126 5.63223107419809
1011 -2.04233733016287 12.6554480431692
1012 -2.04205259291715 12.6556349792223
1013 2.24292723234537 4.62403255220274
1014 -2.14510157459765 11.1783158280882
1015 -0.057338847527722 6.42148958775633
1016 -2.04225299717579 12.6556903161737
1017 -0.602814944495346 11.3285431367626
1018 -2.14497745884968 11.1782649346023
1019 -0.0174682928899323 10.7908420608536
1020 -0.672038255920005 7.10497581575357
1021 2.99429641283014 4.58613044163416
1022 -2.04231099407965 12.65541609221
1023 -2.18472639263942 10.6191456246637
1024 0.326842401624349 6.10730542880878
1025 -2.18485388111692 10.619192171016
1026 0.827733657158084 6.26866603733835
1027 -2.04208345491872 12.6557102911655
1028 1.16155338095903 5.42694784626394
1029 -0.0173987044897601 10.7906418325368
1030 -0.602816687340979 11.3290175868017
1031 0.323653801996767 5.50415734400749
1032 -2.04226707186813 12.6555443288668
1033 -2.04234190921414 12.6553997818571
1034 0.353604985503869 10.4516069471101
1035 -2.04208249156955 12.6547877665999
1036 1.29530470373684 4.82635525886588
1037 2.84690695381958 2.54107505883867
1038 -0.0555225678986785 6.64218137288416
1039 -2.04223301291069 12.6553669647703
1040 1.1602406890601 4.80620533961832
1041 4.5840374356169 0.133968495197518
1042 -0.0173375464788377 10.7910059994746
1043 -2.04233631147917 12.6558279949411
1044 -0.0497619072100852 7.28080303177891
1045 3.70541277787984 3.06079416899364
1046 -0.602869242369842 11.3288280704311
1047 1.79210614476577 3.50587179774258
1048 3.49650698641945 1.79925998425788
1049 2.39129090516573 4.37558495333998
1050 -2.04229757182228 12.655381590228
1051 5.49292122435821 -1.10159648145777
1052 1.94079385574479 4.02592706542874
1053 2.48075695230161 3.263207045759
1054 0.321271074108015 5.00608664698647
1055 3.63965278470067 2.10243867782844
1056 -2.04200402950243 12.6556875727499
1057 -0.659104718836191 7.88826266728768
1058 -0.659093904375739 7.88824569881348
1059 -2.04215703290827 12.6553720040473
1060 -0.638670096927575 9.08672740764432
1061 -0.0634533284184712 5.68980567151596
1062 0.6073977544729 6.25704245949626
1063 3.29189025677398 2.15921113457203
1064 -0.602739445510207 11.3286964480284
1065 1.7094083074531 4.1633835340158
1066 -2.04197736027905 12.655641125543
1067 3.02335888433843 8.04524698081509
1068 0.336650815899403 7.73665791602315
1069 3.15137252976811 4.93788876981978
1070 1.01271334238099 7.45031251785629
1071 1.7126430844776 6.75728019919445
1072 -0.0497628294991703 7.28078833891557
1073 -2.04189194438011 12.6550395891549
1074 -2.22917170735642 10.0098241083571
1075 -0.0174577151655574 10.7913145517286
1076 -0.0531415123931919 6.91620617102318
1077 -0.653453062761424 8.22129202160135
1078 -2.18455980423308 10.6189746291164
1079 -2.14514981494574 11.1781814353562
1080 0.613117814509803 7.46176128910563
1081 3.22314546340052 2.89809388706136
1082 -0.055522130165111 6.64220635047638
1083 -2.28632446109982 9.25394459812541
1084 -0.638812781867808 9.08682435163895
1085 0.329250125994931 6.5345102891979
1086 3.2242308538117 7.86651117890802
1087 -0.638634525140961 9.08698981062769
1088 0.603362586946772 5.26899661560375
1089 -0.602850197127975 11.3287978368513
1090 -0.638685111811581 9.08676927975406
1091 2.34397158983804 3.5288583233727
1092 2.18852775465425 3.93347882051316
1093 0.828771962105251 6.5613831634073
1094 -2.04215337481765 12.6559263150536
1095 2.93747026852482 5.15091908392406
1096 -2.33123603127391 8.69247751359831
1097 -0.0174461159106944 10.7907706574182
1098 -2.04198467353507 12.6559392758688
1099 -0.0176205769951906 10.7910172568909
1100 0.353602255462212 10.4515462767109
1101 4.07058052028875 -0.0571510603170745
1102 -0.0327476670991026 9.10014255058613
1103 1.00437445026739 4.12846861195042
1104 1.00470226322094 4.41562756887674
1105 1.52494827397064 6.27366138647673
1106 -0.672015035529008 7.10491556516717
1107 -2.04223028962015 12.6556703360107
1108 1.52219856890519 3.32723599046966
1109 -0.0560993444962786 6.5638924595197
1110 -2.04228954742675 12.6555087434562
1111 -2.04232643524263 12.6556899190076
1112 4.80727624974145 0.969443214152874
1113 -2.36523928769543 8.28091091914772
1114 1.30204085214227 7.7882798797776
1115 -2.34966310448918 8.467647540738
1116 -0.0418687365561527 8.11245642711743
1117 -2.37203811484833 8.19762279519063
1118 -2.04228183829086 12.6556336407193
1119 -2.18455613331734 10.6191783386062
1120 -2.04231222430006 12.655774097832
1121 3.33429833740399 4.47088068796206
1122 2.84830798987054 8.20159775122806
1123 1.62197429487741 5.95456359653829
1124 0.61321160329009 7.46170816749442
1125 0.321135584726726 4.97667737150373
1126 1.52281989058814 4.98685172915785
1127 -2.22927147028074 10.0099376729715
1128 0.328650086704037 6.43520436664482
1129 -0.638618723641232 9.08685635268407
1130 0.824816294044041 5.54059387196662
1131 -0.698509386778884 5.42350726794061
1132 -2.04213720431613 12.6557867724545
1133 0.823824411932312 5.24357016524782
1134 2.60509127755147 8.41862753753828
1135 1.52321980209714 2.87816590488206
1136 -0.0174811617331866 10.7912547588867
1137 -2.0423212405248 12.6554749569004
1138 -2.04220450913592 12.6556333415004
1139 1.53103035129908 9.38387910130189
1140 -2.32048778673858 8.82482075062521
1141 0.606067200283658 5.98178988092675
1142 -2.04231182046068 12.6557262041622
1143 -2.04234423141213 12.6558198323527
1144 1.41588653153272 5.25791916929962
1145 -0.0173599255368843 10.7906210118277
1146 0.606490066914307 6.06615204010205
1147 -2.04210620798219 12.6558035608973
1148 2.71566476648102 8.31990158020359
1149 -0.65653577037572 8.04178611645
1150 3.04936342937394 2.61478650615786
1151 -2.0416585090799 12.6557136553999
1152 3.04958490074397 2.46913568285377
1153 4.93968972654547 0.835658120578504
1154 0.824936616035721 5.54035683860906
1155 -2.24414473687694 9.80565839822681
1156 0.626280528229695 10.2034063996612
1157 -0.602860618184 11.3288034645361
1158 1.02055291328577 9.8452244013578
1159 2.4821266105834 6.62765811073153
1160 -0.602712335320088 11.3286579703842
1161 0.822162006050297 4.59806147460311
1162 0.821818583622278 4.50595764563653
1163 1.414391136877 4.17594235202785
1164 3.45692298787498 2.84280092963714
1165 -0.0443334901935101 7.83575056072209
1166 1.52240136976342 4.54546936522642
1167 0.332329482972269 7.05626404531239
1168 -2.33650736862764 8.63210773401
1169 -0.628620813448175 9.68581660074994
1170 0.353602023230665 10.4518242006349
1171 -2.22932967715787 10.0100097738447
1172 3.22414574418951 2.07247849582681
1173 -2.04218272614019 12.6558992394725
1174 -2.04222276063993 12.6555873372394
1175 -0.638624727371888 9.08677582930207
1176 -2.18458156740336 10.6190920898035
1177 1.94170742598286 2.80335598384874
1178 -0.60283211529412 11.3292295741744
1179 4.40072134690057 2.83510767254101
1180 -2.25705316987211 9.63703231267264
1181 -2.04220504985033 12.6556870633143
1182 -0.602774380197912 11.3289932904442
1183 -0.638696132075658 9.08699216368331
1184 0.353624314718271 10.4514893510312
1185 2.39346041956959 2.16150401150621
1186 -0.645067818245162 8.71211564781277
1187 0.821337645219549 4.18690166474918
1188 -0.628661116450214 9.68587163549841
1189 -2.18481428970286 10.6191993701052
1190 -0.0175150916092702 10.7908653149363
1191 3.51674777622259 1.32945033183028
1192 1.29483737023623 4.40898119933974
1193 -2.2137105510436 10.2707451549813
1194 -0.0521240766782112 7.02477211870099
1195 1.15977873956431 4.46735666814796
1196 0.343565282384005 8.72882149479843
1197 1.94631371891045 9.00953355023775
1198 -0.638668094021592 9.08672446380012
1199 0.330623927063096 6.76456048661092
1200 0.321725452406368 5.09829088394334
1201 1.41762182350891 6.38093836844634
1202 1.00551362804352 4.7800740127314
1203 -0.638639599316782 9.08673436967165
1204 -2.18481697898183 10.6191988125153
1205 1.01070222590044 6.78544470252115
1206 -0.0329911266234138 9.10047478027779
1207 0.827251668990491 6.14727408126915
1208 -2.14432475130973 11.1778402433755
1209 3.89156116446018 0.997253915423682
1210 1.29669634300727 5.56892766109986
1211 0.604991087027899 5.69421418031208
1212 -2.30193705311573 9.0609162746123
1213 -0.645088592860328 8.71217693338939
1214 1.86914946721085 3.48878951284859
1215 2.60397924635918 2.31067446679029
1216 -2.29443654640483 9.15285510812374
1217 2.71341726368686 3.11477432494112
1218 1.52279842393191 4.91278439857442
1219 0.832746596565626 7.62918968562481
1220 1.41587521524811 5.25792150928482
1221 1.41465046684913 4.55180468493577
1222 2.84688896269488 2.54108976795623
1223 3.41900044592259 1.61091511504205
1224 0.33669659350858 7.73666221106156
1225 -0.645085258058217 8.71215930030021
1226 -0.0574378509661187 6.42155085956804
1227 0.324849465709573 5.74201504245705
1228 -2.04219006290788 12.6556754635211
1229 0.609146573547211 6.62341405499164
1230 -2.04233657101018 12.6553202632408
1231 2.96793770936569 1.94617334085862
1232 3.65629213206321 2.30866345299483
1233 -2.04215064984698 12.6557844903308
1234 -2.22920497939469 10.0096723624039
1235 -2.04221775442006 12.6557049207104
1236 0.600912581346951 4.43127965416953
1237 -2.26791152303748 9.49241745996416
1238 0.326821582618457 6.10729698343976
1239 -2.31459200896548 8.89765037135565
1240 0.835104257504567 8.24664251448629
1241 -2.0422218118403 12.655705010799
1242 -0.638625562156152 9.08670856199724
1243 -2.0420769715134 12.6556997565085
1244 1.4147313148289 4.65305885910101
1245 5.12349415421436 1.45667398864412
1246 1.71040704970467 2.89987196935583
1247 -2.14516563782593 11.1784542585775
1248 -2.0422666413598 12.6553025177399
1249 -0.659013661011876 7.88819605650144
1250 3.3130466778131 2.51402965717253
1251 2.78206479875592 5.30563400510195
1252 -0.670901101431687 7.17772139657214
1253 -0.669586197078511 7.25533936873696
1254 0.824464822186723 5.4747826741881
1255 0.610121411339304 6.77918870562155
1256 1.94239077994383 6.14098436145868
1257 -0.0561060952378933 6.56384305132594
1258 0.329758411151633 6.64329053237659
1259 -2.14500720027522 11.1784627827472
1260 -0.0174402996443101 10.7907723174609
1261 -2.21023460606297 10.2675433578637
1262 -0.63868653467312 9.0867991372249
1263 -2.22925123484384 10.0098122215859
1264 0.607766800016178 6.36614355618721
1265 -0.60292242768457 11.3286685360853
1266 1.16218416320407 5.70290544643587
1267 -2.14516482242374 11.1784348627919
1268 1.41750887946217 6.38113559959509
1269 1.70952823873067 4.30671465058553
1270 4.20044512661813 3.38068203582008
1271 0.828202708842752 6.40510010576459
1272 -2.04222388779887 12.6556868808557
1273 -2.21028145432053 10.2675068422437
1274 0.825773916135321 5.76231317094761
1275 1.1604009196443 4.9072965825932
1276 -0.671994628515355 7.10489675709722
1277 3.49579504466626 2.28814866329746
1278 0.329401138019791 6.53465388285852
1279 -0.628706866395542 9.68595226859869
1280 -0.057376207213153 6.42150948464075
1281 -0.602801620548632 11.3285900926879
1282 -2.32608262850914 8.75669481742864
1283 -2.042061075872 12.6559869154522
1284 -2.04192168337472 12.6554242770637
1285 -2.0418465663219 12.6553519529328
1286 -2.3260520563948 8.75670538635256
1287 1.41542590879663 5.17329252080152
1288 -0.661325101544159 7.75392738583136
1289 -2.14504831748982 11.1784303942816
1290 0.328721227678019 6.43518053869076
1291 -2.14498403389275 11.178440466072
1292 -2.04224668604096 12.6555888631438
1293 2.71428791768777 6.39917414019975
1294 -2.04234399476566 12.6554341184902
1295 1.00733391989882 5.75797217350288
1296 1.61972226380683 4.084263131522
1297 -0.602771476085902 11.3290268972215
1298 1.52433958399397 5.86815738249667
1299 -2.04228544783071 12.6555389434542
1300 -0.65647731724849 8.04170686202785
1301 1.87033228047178 5.52309601425367
1302 -2.18476915505882 10.6192002984257
1303 -2.21021762488443 10.267506618836
1304 -0.6027601499837 11.3288220639457
1305 -0.645147728688863 8.71225414888303
1306 4.20046524301521 4.28693704104443
1307 -0.649791160617512 8.43795339787334
1308 1.00873623491328 6.22534303124882
1309 0.824956789918276 5.5403384108595
1310 0.607924730989285 6.36630452402634
1311 -2.04202341672636 12.6557027212348
1312 -2.04206967974563 12.6556524486207
1313 -2.38186031452847 8.08330612299924
1314 -2.18485579701623 10.6191815348652
1315 -0.653443309862104 8.22128812782099
1316 -2.18465481848643 10.6191558781953
1317 3.69016637754583 1.8618791059318
1318 0.826488471835268 5.93834850141096
1319 -2.2101933669213 10.2674496174758
1320 1.29461746314443 3.94647681120269
1321 1.29460547217247 4.33245567535368
1322 -0.0424067795731569 8.11318937616573
1323 0.831659172351667 7.2447062454345
1324 -2.04211433099615 12.6558043188654
1325 3.02297342677253 2.18893033770369
1326 -2.33607673424601 8.63161654443105
1327 -2.04234583453046 12.6557054959943
1328 3.1017286771625 2.45190555630064
1329 0.600353863149679 4.0664696878827
1330 4.2004343469688 4.93434323487659
1331 -0.60296127632623 11.3293440265371
1332 -0.653484283553879 8.2213310001786
1333 -0.680270040476694 6.5975026951864
1334 1.41478477750904 4.55167355087428
1335 -2.28677287317343 9.25435380496127
1336 -0.602750479869115 11.3285690100951
1337 2.93739917544521 4.86693364494745
1338 0.83157544084722 7.24480224552508
1339 1.16041147150809 4.90728470206288
1340 -0.0329307514532663 9.10045330460264
1341 -2.18475149151297 10.619154866616
1342 -2.2294687466198 10.0100604541054
1343 -0.602712928808648 11.3286740548374
1344 0.333398818811816 7.23832636080153
1345 -0.675292636640054 6.910678970593
1346 2.34387442870034 4.1664358576205
1347 -2.04212575244298 12.6558183291502
1348 2.67746662909639 4.08949751035846
1349 0.8351778514871 8.24655582226183
1350 0.338774429776747 8.11859051589
1351 1.61989332194538 3.62100865550571
1352 1.70929877676805 3.88100126209388
1353 -0.602788013886259 11.3289605753298
1354 -2.21026020277983 10.267480012069
1355 -2.21014317942461 10.267556966584
1356 1.41935952189184 7.04745318819451
1357 2.43710306869932 4.54039268788609
1358 -2.0422461983413 12.6555842445167
1359 0.826428734032794 5.9384025301096
1360 2.74841629235307 2.70366226669839
1361 -2.21028892021462 10.2676902245245
1362 0.322656004701478 5.30401244774165
1363 -2.04225602244775 12.6555789204142
1364 0.822628577416306 4.80443933610726
1365 -2.18476808114241 10.6191933666953
1366 -0.659028942934612 7.88819022315135
1367 -0.645094578634579 8.71222757174656
1368 -0.645065605875202 8.71211735700135
1369 1.29580602719533 5.00417736657037
1370 -2.04226461389856 12.6557033633499
1371 1.00796760893376 5.96751621672914
1372 0.825926990124575 5.84699296040871
1373 1.00808250032894 6.08892022048766
1374 1.86894518505796 3.79601565393569
1375 -2.33113023495032 8.69225473361089
1376 -2.04216222859402 12.6556690155347
1377 -0.602746341267267 11.3287394692616
1378 -0.044343447709267 7.83573686053287
1379 -0.645076847465702 8.71213787200514
1380 1.17310878634305 9.70694593247831
1381 2.00826249569227 3.34945981484525
1382 -2.30870822422702 8.97625233757591
1383 -0.670903625154639 7.17760983519654
1384 1.524280292078 2.60414960493462
1385 -0.602646777850413 11.3290400079943
1386 -2.04213361772794 12.6553446556261
1387 0.327381712325477 6.18090556528722
1388 -2.22887809757675 10.00950171697
1389 1.16177035840071 5.51167712878161
1390 2.84639168789555 4.73377787030551
1391 -0.602798516209997 11.3289280893324
1392 2.52258158542888 3.6559605398754
1393 -0.602600776815636 11.3289386838546
1394 1.00571991141229 4.96050942161064
1395 0.609146089914139 6.62341514925959
1396 -0.0538820289956159 6.81738444306027
1397 -2.14506853251206 11.1783954240002
1398 -2.18463392946883 10.6190959202384
1399 2.64094365343071 4.75429078120114
1400 -2.04216236439559 12.6557158012936
1401 1.86888308263972 4.00387465120516
1402 0.603488731353709 5.31473675061826
1403 -2.27792786323907 9.36656201169821
1404 -0.0510403968040605 7.14529914505073
1405 -2.14497397913663 11.1785061244823
1406 0.825451911588409 5.68351230113895
1407 -0.676124134944406 6.85254114513727
1408 2.34523934072974 2.54744649775663
1409 1.16272061297766 5.9342212360855
1410 -2.43925807175948 7.42258071288714
1411 2.1317081866194 3.57234511958696
1412 -0.676049965049334 6.85255119296964
1413 1.41490338497886 4.70688245229883
1414 1.29495223990444 4.49061581951065
1415 -0.638618498701892 9.08686606647751
1416 -0.63872143601595 9.08696210334022
1417 1.02058947655141 9.84522950706787
1418 2.96644345333743 5.51384778339075
1419 -0.053984940630527 6.81721253697379
1420 1.1609976079382 5.20454989452621
1421 0.605237809391135 5.75970338912082
1422 1.29686342923831 5.67854207959248
1423 1.16066901130301 5.07665629884452
1424 -2.04219783044885 12.6558177256851
1425 0.324613911860527 5.6412540843384
1426 0.606052514437816 5.9817802724066
1427 2.34563633198401 2.39920847327939
1428 -0.602810524525756 11.3286417659788
1429 3.1017092028176 2.48770187228631
1430 2.87769456552317 2.78655672757731
1431 -2.34078224132479 8.57442469410105
1432 0.604705053925351 5.63225588756674
1433 -0.0327944288468575 9.1000997207681
1434 -2.21023535900758 10.2676574672445
1435 2.18856346625511 4.0494006962657
1436 1.29714498090031 5.80013775296214
1437 4.86532180133306 1.42732924427524
1438 1.16116858524931 5.27406127506687
1439 -2.41656714534349 7.68409875231156
1440 -2.1450100310714 11.1782891107941
1441 1.16101870992757 5.20456657353052
1442 -0.0326949999791789 9.09996196381364
1443 -2.04224541767947 12.6556116302224
1444 0.606265424832204 5.98162823391428
1445 1.86909544336398 4.49707612522461
1446 -0.0537923913369019 6.81744027826437
1447 -0.60259365314119 11.3285083608228
1448 -0.602837701758236 11.328833087655
1449 -0.674347748064885 6.9720440898734
1450 -2.21039485948747 10.2675889288347
1451 -0.666739132971143 7.42917192677098
1452 -2.04219935636766 12.6556524319689
1453 -2.04213472677087 12.6556599134196
1454 0.353566137646261 10.4515744680139
1455 3.10128052438226 6.01789542360666
1456 0.327303693501228 6.18096465747354
1457 0.330621583161092 6.7645247960361
1458 0.334775202181626 7.45818059248002
1459 2.64133277306214 2.59889377535192
1460 0.607826359180296 6.36609776983998
1461 4.05553453263073 0.684676748900985
1462 -2.04211332894013 12.6558810481542
1463 4.11668899337877 1.7984540768435
1464 -2.04222646786613 12.6553892197992
1465 -2.0423385887312 12.6556999828805
1466 -2.04213859177318 12.6557790980233
1467 -0.602844836900795 11.328575111295
1468 -0.628607462025527 9.68581358196631
1469 -0.0374034717874576 8.490500377334
1470 -0.602806889594359 11.3291022504901
1471 0.327320716258038 6.18089910123357
1472 1.16306068376269 6.07139664989624
1473 -0.67313916045961 7.03647336210596
1474 -2.04217810391635 12.6557269806731
1475 1.52292845558654 4.98682588459056
1476 0.607370228170246 6.25706479928462
1477 0.328723224131045 6.43509192314772
1478 3.75437079205624 2.02873477610011
1479 4.42568225500908 0.036145583972449
1480 -2.04197563975697 12.6553309666638
1481 -2.14506605622531 11.1783308274926
1482 1.52184056750485 3.74723201975465
1483 -2.04191108507163 12.6553711598956
1484 -2.18485298423901 10.6191819870374
1485 -0.638664906030793 9.08682622807212
1486 -0.0327168786417939 9.0999391352919
1487 0.605474954729718 5.82900891543597
1488 -2.14502484846871 11.1785469584472
1489 1.79311845729464 5.30518410232279
1490 -2.14517351915488 11.1784506342755
