"node" "R" "H"
1 -0.659232602091765 8.63263965200736
2 1.13277203702888 6.87074408973975
3 -0.515266852187562 10.2370841676799
4 -0.515271276509167 10.2371081474943
5 -0.515246621804531 10.2370671424571
6 -0.51527007998901 10.2370859007445
7 -0.515268055547842 10.2370852178241
8 1.7808351193297 8.16650090628027
9 -0.51523918735658 10.2371123778536
10 -0.515276723752012 10.2371148859535
11 -0.51521926624633 10.2370928959167
12 -0.5152645186049 10.2370830856509
13 1.78083475721516 8.16645760068483
14 1.12270701925723 6.25232504088142
15 1.75125152792054 4.55687402891119
16 1.76375923829615 6.2496728874739
17 1.16438909919681 8.71838824795651
18 1.12272008742557 6.25233370050463
19 -0.515277863097835 10.2370927405275
20 -0.659173554284195 8.63257617262613
21 -0.74984337728167 7.72720026656837
22 -0.749776216540143 7.72719438702856
23 2.44216375397139 7.57828338222367
24 -0.515273370017006 10.2371072927409
25 -0.515284903297835 10.2371008309831
26 -0.51525089964969 10.237078942433
27 1.7808313485533 8.16650984850854
28 -0.515223693152647 10.2371026203645
29 2.1468128324894 4.84688253834373
30 -0.51522510417212 10.2371082152563
31 2.14881107018369 5.23423906665239
32 -0.515242838411441 10.2370688865005
33 -0.515282867752653 10.2371117942169
34 -0.515284569236744 10.2371054417438
35 -0.515280249753334 10.2370939529728
36 1.16420740032299 8.71843716696754
37 -0.515280931332973 10.2370947409404
38 -0.515260222490137 10.2371148451049
39 -0.515255477521645 10.2370764304778
40 2.14557433772238 4.3450971570412
41 -0.515280624284057 10.2371114354394
42 -0.515270798769753 10.2370956922282
43 -0.515274022440611 10.2370891482851
44 -0.515246918683984 10.2370670753522
45 -0.515155548698683 10.2369728070041
46 -0.776140851513121 7.4760541881699
47 -0.5152396346849 10.2370561161555
48 -0.515284610793058 10.2371000262535
49 -0.515232244300366 10.237058367072
50 -0.515284374130113 10.2371069026502
51 -0.515237575498707 10.2370906526808
52 -0.515264447347501 10.23711093699
53 -0.515257054340445 10.2370782310758
54 -0.515268888613528 10.2370854655983
55 3.53826880982144 2.61197390329129
56 -0.749845717616628 7.72719038189874
57 -0.515224276749064 10.2370348935575
58 -0.515254806281102 10.2371267712955
59 -0.515283709244787 10.2371083976738
60 -0.515252449601515 10.2371164550769
61 -0.51526008448509 10.2371044985477
62 -0.51525110653278 10.2370718945563
63 -0.515282317920975 10.2370945028986
64 -0.659349226958833 8.63276546265062
65 2.16382146612174 7.8253929893809
66 -0.515285615510434 10.2370946268636
67 -0.515278708179994 10.2370926630516
68 -0.515218190929309 10.2370754863899
69 -0.515269356269279 10.2370865988505
70 -0.515283157188438 10.2370975101568
71 -0.515239311734255 10.237069313472
72 2.1487884817031 5.23428155658695
73 -0.515253813212793 10.2370747353281
74 -0.515257736653878 10.2371054330351
75 2.83367015037933 4.16200320331164
76 -0.659131205711369 8.63252978685726
77 -0.515276204712513 10.2370909335692
78 -0.515272064765905 10.2371054182317
79 -0.515259071536934 10.2371111449281
80 -0.515241810542116 10.237074880773
81 -0.659153417515246 8.63255363657864
82 -0.65916119132785 8.63256260140016
83 1.16432160356509 8.71839703783614
84 -0.65908680678721 8.63248202740109
85 2.66108670154243 7.38416735037658
86 -0.515234153102155 10.2370466155995
87 -0.515284390948067 10.2371039056017
88 1.16393005343605 8.71849824317564
89 1.76375322692987 6.24968619738421
90 -0.714433366931341 8.073086270641
91 -0.515275162387882 10.2370907200511
92 -0.515223349098807 10.2370500428126
93 -0.515284571479755 10.2371065469038
94 -0.515258169451579 10.2370791061439
95 -0.515255152826516 10.2370816463375
96 1.16438406287529 8.71837491166889
97 -0.515269265082386 10.2370874066978
98 1.16432764105275 8.71841885630647
99 2.43090148324596 4.95405098052024
100 -0.659116509332441 8.63251415441153
101 -0.65917637199845 8.63257897596373
102 1.78083291734843 8.16649453678095
103 -0.515242591919849 10.2370777786743
104 -0.51522686644187 10.2370831622731
105 1.78084168819488 8.16650069795639
106 -0.5152470319716 10.2370999681227
107 -0.515277968118543 10.2371135416077
108 -0.51526091975882 10.2371221125244
109 -0.658925875665758 8.63230620326566
110 -0.515259791764274 10.2371130809813
111 -0.515270438818449 10.2371178654236
112 -0.515239574825434 10.2370627655704
113 -0.515284562662673 10.2370999187205
114 2.44215943517855 7.5782838056606
115 2.14881229942415 5.23423800087241
116 -0.515240320892754 10.2370765462884
117 -0.659187258198321 8.63259089319811
118 2.14680907315686 4.84687092656276
119 2.84150796903732 7.22460516272385
120 -0.515282372789915 10.2370994855921
121 -0.659208182386883 8.63261352840312
122 -0.515280598562848 10.2371147633881
123 -0.515264797890867 10.2371208579077
124 -0.659128277728721 8.6325266793579
125 -0.515282410965865 10.2370966328942
126 -0.515259722679965 10.237129353184
127 1.1643923285102 8.71837343118644
128 -0.515217086271778 10.237070803137
129 -0.515235224015123 10.2370587593734
130 1.1327774533386 6.87073974604269
131 -0.515230063805919 10.2370613908671
132 -0.749842433434683 7.72718880669377
133 -0.515284175068572 10.2370989863443
134 -0.515281797453131 10.2370959888481
135 -0.515247229945967 10.237067705776
136 -0.515278321964691 10.2371015960054
137 -0.71434045312473 8.07301509681714
138 -0.515220106292422 10.2371031806922
139 -0.515284166432296 10.2371064215446
140 1.12276262902024 6.25237531304212
141 -0.515281864553491 10.2370960409957
142 -0.515215563852279 10.2370948423235
143 -0.51523716116944 10.2370666226185
144 2.42894522105718 4.06208668426247
145 1.78083864628969 8.16654396366573
146 -0.515277406032522 10.2370914906742
147 -0.51525065321811 10.2370751872581
148 -0.515270383943453 10.2370876089571
149 -0.515279813122344 10.2370972277816
150 1.75578015455221 5.23591237640628
151 1.16415325135436 8.71842055246755
152 -0.659268731207869 8.63267872127251
153 -0.515248576022649 10.2370687424938
154 2.6610952233339 7.38416937728846
155 3.83258879320678 3.55586677886887
156 2.16383426228812 7.82534777562521
157 -0.515284194688874 10.2371071700357
158 -0.515266545749764 10.2371116110954
159 1.13276551315658 6.8707311260842
160 -0.515238704619814 10.2370553509486
161 -0.515278137439953 10.2371180175333
162 -0.515267475898177 10.2371205917023
163 -0.659313345655093 8.6327277767371
164 -0.51524470047998 10.2370681395862
165 -0.515241821446017 10.2371091716679
166 -0.515250240868948 10.2371189411168
167 2.43334782658633 5.59016472297416
168 -0.658995656651765 8.6323821246961
169 -0.51528495300899 10.2371008494251
170 2.44216305784007 7.57820263602467
171 -0.515266150374144 10.2371039226008
172 2.4333093012993 5.59028444037387
173 -0.515270212384314 10.237102974595
174 -0.515279119946862 10.2370952129529
175 -0.515255227473063 10.237076203383
176 -0.515237509082224 10.2370616641472
177 -0.749827913474123 7.72718644455541
178 -0.659215023637273 8.63262077379954
179 -0.51527841650547 10.2371108272414
180 2.98895309619017 4.00658668309538
181 -0.659083522843994 8.63247931917093
182 -0.515273491833534 10.2371154098369
183 -0.515255042232736 10.237083549608
184 -0.515230514237993 10.2370265475791
185 -0.515241012720009 10.2371055584516
186 -0.515285141788985 10.2371007164451
187 1.75863083639377 5.6215558780258
188 -0.515275742772921 10.2370920113464
189 2.65388243746409 5.37306074226534
190 -0.659349732284848 8.63276605176866
191 -0.714354418135948 8.07301340260488
192 -0.51524286108992 10.237096226067
193 -0.515284526410812 10.2370969033481
194 -0.515272795280514 10.2370897026719
195 -0.515263769966192 10.2371210625235
196 -0.515229968160991 10.2370197927336
197 -0.515257597094925 10.2371272952914
198 -0.515230839976489 10.2370565055755
199 -0.51528300686719 10.2371074285346
200 -0.515274272658543 10.2371061888422
201 -0.515262221000303 10.2371263825505
202 2.65203623868095 4.73445650205123
203 -0.515281724829359 10.2370995867776
204 -0.5151682205116 10.2369957867429
205 -0.7144141422566 8.07307023567069
206 -0.515237704002535 10.2370574760634
207 -0.659360943484102 8.6327784037212
208 -0.515229552648984 10.237040006783
209 -0.659343061949177 8.63275876688997
210 1.78083589045622 8.16650735542399
211 -0.515225942960222 10.2370571768662
212 -0.515278043771916 10.2370921530893
213 -0.515253214484208 10.2371179832712
214 -0.515261817152608 10.2370822346689
215 1.16405628173889 8.71841673178968
216 -0.515283798753036 10.2371092840111
217 -0.714442795650353 8.07310274301678
218 -0.659106161969461 8.63250209985614
219 -0.659259292703245 8.63266879424479
220 -0.515270963039961 10.2370872809585
221 -0.515218112589364 10.2370769401229
222 -0.659106368947022 8.63250351740473
223 -0.714433101662803 8.07308681636248
224 1.10937215011402 5.37887206518158
225 -0.515225781976516 10.2370305261697
226 -0.515284741145481 10.2371059497888
227 1.16423934918183 8.71838221747403
228 -0.515285764547278 10.2370978280601
229 2.1468075352736 4.84687284974461
230 -0.515267610845978 10.2371039101389
231 -0.515236875964315 10.2370583940933
232 -0.51524412617643 10.2370662425541
233 1.16424055738806 8.71842146673865
234 -0.515233444426188 10.2370433432999
235 -0.51527417932641 10.2370890994184
236 -0.515270039284784 10.2370863229724
237 -0.515263150510706 10.2371009336226
238 -0.71437748910549 8.07304626365552
239 -0.515234363558648 10.2370610459705
240 -0.51520911880756 10.237027564786
241 -0.776066823887067 7.47597878997207
242 -0.515252845157983 10.2370763015232
243 -0.659066577302963 8.63246010504116
244 -0.659196658836596 8.63260331397174
245 -0.515284030499342 10.2370989172641
246 -0.515243354486203 10.2370633192412
247 -0.515277348869614 10.2370928878391
248 1.16424639411512 8.71840039975295
249 -0.515280333743903 10.2370948821532
250 -0.515255403625874 10.2371087597801
251 -0.515216664029572 10.2370887748444
252 -0.515226872703425 10.2370579694255
253 -0.749836656734185 7.72718434542703
254 -0.515269615037763 10.2370814153949
255 -0.515271084342653 10.2370864144015
256 -0.776080252688388 7.4759928299022
257 -0.515263892282287 10.2370836896173
258 -0.515280039537072 10.2370931979803
259 -0.776143020726219 7.47605811517738
260 -0.515277074485178 10.2370905433991
261 -0.515247521360529 10.2370727797494
262 -0.515238137356981 10.2370822312948
263 -0.515234729163959 10.23704622773
264 1.13275182691672 6.87074126182496
265 -0.515197487212491 10.2370518657475
266 -0.515270068358618 10.2370876888311
267 -0.515248155338149 10.2370687082647
268 -0.515262141983248 10.2370824942978
269 -0.51522370325949 10.2370542254478
270 -0.515277153123454 10.2370904719612
271 -0.515278656456176 10.2371205689432
272 -0.515231590678054 10.2371111390196
273 -0.659159494590294 8.6325609822598
274 -0.659247891271498 8.63265605768703
275 -0.515233095324826 10.2371038147089
276 -0.515278361814704 10.2371151808886
277 -0.515251587291141 10.2371171381628
278 2.65203750438474 4.73445307052942
279 -0.515252284774258 10.2370730782954
280 -0.51527792147827 10.2370917414488
281 -0.659249001062647 8.63265727157948
282 -0.659156147516915 8.63255506329059
283 -0.515280648255229 10.2370858912392
284 -0.515220036002216 10.2370920588591
285 -0.515271717413386 10.2370912230818
286 -0.515223764209828 10.2370850270106
287 1.16403536899762 8.71843152527678
288 1.11256649815084 5.59594638508147
289 -0.659279918865832 8.63269054813087
290 -0.51524617444812 10.2370719041834
291 -0.515274412677785 10.2370896870027
292 1.16438373092247 8.7183788893993
293 -0.515261021387489 10.2370824734619
294 -0.515284992341936 10.2371034497344
295 1.78083369943642 8.16650222115533
296 -0.749816678206451 7.72721534499206
297 2.99514173990939 7.08896201351621
298 -0.515283139097576 10.2370974287778
299 -0.659100095234947 8.63249530179064
300 -0.515284605637791 10.237106427796
301 2.16385391831375 7.82543894684745
302 -0.515268837190573 10.2370869966653
303 -0.515280570679044 10.2370938081963
304 -0.515278512988855 10.2370999126244
305 -0.515255459608909 10.2370801755828
306 -0.515261384015155 10.2371158436868
307 -0.515228023568854 10.2370400960356
308 -0.515285306731313 10.2370979151308
309 -0.515165813011715 10.2369938272563
310 -0.515256872145761 10.2370776295285
311 -0.515114117998438 10.2368797884315
312 -0.515239411599947 10.2370822348716
313 -0.659363544455166 8.63278191189761
314 1.1642371827225 8.71839352793393
315 -0.515272403070882 10.2370925781577
316 -0.515279504069453 10.2371157728519
317 -0.797034242966763 7.27849635023946
318 -0.515251962381141 10.2371205629254
319 -0.515273465165868 10.2370957796753
320 -0.515235125197235 10.2370517629583
321 -0.515226661906443 10.2370717100437
322 -0.515251571066973 10.2370724009125
323 2.66107653516483 7.38434571748592
324 -0.51522123733959 10.2370601818377
325 -0.515279865524788 10.2370816791564
326 -0.659209656925387 8.63261499073956
327 -0.515216739717291 10.2370860573268
328 -0.515285475325145 10.2370946328367
329 -0.659291640728007 8.63270311935267
330 -0.51523618789514 10.23704957355
331 -0.5152839633133 10.2370987336752
332 -0.714331718244831 8.07300494838093
333 -0.658881853225278 8.63226056636187
334 -0.515271044484152 10.2371281199984
335 -0.515252689545264 10.2370738458485
336 -0.515245022119491 10.2371156732314
337 -0.515228817030952 10.2370501893409
338 -0.515217408021238 10.2370765701967
339 -0.515284611662904 10.2371036942725
340 -0.659321566957183 8.63273546822721
341 -0.515285690309153 10.2370968737691
342 -0.51526180905356 10.2370821130668
343 -0.515283445505384 10.2370978875441
344 -0.659173614728255 8.63257626369382
345 -0.659363925677335 8.63278244474577
346 -0.515284297535003 10.2371014479428
347 1.11667472547731 5.87183830726438
348 -0.515268353958476 10.2371147610278
349 -0.51524183238038 10.2370631113928
350 -0.714409922733007 8.07307687903694
351 1.16405371690976 8.71844078229976
352 -0.515268604892585 10.2371268488113
353 1.132767379692 6.87075638855887
354 -0.515278145242448 10.2370936168915
355 -0.515252209559204 10.2371203352906
356 -0.515270883563138 10.2370869928338
357 -0.659195531240323 8.63259945072137
358 -0.515256860438474 10.2370812497935
359 -0.515231846807426 10.2370406887884
360 -0.515230047606948 10.2370984220039
361 1.13277331107468 6.87074250990721
362 -0.515235921325897 10.2370587606772
363 2.42848476923318 3.72515944403642
364 -0.515219080172959 10.2370655439239
365 -0.515275760050979 10.2370904501041
366 -0.515227724013594 10.2371080627597
367 -0.515252418265567 10.2370771768321
368 -0.515278285903605 10.2371161005589
369 -0.515284562033378 10.2371021335579
370 -0.515245983058171 10.2370770150636
371 1.78083683259462 8.16647585809571
372 -0.51525103166506 10.2371104126108
373 -0.659342807349391 8.63275878836353
374 1.16435765613074 8.71837375193335
375 -0.515277870988046 10.2370920071101
376 -0.515218939443311 10.2370801154377
377 1.12273675716566 6.2523455747126
378 -0.714452795707193 8.07310722812314
379 -0.515219902128806 10.2370957475065
380 -0.515254939706935 10.2370992920619
381 -0.515279537397524 10.2370934513667
382 -0.515273891218272 10.2371012027233
383 -0.515240246201331 10.2370578360635
384 -0.515267096857205 10.2370880834105
385 -0.658933597464068 8.63231553581579
386 -0.515271505009656 10.2370867757238
387 1.74956572910763 3.77179750402808
388 -0.515219871202503 10.2370823298492
389 2.14684292991879 4.84683260871713
390 -0.515249771145598 10.2370727395408
391 1.7808337443151 8.16650524375202
392 -0.515267733690092 10.2370876432576
393 -0.658981299109723 8.63236843844193
394 -0.776107793286428 7.47601181861413
395 -0.51525951401695 10.2371150856106
396 1.16436912857667 8.71838710811529
397 -0.51525747194452 10.2370942057169
398 -0.515280109345178 10.2370946064496
399 1.78083362271428 8.1664423752249
400 -0.515228190578255 10.2370842388024
401 -0.515262342235364 10.2370811533468
402 1.13277399147462 6.87074272487488
403 -0.515261120001606 10.2370826596516
404 -0.515266435861355 10.2370871994812
405 2.6610826896362 7.38413577578891
406 -0.515276522299545 10.2370909456864
407 -0.515277788750661 10.2370939974447
408 -0.515258145399233 10.2370787392562
409 -0.659132549204744 8.63253111137159
410 1.11666642000492 5.87183382587995
411 -0.51525852483791 10.2370945882955
412 -0.51524337660347 10.23706253249
413 -0.515254706906796 10.2371014179896
414 -0.51525302655606 10.2370737183139
415 -0.515285713293794 10.2371012502083
416 -0.515284340524635 10.2371072575318
417 2.42891144773694 4.06213569967198
418 -0.658793210107148 8.63216343754102
419 -0.515282827814009 10.2371059032278
420 1.13277174883515 6.87074158613983
421 -0.51525126547286 10.2370897088725
422 1.16419818220237 8.71838753847339
423 -0.515261602839306 10.2370862682473
424 -0.515229935290583 10.2371109483804
425 -0.515232711706168 10.2370444719691
426 -0.515241273872509 10.2370726594452
427 -0.515246644699887 10.2370672694676
428 -0.515280581766895 10.2370970019104
429 -0.515277580155298 10.2370929688962
430 -0.515261323290128 10.2371251753896
431 2.14878633575573 5.23428669751359
432 1.1643268939883 8.71841159167753
433 -0.515260721836041 10.2371267804834
434 2.83368690013598 4.16197982298302
435 -0.515223979594902 10.2370664187688
436 -0.714391165908463 8.07304333764322
437 -0.515257484625809 10.2371027448479
438 -0.659300465402981 8.63271250107044
439 -0.515215901903281 10.2370967182503
440 -0.659187442905619 8.6325907931699
441 2.65389919101443 5.37288721519355
442 -0.515275765755946 10.2371137647223
443 1.16407621447191 8.71841912137188
444 -0.515285216289578 10.2371028555602
445 -0.515256339159266 10.2370901586736
446 -0.515281713244385 10.2370959410078
447 -0.51522434238337 10.2370453241999
448 -0.51522404586132 10.2370616125596
449 -0.659252491516481 8.6326610623947
450 -0.515265528712652 10.2370841592117
451 -0.515266656745422 10.2370841424829
452 -0.51526994163597 10.2370875415776
453 1.16405946124823 8.71841940644712
454 1.7512534660681 4.55686825467756
455 -0.515260540600462 10.2370806677626
456 -0.515263600296224 10.2370834875649
457 -0.515230398927576 10.237078916771
458 -0.51523381844058 10.2370955489316
459 -0.515219408664746 10.2370990454552
460 1.75058423149763 4.40262012904397
461 1.75564839028533 5.23616790572674
462 -0.515218058684618 10.2370655020272
463 -0.515274226998965 10.2370890473191
464 -0.515246964603623 10.2370761432882
465 1.13275319827879 6.87074226739205
466 -0.515250036870361 10.2370716839656
467 2.65388909733021 5.37296908686643
468 2.42845720671053 3.88037784012197
469 -0.659048307230922 8.63243924467842
470 -0.51527273341097 10.2371017569221
471 -0.515265657140706 10.2370839349328
472 1.75864026095283 5.62153477617072
473 -0.515249065288598 10.2370738853122
474 -0.515254806316405 10.2370835184795
475 1.16421746845418 8.71841440780406
476 -0.515277715937566 10.2371184869308
477 1.11250329190835 5.59587063327459
478 -0.515281231773069 10.2370955292003
479 -0.714384987836981 8.07305469095306
480 2.65389178712364 5.37293560934675
481 -0.659265606452599 8.63267512315712
482 -0.515224760463293 10.2370503241906
483 2.44216625589015 7.57826817820164
484 -0.714367326945249 8.07303870979463
485 -0.5152738855786 10.2370879542892
486 -0.515269236357554 10.2371084871467
487 -0.515264529150542 10.2371225843424
488 -0.515279400876974 10.2371155854726
489 2.15180915339159 5.86812627872372
490 1.75864017826818 5.62153605713089
491 -0.515215045404352 10.2370936444117
492 1.75569748062836 5.2361082474302
493 2.83396360190339 4.55361458980133
494 -0.515234223545632 10.2370455030582
495 1.11665855343147 5.87182557952372
496 -0.515267411654396 10.2370857739909
497 -0.51528502918799 10.2370999444947
498 -0.659190848431371 8.63259470135009
499 -0.659186701881955 8.63259018882837
500 1.16402914957976 8.7184127520913
501 -0.659149682416545 8.63254963034524
502 -0.515231299799871 10.2371033181882
503 -0.714336387853373 8.07300512279604
504 -0.515237472726892 10.2370634473147
505 -0.515254159285617 10.2370999498638
506 -0.515208675497896 10.2370295461041
507 -0.515248089211447 10.237073138899
508 -0.659279271867888 8.63268980890216
509 -0.515235540763993 10.2370654856296
510 -0.515271825996553 10.2370873244996
511 -0.515232782471556 10.2370416687839
512 1.10498619249947 5.04721294219448
513 -0.515262232852313 10.2371090852301
514 2.99522838511242 7.08886829929896
515 -0.659078914624529 8.63247217414246
516 -0.659256836827653 8.63266581457393
517 -0.515275294215984 10.2370916338027
518 -0.515231924197261 10.2370567677069
519 -0.51523493199475 10.237047675167
520 -0.515255738118679 10.2370764706966
521 -0.515226469279664 10.237050581923
522 -0.515266496943028 10.2371072390289
523 -0.51526007606488 10.2370814667017
524 2.42934050761885 4.2829670001644
525 -0.659335972576043 8.63275122671079
526 -0.515246344725971 10.2370662487154
527 -0.51522170430985 10.2370915757832
528 -0.515277286915221 10.237112562766
529 -0.515260266192208 10.2370945033853
530 -0.515249421215919 10.2370719462725
531 -0.515254550572112 10.2370835022818
532 -0.515241258680901 10.2370585932552
533 -0.515229182995983 10.2370225179997
534 -0.515275610239174 10.2370901626418
535 2.65213937887074 4.73417421749438
536 -0.714412544933351 8.07307497945722
537 -0.515264864783412 10.2371006607415
538 -0.714452529033986 8.07310699295406
539 2.1638187786638 7.82542981535063
540 -0.515183905579761 10.2370270703328
541 -0.515278931072502 10.2371139822346
542 -0.51525237075655 10.2370934116417
543 -0.515270558021765 10.2370859957501
544 1.78084049410594 8.16652163703314
545 -0.515281281025105 10.2371030065587
546 -0.515274339655144 10.2370900672241
547 2.14879954456633 5.2342583704406
548 -0.515216219952896 10.2370734373805
549 1.13277361469759 6.87074238779424
550 -0.515230697202128 10.2370513476226
551 -0.515214049244915 10.2370846666232
552 -0.51528406616411 10.2370987855069
553 -0.515239860359051 10.2370662788525
554 -0.515244868688133 10.23707161263
555 -0.515230215814254 10.2370255539869
556 -0.797062965644458 7.27853227726537
557 -0.515267166376699 10.2370843127737
558 -0.51524427277117 10.2370771244764
559 1.13277856131889 6.87073718191408
560 -0.749802513751655 7.72719495969088
561 1.75599568735337 5.23570583138425
562 -0.515279373535752 10.2370927822302
563 2.16381899663071 7.82540272841235
564 2.44216577913654 7.57823563737473
565 -0.515269898928645 10.237121314398
566 2.15192819749587 5.86793054572889
567 -0.714434186709757 8.07309219217194
568 -0.749798121365305 7.72718308850803
569 -0.51524335847597 10.2370727544614
570 2.14683005944824 4.84685704236588
571 -0.515281285886104 10.2370951340474
572 1.16403206113784 8.71841945800303
573 -0.714483640530667 8.07314326854905
574 2.42947836332941 4.56559804038145
575 1.13277530674392 6.8707408794439
576 -0.515280377355439 10.2370940993672
577 1.16429718063432 8.71841146788177
578 -0.515199190951999 10.237056807956
579 2.15190383392204 5.86781820179943
580 -0.515283694640408 10.2370982787654
581 -0.515246084268207 10.2370739317663
582 -0.515257797718356 10.237079577207
583 -0.659082047227621 8.63247613189695
584 -0.515285645684371 10.2371016975543
585 -0.659343055666739 8.63275883159814
586 -0.515237678163965 10.2370990386488
587 1.78083490141947 8.16649528017744
588 -0.51527414042675 10.2370882984957
589 -0.776109917557788 7.47602399413831
590 -0.515247182729316 10.2370727344893
591 2.16382875627359 7.82536595239023
592 -0.515221459956429 10.2371049974403
593 -0.515221386290987 10.2370678080578
594 -0.515222195539463 10.2371061925579
595 -0.515266516563001 10.2370852221065
596 -0.714357787685765 8.07301102730362
597 -0.51521560159309 10.2370944648785
598 -0.515272982914985 10.2370903586101
599 -0.51525619999197 10.2371145941591
600 -0.659335686485592 8.63275083076672
601 -0.515270875795681 10.2370923381349
602 -0.714444025413967 8.07310447485761
603 1.16431544255793 8.7183869278863
604 -0.714350831865886 8.0730151167895
605 -0.515050153992708 10.2367506474432
606 -0.515285596289798 10.2370986890126
607 -0.515249828402454 10.2370719807872
608 -0.515227793343976 10.2370730521175
609 2.16383885667207 7.82528918173698
610 -0.659157094262687 8.6325582950099
611 -0.515228092792812 10.2370587386717
612 -0.515277145198065 10.2371165978665
613 -0.515264814682925 10.2370835221373
614 -0.515228635529951 10.2370583200842
615 1.75124872889452 4.55687231583606
616 -0.515280396027248 10.2370936422766
617 -0.659139426138896 8.63253871032567
618 -0.842642940699195 6.85598609356652
619 1.13276398653392 6.87073606523591
620 -0.515267299914546 10.2370858071381
621 2.16382460983794 7.82539003884757
622 -0.515282254008536 10.2370963072015
623 2.44215971766361 7.57813275432785
624 -0.51527787324285 10.2370920360146
625 -0.515274558396403 10.2370907731208
626 -0.515161467603126 10.2371320120079
627 -0.51526246519897 10.2370819128307
628 -0.515280940123073 10.2371147022057
629 -0.515256622827152 10.2370874945222
630 -0.51524996074351 10.2370761765675
631 -0.714477864457668 8.07313655824769
632 -0.515278039330858 10.2370916467712
633 -0.515264878679194 10.2370841281827
634 1.16428427789637 8.7183799251367
635 -0.714458210405517 8.07311308631635
636 -0.515281494605181 10.2370949011859
637 1.78085068618123 8.16646490129752
638 -0.515273098503558 10.2370874323395
639 -0.515220900464097 10.2370219373837
640 1.16439735522553 8.71838255322671
641 3.53657797725301 4.50046697924979
642 2.99519164031651 7.08913903280622
643 -0.515236867456211 10.2370506029947
644 2.14880476967359 5.23424776458816
645 -0.659187018330927 8.63259059067891
646 -0.515285231093653 10.2371005113043
647 -0.659036607232098 8.63242674406264
648 -0.714386277007611 8.07304034598127
649 -0.515284958803715 10.237105181265
650 1.16433774638463 8.71841060036865
651 -0.515234347373368 10.2371152575024
652 -0.515175419371314 10.2370139552031
653 -0.515280538746944 10.237094595
654 -0.515244056328777 10.2370635885592
655 -0.515281405446807 10.2371095372883
656 -0.515246397833937 10.2371199214512
657 -0.515264822943707 10.2370850731941
658 -0.515283966782387 10.2371017143647
659 1.12270438742845 6.25232581147448
660 1.16398637801092 8.71873627221695
661 -0.51527169416579 10.2370977618645
662 1.1327697142012 6.87074731830631
663 -0.515272153194602 10.2370908892153
664 2.42937584931187 4.28290891972101
665 -0.515281116552262 10.2371140457033
666 -0.515285619763458 10.2370947144487
667 -0.515213840938021 10.2370858665996
668 -0.659164399811586 8.6325659665178
669 1.1166232755705 5.87179331322634
670 -0.659281846375959 8.63269257942536
671 1.16414316691957 8.71840361625325
672 -0.515248869505269 10.2370754170944
673 -0.515283908556658 10.2370986736236
674 -0.515214299861748 10.2370872630183
675 -0.515275943789734 10.2371181688642
676 1.75365402481635 4.95706037874204
677 2.66107316144788 7.38441934425091
678 -0.515259783436006 10.2371301276722
679 -0.51523026946915 10.2370120996142
680 -0.515284195189061 10.2371074918709
681 -0.51525438494347 10.2370775989437
682 -0.51524083051707 10.2370672289742
683 -0.515247575310559 10.2371135573765
684 1.16406479245911 8.71840817250809
685 -0.659122531582167 8.63252016256872
686 -0.515254977908886 10.2370783040885
687 2.16381871787793 7.82541284811272
688 -0.749839415546911 7.72718583090346
689 -0.515238673921762 10.2371024660203
690 -0.51521896066971 10.2370995269901
691 -0.515251471197874 10.2370757340763
692 -0.51516804475412 10.2369906903274
693 1.16430482115846 8.71840416682663
694 -0.714406198265138 8.07305849343916
695 -0.515224324338311 10.2370497213834
696 -0.515275585010409 10.2370909172965
697 -0.515233115807614 10.2371044267865
698 -0.51528184446056 10.2370960364873
699 -0.749827786255716 7.72718270462003
700 -0.515263524749858 10.2370827968704
701 -0.515275753944521 10.2371133849296
702 -0.659099579340893 8.63249485986856
703 1.12270751748997 6.25232739531147
704 -0.515274864932266 10.2371096798082
705 -0.515232231970313 10.23711306862
706 -0.515226346008364 10.2370954529959
707 -0.51528456895695 10.2371064843452
708 -0.515226844745596 10.2370366563622
709 -0.515228001082254 10.2371103493795
710 -0.515285249035638 10.2370984884506
711 -0.515280556318908 10.2370954813631
712 1.78085260682445 8.16645988568642
713 -0.659192197093028 8.6325962240967
714 1.12269783194183 6.25232715387448
715 -0.515216841073898 10.2370990253463
716 -0.515281750623723 10.2370960094043
717 -0.515250088920883 10.2370700126319
718 -0.515282554080432 10.2370967631697
719 -0.515282438325764 10.2371010955263
720 -0.515275508291875 10.2371187179169
721 -0.515179503729029 10.2370208044557
722 -0.515284967539458 10.2371046896488
723 -0.51527230489932 10.2370912836714
724 -0.515282037860155 10.2370957513356
725 -0.515261255442142 10.237085077144
726 2.16387179780676 7.82540614164146
727 2.14880727555658 5.23423976241763
728 -0.515214931401475 10.2370843116541
729 3.53770236139475 2.76826151149397
730 -0.515264795240779 10.2370839181079
731 -0.515284249608124 10.2371065021684
732 -0.515215477333329 10.2370930188797
733 -0.515214457673567 10.2370857821955
734 -0.515252984068051 10.2370744062715
735 -0.659243458195809 8.63265143943336
736 -0.714361726079625 8.07303398886049
737 1.13276719049049 6.87073203179809
738 -0.515237458244657 10.2370566288137
739 -0.515285250705872 10.2371035731392
740 -0.515245461446787 10.2370690129955
741 2.65206571797811 4.73437496118241
742 -0.51522705584334 10.2370439318774
743 -0.515275412901009 10.2370894133636
744 -0.515252360944441 10.2370730678332
745 -0.515281605276799 10.2371027588435
746 -0.515237589480531 10.2370558324305
747 -0.714419765709697 8.07307596754699
748 -0.515226618607098 10.2370737644578
749 -0.659238772985424 8.63264632780882
750 -0.515179494841461 10.2370773627233
751 -0.515283915702091 10.2370985188692
752 -0.515279006700937 10.2370939380214
753 -0.515261974144343 10.2370817064225
754 1.75220594833357 4.73778962779139
755 -0.659164127721158 8.63256528864402
756 3.12895389049944 6.97049148812553
757 -0.65931882286045 8.63273291034175
758 -0.515254192583179 10.2370780330493
759 -0.515223050754645 10.2371073252821
760 -0.515271636679235 10.2371053938417
761 -0.515224432478454 10.2370525867414
762 1.75865002460323 5.62151937280678
763 -0.515207767919594 10.2370590685392
764 2.65403183402458 5.37234267051638
765 -0.814548782018685 7.11567823763055
766 -0.659361611512897 8.63277982645057
767 2.16387037328084 7.82519428029331
768 1.7808339083962 8.16649796758978
769 -0.515284485618942 10.2371001146073
770 -0.51524530740651 10.237064749824
771 -0.515253695539337 10.2370762580701
772 -0.659117822169223 8.63251603766828
773 1.7586391859684 5.62153762279283
774 -0.659105410782372 8.63250119485285
775 1.75600760464593 5.2356564594322
776 -0.515233346468124 10.2370559395949
777 1.12269117059773 6.25231529242173
778 1.1125082947077 5.59587486493184
779 1.16436520396537 8.71838914455452
780 -0.515248890549209 10.2371091977233
781 1.75125000707753 4.55687958527498
782 2.16391601105622 7.82536684057673
783 -0.515279764921287 10.2370942366454
784 -0.515284171183912 10.2371072708762
785 -0.515282032896984 10.2370961622518
786 1.78085376622714 8.16643949833193
787 -0.714470711254742 8.07313130462189
788 1.13277862352258 6.87073934667102
789 -0.515278258100399 10.237092502519
790 -0.515229683388059 10.2370306572126
791 -0.515267341452493 10.2370973436122
792 -0.515236529303037 10.2371158380967
793 1.76377842089581 6.249630516532
794 -0.515262087409926 10.2370816346227
795 -0.515226756487562 10.2370980544948
796 -0.714449846883802 8.07310409205671
797 -0.515267697528058 10.2370882576023
798 3.24751003513331 6.8665261573988
799 -0.51523740851116 10.2370562046573
800 -0.515257049504383 10.2370992365392
801 -0.51527872003771 10.2370918603122
802 2.6610892055502 7.38427660929423
803 1.16436217492543 8.71840026516047
804 -0.658884837541517 8.63226242149053
805 -0.659232797662137 8.63263982064062
806 -0.714448809240511 8.07310294746501
807 -0.714372129084504 8.07302421051982
808 -0.659202278316117 8.63260707020429
809 -0.515254902853238 10.2371040355896
810 2.66108488832238 7.38444695635355
811 -0.515222025365171 10.2370925524024
812 -0.515285375761698 10.23710249508
813 -0.714334101931124 8.07299075009742
814 -0.515238554062274 10.2370558719829
815 -0.515201240721152 10.2370167189375
816 -0.749812418667406 7.72719002942113
817 -0.659230942265257 8.63263788110109
818 1.75588529993238 5.23587003114148
819 -0.515234453170493 10.2370584408307
820 -0.515284598335746 10.2371061419974
821 -0.515228989720819 10.2370851698411
822 1.16428144024714 8.71841355169254
823 -0.515242027731638 10.2371126312856
824 1.13277808644405 6.87073904132907
825 -0.515231590701518 10.2370452599936
826 2.43082001882255 4.95405828491855
827 -0.659032767464999 8.632423869526
828 -0.515257410089012 10.2371214241868
829 1.16390151253974 8.71851855569836
830 2.14884912375796 5.2341545120563
831 -0.515261374206574 10.2370812250778
832 -0.515285233514597 10.2371040845297
833 -0.515191652927811 10.2370355379882
834 -0.515243114871873 10.2370621984179
835 1.75599402458041 5.23570754620862
836 -0.5152208152555 10.2370640569439
837 2.16383145520251 7.82535189988766
838 1.13276946881668 6.87074121849845
839 -0.5152350816664 10.2370656999563
840 -0.51523564170965 10.2370684577281
841 -0.659148274507712 8.63255076421261
842 1.13276275556475 6.87074143140884
843 -0.714472923163067 8.07313264055245
844 -0.515271883032296 10.2371189147066
845 -0.515281905573503 10.2371061664531
846 -0.515249495458986 10.2370705607628
847 -0.515263531419248 10.2370903700518
848 -0.51526896013792 10.2370846873295
849 -0.51526075817366 10.237080804454
850 -0.515222678445073 10.2370916404424
851 1.12269558490325 6.2523182596901
852 -0.658956583630634 8.63233999934672
853 -0.515265631335726 10.2370880934605
854 1.78083994203753 8.16654867435131
855 3.76871770682023 2.24425208286098
856 2.65128766986718 4.34406268367392
857 -0.515220568725112 10.2370612706573
858 -0.51527704545114 10.2370984030159
859 -0.51527003092957 10.2370977152079
860 -0.515237141188216 10.2371025385021
861 -0.515280560964646 10.2370999018415
862 1.16439198280172 8.7183735140718
863 -0.515251961455493 10.2370817321844
864 -0.515283651075469 10.2370982946095
865 1.76378688708405 6.24961339141344
866 -0.515283877717082 10.2370984783547
867 -0.515284629135443 10.2370991421398
868 -0.515230251898405 10.2370307333417
869 -0.515282422530196 10.2370969854073
870 -0.515284939087688 10.2371011020795
871 -0.515240341070783 10.2370682320625
872 -0.515284959734326 10.2371024877209
873 -0.515255920939684 10.2370997803946
874 -0.714437508180682 8.0730906974326
875 -0.515216227526626 10.2370979293243
876 -0.515249258471405 10.2370746655837
877 -0.515252152904123 10.2370951721115
878 3.24363395776998 4.79086119300701
879 1.78083810698502 8.1664900802921
880 1.10337207562397 4.91409890521435
881 -0.515224324426895 10.2370916873272
882 -0.74981033361308 7.72718022158697
883 2.44216448917793 7.57822171431283
884 -0.515282945668691 10.2370969595206
885 1.16393050127581 8.71847789852946
886 -0.659309097102189 8.63272346760878
887 -0.659139474051461 8.63253935388179
888 1.16432590190116 8.71839819815908
889 -0.515283707342953 10.2371095797681
890 -0.515275344121249 10.2370905930359
891 -0.515228589289646 10.2371016900409
892 1.12277157426427 6.25235886571624
893 1.16435532258841 8.71840346791004
894 -0.659346168020162 8.63276209171352
895 -0.515261375615081 10.2370823392472
896 -0.515232574721931 10.2370549923871
897 1.13276769716846 6.87075226801176
898 1.16437458586788 8.718395793487
899 -0.714447278940577 8.07310640185474
900 -0.776115786640238 7.47602624955121
901 1.16438488244383 8.71838522354646
902 -0.515100481191754 10.2368652795256
903 -0.515109811636262 10.2368635133505
904 -0.515282097306534 10.2370961999137
905 -0.515253761687511 10.2370744819281
906 -0.515206729068277 10.2370599840893
907 1.75364984404692 4.95705965883315
908 1.78083295313982 8.16650721638206
909 -0.659142366267061 8.63254219432581
910 -0.515258547193431 10.2370798325501
911 -0.515234426711378 10.2371073094582
912 -0.515285413878966 10.2371032198988
913 1.16401593332784 8.71842234447694
914 -0.515214604107025 10.2370796962032
915 -0.515271214150217 10.2370888399669
916 -0.51523704727248 10.2370945846459
917 -0.515270840482995 10.2371150181385
918 -0.714476766958235 8.07313468648645
919 2.15181023316907 5.868122624404
920 -0.515277920798256 10.2371191560052
921 -0.515262998614021 10.2370842075181
922 -0.65930923709966 8.63272224676029
923 -0.515222165221005 10.2370870287598
924 -0.515260519093988 10.2370806545261
925 -0.659244365549358 8.63265230376683
926 -0.515271878386509 10.2370875227109
927 -0.829630391460647 6.97707601452382
928 -0.515233288442914 10.2370844685316
929 -0.515240054193933 10.2370609839597
930 1.16437585846347 8.718373828556
931 -0.515234213976225 10.2371111124702
932 1.75864682712733 5.62152205207686
933 -0.515278704594881 10.2370978960762
934 -0.659141480115628 8.63254155707127
935 -0.829537393887992 6.9769243753455
936 2.16382005849996 7.82543912193193
937 -0.659359768613499 8.6327770905868
938 -0.515225308871759 10.2370675952006
939 -0.515267600290438 10.2370856746526
940 -0.714407228765661 8.07306039628055
941 2.16381867468279 7.82541459935824
942 -0.749814023385752 7.72717473824891
943 1.16428419513539 8.71837593245234
944 1.16438198266326 8.71837400158712
945 -0.5152794484251 10.2371131023806
946 -0.659144461536071 8.63254405699678
947 -0.65913912554974 8.63253899973028
948 -0.51522902513961 10.2370661992719
949 2.44216473477931 7.57827581279078
950 1.16409805464437 8.71842800667272
951 -0.515284171445171 10.2370993483403
952 1.78083170334814 8.16650664494162
953 -0.797054911960228 7.27852666288702
954 -0.51525100260685 10.2370748167996
955 1.16438883001603 8.71837373172065
956 2.14557941806502 4.34507385128568
957 -0.515259316979128 10.2371241029205
958 -0.515232153169501 10.2370390743846
959 -0.714450080229038 8.07310433938997
960 -0.515285294230634 10.2371007923224
961 1.13277746969551 6.87074025940915
962 -0.515283895683248 10.2370986580038
963 3.83445915184062 6.35046153374056
964 -0.515278580164731 10.2371199432171
965 -0.515238338749959 10.237055755265
966 1.12271847536724 6.25232160949329
967 1.78083385701698 8.16650875380106
968 -0.515279017989458 10.2370803002956
969 -0.515263088120274 10.2370829380383
970 -0.515274162353391 10.2371136469713
971 2.44215868959055 7.57823510925826
972 1.10937434378899 5.37886966174681
973 1.1327743214414 6.87073901425579
974 -0.515231428999403 10.2370928388911
975 -0.515281226173772 10.2370955289159
976 -0.515253827210129 10.2371205651979
977 -0.515260549841182 10.2370806592342
978 -0.515266772487085 10.2370840249005
979 2.16381915759606 7.82540780093269
980 2.42901906448696 3.46962334587925
981 1.75864940240854 5.62152173778389
982 -0.51526299371595 10.237102268742
983 -0.515125243094329 10.236903718326
984 -0.515258417740868 10.237114373013
985 -0.515187300822171 10.2369764427558
986 -0.515235793946262 10.2370614187313
987 -0.515222555780398 10.2370478966578
988 -0.659195740028038 8.63260006749912
989 1.13275843672008 6.87073615541092
990 3.12895137784726 6.97095959153618
991 -0.51522742135601 10.237040883449
992 -0.515237208351779 10.2371087925696
993 -0.749784539622299 7.72719323991207
994 -0.515281908174262 10.2370960965943
995 1.16430707061926 8.71840865887952
996 2.66108818799423 7.3844106625674
997 -0.515283545456922 10.2370992091424
998 -0.515237196129772 10.2370633639398
999 -0.51527077063315 10.2370880508488
1000 2.43086713143677 4.95415401341842
1001 -0.515219093763146 10.2370697196898
1002 -0.515242377225865 10.2370713475849
1003 -0.51523192297944 10.2370459245048
1004 -0.659152652883354 8.63255315276442
1005 -0.515263168407323 10.2370874922513
1006 -0.51522084088149 10.237096365134
1007 -0.659190887797511 8.63259705143043
1008 2.84152916693125 7.2246438658298
1009 1.12272002519086 6.25233347731441
1010 -0.515279681707036 10.23709306183
1011 -0.515226825284199 10.2370836296433
1012 -0.515265632673655 10.2371279043828
1013 1.13277113446352 6.87073319545858
1014 -0.515273388973126 10.2371257670104
1015 -0.659263267340003 8.63267317754612
1016 -0.515284656412741 10.2371005798571
1017 -0.515199121623309 10.2370444400599
1018 -0.515229702902821 10.2370828020562
1019 -0.515253803219266 10.2370895106611
1020 -0.515220642107745 10.2370858371885
1021 2.16383432134536 7.8253063147283
1022 -0.515285021466397 10.2370978975862
1023 -0.515246517417827 10.2371199405563
1024 -0.659102239490068 8.63249875741847
1025 -0.659341571586884 8.63275711614474
1026 -0.51526369959242 10.2371016979159
1027 -0.515282446693181 10.2370964720136
1028 -0.515244032445844 10.2370684410821
1029 -0.515239250613186 10.2371139189592
1030 -0.515267049168809 10.2370913624883
1031 -0.714340535004768 8.07301486420308
1032 -0.515241052485989 10.2371017363346
1033 -0.515226719193404 10.23705803955
1034 1.16435377527775 8.71840193296494
1035 -0.515204994799491 10.2370653372165
1036 -0.749817890744851 7.72717648529436
1037 2.4293373686054 4.28298051022939
1038 -0.515283642837561 10.2371101492325
1039 -0.515238912032204 10.2370622469398
1040 1.11668192472068 5.87184258006886
1041 2.98912836291883 3.31905194938954
1042 -0.515172236843977 10.2369920543837
1043 -0.515238992001473 10.2370563100568
1044 -0.515283974001514 10.237108691509
1045 2.66109015788531 7.38426973727789
1046 -0.515217667835364 10.2370937225552
1047 -0.515285020302444 10.2371009723797
1048 1.76377095048485 6.24964708834687
1049 1.78084218613778 8.16642132188879
1050 -0.515244036512507 10.2370716468791
1051 3.69487937558444 3.29981053382336
1052 1.12278954174517 6.25237848584474
1053 1.13277114237775 6.87073684928613
1054 1.13277925622145 6.87073795462857
1055 2.83557290066481 5.19385115342698
1056 -0.515252278306276 10.2370734090471
1057 -0.659191556161539 8.63259550138189
1058 -0.515243570441226 10.2370791425364
1059 -0.515276175353431 10.2370904375629
1060 -0.515242902256487 10.2371150546545
1061 -0.659235605002707 8.63264284875152
1062 -0.51526159287073 10.2370814636444
1063 2.1468073531254 4.84688821678681
1064 -0.515249249693651 10.2370700225768
1065 1.78084811672472 8.16646401395954
1066 -0.515247548617515 10.2370689880635
1067 1.78083140125199 8.16650689452101
1068 -0.7144407512408 8.07310252785692
1069 1.78083953439515 8.16641332988029
1070 -0.515267819997593 10.2370847202744
1071 -0.515232104854427 10.237110018335
1072 -0.714480897674861 8.07314061591133
1073 -0.515258064389967 10.2370989660986
1074 -0.51527161991681 10.2370880583065
1075 -0.515285086445652 10.2371035116818
1076 -0.515285725186832 10.2371005813988
1077 -0.515226176351939 10.2371068745941
1078 -0.515252518254651 10.2370745281712
1079 -0.515256004817179 10.2370770892071
1080 -0.515284480903502 10.2371017483315
1081 1.16401141441695 8.71841119538058
1082 -0.515218859527133 10.2370817827381
1083 -0.51528372160395 10.2371084629655
1084 -0.515283762675734 10.2370984123409
1085 -0.51524794633019 10.2370735735995
1086 1.7808542056422 8.16644682754457
1087 -0.515269946663559 10.2370878698959
1088 -0.659058078198335 8.63245091183679
1089 1.1643566283563 8.71840758694814
1090 -0.515256769753021 10.2370801157574
1091 1.16429892775833 8.71841266444728
1092 1.78083535495785 8.16653425149202
1093 -0.515265343102681 10.2370841720132
1094 -0.515250642382304 10.2370784502206
1095 1.78083630772708 8.16653286213241
1096 -0.659305264634185 8.63271783795217
1097 1.16429829392627 8.71841200118035
1098 -0.515224129095249 10.2370511622384
1099 -0.515234648920583 10.2370649877586
1100 -0.5152488567352 10.2370695663131
1101 2.65122868302575 3.50212409521803
1102 -0.515247331757845 10.2370674166593
1103 1.11668435322232 5.8718448435491
1104 -0.659141312699038 8.63254046851841
1105 1.13276625968059 6.87073121008741
1106 -0.659251280373884 8.63265981363903
1107 -0.515197216902129 10.2370466041833
1108 1.10937435981839 5.37886961374123
1109 -0.659027254264015 8.63241844168322
1110 -0.515256505182259 10.2371109387115
1111 -0.515235671341879 10.2370640448067
1112 3.35405823133999 6.77274486110496
1113 -0.515273645853885 10.2370886093929
1114 -0.515231439348098 10.2370345969989
1115 -0.659182349166319 8.63258544267675
1116 -0.515237485888425 10.2370688826249
1117 -0.814578513539746 7.11570713819861
1118 -0.515245900766543 10.2370914583139
1119 -0.515284574889792 10.2370996539017
1120 -0.515220513974402 10.237061979821
1121 2.16382894201076 7.8253827569932
1122 1.78083619578849 8.16648665908157
1123 -0.515258841892959 10.2371055334561
1124 -0.515221497564807 10.2370778286138
1125 -0.714387252438739 8.07305409208885
1126 -0.659121629916701 8.63251897982448
1127 -0.714340053549654 8.07299718855876
1128 -0.659294103544032 8.63270566196236
1129 -0.515233220976372 10.2371144713336
1130 -0.659016428813266 8.63240814153535
1131 -0.749787245720575 7.72715766674627
1132 -0.515274785430597 10.2370886045241
1133 -0.515278277865565 10.2371041608
1134 1.7808299824636 8.16640766829115
1135 1.76374636441786 6.2497066387482
1136 -0.515279526875471 10.2371120952968
1137 -0.515247433914878 10.2370721477469
1138 -0.515279247804261 10.2370939095711
1139 1.16431102922998 8.7184112868557
1140 -0.659159227211958 8.63256089892105
1141 -0.515270003768762 10.2370872765699
1142 -0.515279009619276 10.237093121673
1143 -0.515284232442014 10.2371039002075
1144 -0.714477418236143 8.07313549532384
1145 -0.515284909804224 10.2371019213426
1146 1.16414550828632 8.71839968970772
1147 -0.515237663745394 10.2370628070999
1148 1.1642387817637 8.71842081813705
1149 -0.515273501905502 10.237087946764
1150 2.14684442234404 4.84682821347061
1151 -0.515268621552148 10.2370867219922
1152 2.65143804030097 4.34380953079959
1153 3.35071098204109 3.13914188382032
1154 -0.515269566745744 10.2370855108715
1155 -0.714483110650941 8.07314275832495
1156 -0.515257605251551 10.2370792136572
1157 -0.515262743493816 10.2370855455628
1158 1.16432878746337 8.71841067002796
1159 1.78083248663494 8.16650629310777
1160 -0.515272199350111 10.2371268258523
1161 -0.515285512107532 10.237101529052
1162 2.14879246288518 5.23427480548032
1163 -0.714448505347755 8.07310271026233
1164 1.76375281572075 6.24968706084423
1165 1.16392576128007 8.71847194194866
1166 -0.515228980929592 10.2371122510454
1167 -0.515230494918082 10.2370720298757
1168 -0.749831956866332 7.72717388733458
1169 -0.515279962381743 10.2370939800187
1170 -0.515247764888247 10.2370693654876
1171 -0.515276703873101 10.2370915804913
1172 2.15186551305846 5.86792758026919
1173 -0.515229745518413 10.2370344963045
1174 -0.515245052321839 10.2371050141524
1175 -0.659156813731431 8.63255744015331
1176 -0.515280464608052 10.2370945099449
1177 1.75221926832428 4.73780360514517
1178 -0.515236909764932 10.2370607441397
1179 2.99516895823794 7.08914414970674
1180 -0.515247155455613 10.2370715180294
1181 -0.515234241821179 10.2371146324781
1182 -0.51521855991458 10.2370926087766
1183 -0.51522798443853 10.2370187578795
1184 -0.515257261190002 10.237090236285
1185 1.75116608112033 4.5569358742969
1186 -0.515266673298176 10.2371061296282
1187 -0.515229398324011 10.2370543954478
1188 -0.51525603352502 10.2370768142868
1189 -0.515217943021539 10.2370923510539
1190 -0.515285254552779 10.2371017693123
1191 2.65101318492995 4.06173740104123
1192 -0.515283771559755 10.2370984235692
1193 -0.515271255484177 10.2370866467209
1194 1.16432979310969 8.71841089040059
1195 -0.515233843882632 10.2370502095694
1196 -0.515276595196472 10.2371170769082
1197 1.16405717136698 8.7184188601252
1198 -0.515274144466395 10.2370895348707
1199 -0.659222955015645 8.63262929069882
1200 -0.776100256743269 7.47601572946883
1201 1.16435058147847 8.71840730386705
1202 -0.749837455457577 7.7271990799013
1203 -0.515241723429693 10.2370934886302
1204 -0.515241749019671 10.237100683906
1205 -0.515279311497731 10.2370972486231
1206 -0.515196464319161 10.2370446984193
1207 -0.515230598181639 10.2370355752512
1208 -0.515247794674072 10.2370677712914
1209 2.98890372148195 4.00676498383362
1210 -0.65920123306017 8.63260568216243
1211 -0.515285578016949 10.2370971734655
1212 -0.659303394759668 8.63271577602458
1213 -0.515284452633397 10.2371002265597
1214 -0.7971155153811 7.27858154632864
1215 1.12276065105305 6.25235611487316
1216 -0.515284743528298 10.237100945115
1217 2.15185317347277 5.86797108191296
1218 -0.659224060160711 8.63263073204445
1219 -0.515280532314945 10.2370940603881
1220 -0.776101554835187 7.47601689796781
1221 -0.749790527484425 7.72717933090654
1222 1.12276754241149 6.25236488549745
1223 -0.776118991207673 7.47601530689949
1224 -0.515278782842309 10.2370948926704
1225 -0.515216852878334 10.2370944433226
1226 -0.515267639943491 10.2370852133446
1227 -0.714382586920085 8.07303598161304
1228 -0.515280768038218 10.2370941349397
1229 -0.659194793303446 8.63260122977725
1230 -0.515159621992159 10.2369810191696
1231 1.75219045569783 4.73782471995191
1232 2.16383011286421 7.8253358636494
1233 -0.515258178403118 10.2370796197916
1234 -0.515241771969923 10.2370671022791
1235 -0.515257876328138 10.2371083927783
1236 -0.776067766842675 7.47598184355367
1237 -0.659149177796324 8.63254972683882
1238 -0.659285089713034 8.63269607185901
1239 -0.659035995402352 8.63242735796457
1240 -0.515268860861194 10.2371284468368
1241 -0.515284317467087 10.2371066870557
1242 -0.515226545439211 10.237085890433
1243 -0.515266690932921 10.2370890889751
1244 1.78083666065281 8.1665206307633
1245 3.44768714832929 4.5885985354993
1246 -0.814495148886839 7.1156238099738
1247 -0.51524556177309 10.2370726211174
1248 -0.515284876339109 10.2370921833341
1249 -0.515279681767162 10.2371144810682
1250 2.16382376578543 7.82538516850778
1251 1.7808329956671 8.16649955919161
1252 -0.515213977555091 10.2370833895971
1253 -0.659257631709518 8.63266660565785
1254 -0.776100829615796 7.47601629963473
1255 -0.515283356594304 10.2370975153041
1256 -0.515268954670882 10.2371130796648
1257 1.13275065192744 6.87074389231557
1258 -0.659161763957957 8.63256341044746
1259 -0.51528096939642 10.2370952554686
1260 -0.515273872783474 10.2370896899515
1261 -0.659102546306156 8.6324997213412
1262 -0.5152750397851 10.237090614555
1263 -0.51528459230237 10.2371032747565
1264 -0.749841720651903 7.72718973008184
1265 -0.515279644860726 10.2370947959742
1266 -0.659291563974633 8.6327034399903
1267 -0.515281017397044 10.2370951803481
1268 1.13275973265324 6.8707409433564
1269 -0.515267916313703 10.2370847963055
1270 3.24757727177926 6.86650580226747
1271 -0.515232970063751 10.2370492570123
1272 -0.515285018855335 10.2370998934541
1273 -0.515244646920709 10.2371138545203
1274 -0.515282472541883 10.2370971005414
1275 -0.659129147984274 8.63252718137072
1276 -0.714345535054453 8.07301860408738
1277 1.78085389051381 8.16623823637489
1278 -0.658983716376644 8.6323699569389
1279 -0.515279954816237 10.2370945259669
1280 -0.659047027323936 8.63243904508053
1281 -0.515272115783888 10.237113733029
1282 -0.515230876191069 10.2371088218556
1283 -0.515254583142602 10.2370773496547
1284 -0.515281254416729 10.237095804517
1285 -0.515253078862721 10.2370775457545
1286 -0.515259405816986 10.2370801127558
1287 -0.515283296653589 10.2371085278742
1288 -0.515285868812801 10.2370962365081
1289 -0.515283570574686 10.2371020659239
1290 -0.659083732100884 8.63247919017663
1291 -0.659349374068063 8.63276566833259
1292 -0.515245330234757 10.2370713438159
1293 1.76373207244556 6.24974099861869
1294 -0.515229121114409 10.237112199304
1295 -0.51528541902701 10.2371019975044
1296 -0.776113171974244 7.47602477728645
1297 -0.515235091396788 10.2370956529589
1298 -0.515281044824768 10.2370945588488
1299 -0.515244431411566 10.2371105360234
1300 -0.515285505010255 10.2371015912265
1301 1.13275117549583 6.87074863443886
1302 -0.515254712190393 10.2371137220504
1303 -0.51524783274451 10.2370693339074
1304 -0.515237824384775 10.2370624202006
1305 -0.515225471587251 10.23709561903
1306 2.66108103548121 7.38432240196252
1307 -0.659172168238795 8.6325747052131
1308 -0.659108252459246 8.63250435111325
1309 -0.659058927557679 8.63245192885223
1310 -0.515276327469386 10.2371221097703
1311 -0.51525125690793 10.2370723419531
1312 -0.515222981233204 10.2370968039892
1313 -0.776098890164322 7.47601047929049
1314 -0.515231009787289 10.2370626970617
1315 -0.515284229905008 10.2371058125316
1316 -0.515262046960938 10.2370834003951
1317 1.11667452448277 5.87183574295211
1318 -0.515284790949376 10.2371002902534
1319 -0.659330524981824 8.63274512769156
1320 -0.749847197335977 7.72718844257664
1321 -0.515257344373556 10.2371007721266
1322 -0.515268702610421 10.2370870331297
1323 -0.51527708210188 10.2371050326257
1324 -0.515277334718235 10.237086166609
1325 1.75365619819401 4.95705177203056
1326 -0.515277251365055 10.2371142349602
1327 -0.515234308590182 10.237062608959
1328 2.14683613910309 4.84684393758869
1329 -0.714475363300363 8.07313265008922
1330 2.66107487370531 7.38440902876387
1331 -0.515231036950738 10.2370397948225
1332 -0.659209333356835 8.63261627205854
1333 -0.714454364418448 8.07311434846607
1334 1.13274962663468 6.87075038274625
1335 -0.515237294463611 10.237053456135
1336 -0.515225339439252 10.2371040308645
1337 1.1643219314415 8.71841160397738
1338 1.1643557534442 8.71840245284334
1339 -0.515230497652162 10.2370571513739
1340 -0.515231857816772 10.2370940476465
1341 -0.515279318757422 10.2370949189018
1342 -0.51525015152065 10.2370717827446
1343 -0.515237350988208 10.2370721382717
1344 -0.515243198934886 10.2370655101096
1345 -0.515236050619033 10.2370611371979
1346 2.14684065675363 4.84683713194488
1347 -0.515270906283859 10.2370889865114
1348 -0.659087881411277 8.63248210034887
1349 -0.515262960420591 10.2371084299016
1350 -0.5152526992926 10.2371130715997
1351 1.13276799268842 6.87074190733361
1352 -0.515217960454748 10.2370455747971
1353 -0.515252798428451 10.237074277386
1354 -0.515235310763093 10.237064547825
1355 -0.515218844013706 10.23704378044
1356 1.16435876617663 8.71840121623789
1357 1.16437236953763 8.71837271600222
1358 -0.515284236421902 10.2371074961606
1359 -0.659101011911574 8.632496382251
1360 1.16435988693778 8.71837375408589
1361 -0.659075263076687 8.63246978341048
1362 -0.659276846362649 8.63268719310555
1363 -0.515267109247297 10.237084444611
1364 -0.659360784436204 8.63277820749866
1365 -0.51525491345186 10.2371055958946
1366 -0.515217956516744 10.2370916332081
1367 -0.659210384153163 8.63261575393794
1368 -0.515229268958751 10.2371124284721
1369 -0.515213274188055 10.2370707051178
1370 -0.515253495500539 10.2371048472875
1371 -0.515285860910089 10.2370974786495
1372 -0.515235687148998 10.2370949788548
1373 -0.515272014287673 10.2370896141101
1374 1.76376091278103 6.24967133179822
1375 -0.515227555848586 10.2371094459905
1376 -0.515227568464128 10.2370298329683
1377 1.16434486440745 8.71837430249455
1378 -0.659364577764582 8.63278264212444
1379 -0.51527616421616 10.2370898509202
1380 -0.515264733018941 10.2370841153033
1381 -0.659272457178633 8.63268248495925
1382 -0.515280980074225 10.2371128146408
1383 1.16439513296173 8.71837813652236
1384 -0.776115423897359 7.47603215338958
1385 -0.515277169024768 10.2370941320519
1386 -0.51526215816549 10.2370818889712
1387 -0.515273090645679 10.2370875976507
1388 -0.515217700911567 10.2370866170714
1389 1.1643605986421 8.71837431604929
1390 1.16433420256555 8.71841024490501
1391 -0.51525215317073 10.2371130855806
1392 2.15192069856529 5.86790460820153
1393 -0.515284940177054 10.2371039066534
1394 -0.659354965681461 8.63277174489776
1395 1.78084983523478 8.16644823673582
1396 -0.714465139415209 8.07312067009376
1397 -0.515244956871224 10.2370644637709
1398 -0.515215187359822 10.2370865362608
1399 1.78084753571144 8.16656389491338
1400 -0.515236109168563 10.237054850202
1401 -0.658767605948292 8.63213867719036
1402 -0.659238088267182 8.63264552635435
1403 -0.515222953048261 10.2370708974361
1404 -0.659341984975743 8.63275847100345
1405 -0.515284734974857 10.2371050325383
1406 -0.659224487725457 8.6326309296413
1407 -0.515194961825008 10.2370474754754
1408 1.16434776309515 8.71840888107798
1409 -0.515238956911109 10.23706524625
1410 -0.797128196957281 7.27858119701425
1411 -0.659248397666213 8.63265658008209
1412 -0.515260427319987 10.2370805666121
1413 1.7808343254055 8.16646426776837
1414 -0.71419581116339 8.07283272655374
1415 1.16437165346397 8.71838358538209
1416 -0.515214650048641 10.2370912466061
1417 -0.515283215910104 10.2371085806637
1418 1.16396440144185 8.71872454434473
1419 -0.51524220626154 10.2370602716736
1420 1.13277271067209 6.8707440266363
1421 -0.714409620243302 8.07306833837383
1422 1.1226884733937 6.25232890427411
1423 1.13276970773562 6.87072889122434
1424 -0.515268762166446 10.2370862726593
1425 1.13275144994267 6.87074237174712
1426 -0.515236174614455 10.2370670178972
1427 -0.829506141034259 6.97689990135873
1428 1.16403734286893 8.71832178313918
1429 2.15185351789963 5.86796653928063
1430 1.13274988707589 6.87074261318393
1431 -0.659178595314021 8.63258111251931
1432 -0.515242262263411 10.237065454921
1433 -0.515241280086268 10.2371138228044
1434 -0.515269999644894 10.2370883350782
1435 -0.714343257935727 8.07301774043177
1436 -0.515266768434652 10.2370840489063
1437 2.9900080953422 5.04161728126837
1438 -0.659076517493493 8.63247094808871
1439 -0.659180983578254 8.63258405652199
1440 -0.515184806145628 10.2370308567137
1441 1.13277047146065 6.87072831548769
1442 -0.51528172246407 10.2370959251399
1443 -0.515271139211251 10.2371202274487
1444 -0.659326794775084 8.63274288652705
1445 2.15180055672247 5.8681563208942
1446 -0.749847099715345 7.72718906297286
1447 -0.515251415261456 10.2370733402958
1448 -0.515259352548343 10.2370796641512
1449 -0.659122260509975 8.63252092540743
1450 -0.659116818643871 8.63251469699257
1451 -0.659166235922692 8.63256831588329
1452 -0.515230647204407 10.2370315421042
1453 -0.515269385563911 10.2371286679872
1454 -0.515245093727443 10.237065273563
1455 2.16382765999595 7.82536992019545
1456 -0.797069497077601 7.27853253019324
1457 -0.659141172503613 8.63254063348971
1458 -0.515284992744829 10.2371005573486
1459 1.76374576458593 6.24970309753066
1460 1.16427976208596 8.71840164877217
1461 2.14680578632909 4.84687941546308
1462 -0.515221330301923 10.2370826939947
1463 2.8355163150093 5.19416581918099
1464 -0.515249933143727 10.2370889852213
1465 -0.515277794450248 10.2370910219247
1466 -0.515245282172969 10.2370731371198
1467 -0.515277682955045 10.2370909371251
1468 -0.515246963432101 10.2371062740131
1469 -0.515223261546921 10.2370638063505
1470 -0.515267834296222 10.2370861210642
1471 -0.714362978183288 8.07302978301315
1472 -0.714472937360083 8.0731334954364
1473 -0.659298842230302 8.63271092168766
1474 -0.515160389240913 10.237103580728
1475 -0.515271966564249 10.2370873251311
1476 -0.65935876923182 8.63277595895902
1477 -0.749655701149088 7.72702174275743
1478 2.84153271602775 7.22438551244694
1479 3.24300388655077 3.7527379126117
1480 -0.515284138496172 10.2370987099965
1481 -0.515272973671683 10.2371010685286
1482 1.16434530088686 8.71837544753707
1483 -0.515269144761259 10.2371132355652
1484 -0.515269777075497 10.2370933040668
1485 -0.515273066218252 10.2371126242574
1486 -0.515256629499332 10.2370777709311
1487 1.12275335875832 6.25235611325333
1488 -0.515262235409962 10.2371249727884
1489 1.1327727549891 6.87074297434996
1490 -0.515245915269149 10.237085811943
