"node" "R" "H"
1 1.80559865111576 5.34207137965966
2 0.885511933288996 4.74160687064309
3 -1.79891487120117 12.3479380119139
4 -1.79897909182058 12.3480178323909
5 -0.353924148741089 9.32510948384899
6 -1.89649094572079 10.8420487966091
7 -0.327563752410737 10.9893133357925
8 2.15028800299015 4.27595143400976
9 -2.00105930631264 9.47430484334976
10 -2.06223241189507 8.73621971000913
11 -1.8964845566298 10.84199042803
12 -0.363481609707295 8.7232342799439
13 3.05820814754095 3.6231598995617
14 2.62485504261149 2.60026753870256
15 2.07387800663577 3.37110141036599
16 2.62326913130698 3.96655423938274
17 -1.89665878632629 10.8421869391083
18 1.99115156138197 3.84884762180549
19 -1.8965576632159 10.8420534026351
20 -2.06263776915362 8.73663578666409
21 1.44241431754611 4.1462995046147
22 0.889915138766636 5.99793770831769
23 3.35041528190427 2.53563668135378
24 2.57390193370115 4.10736444780569
25 -1.79900166457668 12.3479545530426
26 -1.89640811350663 10.8418390858087
27 2.22217138171916 4.78956736823917
28 0.230083009713263 6.91362491131548
29 2.41216085993195 3.13924943721797
30 -0.327337251284434 10.9893115524208
31 3.09147436477388 2.65817588971256
32 -0.374234656495071 8.07363736749047
33 0.246549899722191 8.73436269723403
34 0.238137177489501 7.74371856297604
35 3.24134873011756 4.24987855050128
36 -2.02626567938203 9.16344418043872
37 0.262384447643707 10.4510341733812
38 -0.353895166979651 9.32512887957498
39 2.29369475094082 8.61170463443257
40 2.57775116779971 2.04227529427529
41 -1.96543079263854 9.93366238865254
42 0.23352354576172 7.24841313013374
43 -1.93772797796671 10.2831554813766
44 -1.79916622744985 12.3482918192956
45 0.624233117133484 8.36352208594415
46 1.90217191072274 3.44455564160556
47 -0.353945758630147 9.32509280864031
48 -1.79874432607759 12.3476646346131
49 -1.79902956861698 12.3480899100929
50 -1.7989201283386 12.3479091364745
51 -1.79910304093391 12.3481888789902
52 -0.327291516834513 10.9893747669264
53 0.63503846643936 10.1114777319556
54 -1.79873086572412 12.3475884959936
55 5.09025456140896 -0.379917512260948
56 -2.2346327532698 6.87450218104318
57 -1.79937128029794 12.3486689946589
58 -1.96462274729651 9.93278948983146
59 -0.327501502685822 10.9893233229493
60 -1.79890848864707 12.3478175742257
61 -1.79910368207813 12.3481920334704
62 0.262342406140071 10.4511889307315
63 -1.79905608397087 12.3481314531807
64 0.241551150118284 8.1237040701054
65 2.88131254864389 6.1448217656502
66 -1.89657106137808 10.8420425805311
67 0.262350185672876 10.4512152487728
68 -2.10026370581447 8.31407780910935
69 -1.89640932945381 10.8419696262586
70 -2.06270693888144 8.73669914811859
71 -1.79908783785472 12.3481680016525
72 3.56664205992716 1.39349732852236
73 0.611798772279573 6.27536700200554
74 -1.79909364486288 12.3481704726968
75 3.06087771914612 1.7851001803474
76 -1.8966673055419 10.8421551028011
77 -1.8965192140758 10.8420244207811
78 2.41612093589024 8.50195446634704
79 -0.380822157624104 7.67827482059764
80 -1.9846841312515 9.67650331915069
81 -0.374160191765427 8.07367508071476
82 0.606814930986499 5.18710342633423
83 -0.327617796442591 10.9893272685426
84 -1.98489583786623 9.67688506719251
85 3.24159304028056 3.43960348628135
86 -0.327607877521813 10.9893286177865
87 0.614008548640726 6.68645383450535
88 0.908250350169281 9.86309314146746
89 2.99097805714159 3.04956418328907
90 0.605878119486462 5.06073224180038
91 -1.79888930353389 12.3477727639091
92 -1.93777397693603 10.2831593851267
93 -1.96492353051287 9.93307979453252
94 -1.79865793992072 12.3474767581695
95 -1.96464663567852 9.93273494059309
96 1.90937973125294 8.95718675273561
97 0.900172323883082 8.09205717473881
98 -1.8971447338858 10.8429107086947
99 3.76975913217007 0.94642602854759
100 0.886206719752717 4.9535993193792
101 0.604235335743607 4.45822451241458
102 3.3499958447992 4.36512417564535
103 -2.01558378621005 9.30755710425327
104 -1.79894378734333 12.3478608323302
105 0.262360338644535 10.4511654065449
106 -0.327532232611733 10.9892729844409
107 0.262367230230105 10.4510951673357
108 -1.79919461338988 12.3483481457255
109 1.44240814901885 4.18490016963676
110 -0.327335964895207 10.9893355091698
111 -1.79886019464869 12.3477156682897
112 -1.7988757080069 12.3478176818066
113 -0.394899961500069 6.81843583649495
114 2.22362964389486 6.15958284423367
115 2.95549212530288 3.03154976407005
116 -1.89648585609171 10.8420088902058
117 -2.1044003918125 8.25643046715649
118 2.7610222079279 2.15390228202196
119 3.5429878441485 2.08217332017302
120 -1.79903855718036 12.3480382349985
121 -2.0013943725155 9.4745875537625
122 -1.79884131385414 12.3478095333576
123 0.233608882429722 7.24830275778829
124 -2.10538372427154 8.25745417373279
125 -1.98459557996904 9.67637774006154
126 -1.798953479212 12.3479211113364
127 1.4553055560588 9.36676212254096
128 -1.79906622978101 12.3481464733358
129 -1.79939912361247 12.3489328393046
130 1.80787998740727 6.57136796984727
131 -1.79911448354183 12.3481668668554
132 -2.08349059142853 8.50439981022732
133 0.262394972518065 10.4510043398599
134 -1.79889063451493 12.347878267549
135 -1.79866875211413 12.3474538080645
136 0.614467803856201 6.86889043316361
137 -2.1047724809797 8.25685100520316
138 -0.392264110529973 6.97827179630263
139 -1.7990487756752 12.3481339398401
140 2.15052891494808 3.64389851711636
141 0.246647334331662 8.73433181814618
142 -0.377751694989073 7.85723761579073
143 0.241426724099857 8.12398596505074
144 3.63152198157453 1.02491138759165
145 2.76195913884505 8.19266591202674
146 -1.79901369850113 12.3480788787873
147 -2.00118257774836 9.47447820893792
148 -1.79905634023997 12.3481384392948
149 -1.98522357401401 9.67711232240659
150 3.6087512350627 1.70399663311884
151 -2.11458208525205 8.15241381432854
152 -1.89679250322397 10.8422837291452
153 -1.79925925042513 12.348455225924
154 3.52039238084662 7.51832798493033
155 5.64677165409612 -0.216896937652101
156 2.52256757009008 3.76085614173777
157 0.235618780804907 7.46702420049611
158 -1.79906231666937 12.3481446914362
159 2.15226552009781 6.23030512402264
160 0.609564004798092 5.74169805456756
161 -1.79890080128174 12.3479050495434
162 1.44419064026209 5.1446808201986
163 -1.98484844394924 9.67681083657406
164 -1.79884590112653 12.3477452065883
165 0.230120641210829 6.91358050114243
166 -1.89655885397557 10.8420275985176
167 2.84213036220587 2.78450838412609
168 1.28944182647804 5.13616102624043
169 -1.79909342943508 12.348131001322
170 3.74723212558885 4.25296528939851
171 -1.79907799832173 12.348157843066
172 3.47391004525247 2.41186103406866
173 -1.79912151043904 12.3482153447343
174 -1.79895316900071 12.3479712192049
175 -1.93764865612985 10.2830408690678
176 -1.79885473539478 12.3477702681504
177 -2.13870715438059 7.88669800428908
178 -0.374202460075922 8.07364983639748
179 0.231305621777179 7.06840348915225
180 4.20154930846015 0.663059895408859
181 1.10557583444642 4.33940164629043
182 -1.8963464573239 10.8418992687008
183 -1.79925994347229 12.3484538241356
184 -1.89640573107756 10.8418466677675
185 0.235910379437568 7.46708807304565
186 1.90936965792681 8.95728451383335
187 2.67050888097027 3.37067629092816
188 -0.369645616915854 8.34785883758411
189 3.80544249036208 1.38821271773499
190 -2.03682886037233 9.03866366325379
191 2.71738194816921 2.29365394481399
192 1.29690038143114 7.7019844467101
193 -1.93795438614377 10.2833001673507
194 0.619077315200231 7.75073527422773
195 -1.79905629622114 12.3480782125814
196 -1.79893143042332 12.3479320311561
197 -1.79891859758736 12.3478406077188
198 -1.8966571540737 10.8420795535684
199 -1.79887310402736 12.3478558440105
200 0.635083341908168 10.1112732147303
201 -1.89641774074542 10.8418963458426
202 2.88329945167314 1.85598513027152
203 -1.93764619865018 10.2831225437917
204 1.80452114256034 4.47880019769743
205 1.10772045171189 5.17507509285364
206 -1.79891658279218 12.3478330910412
207 -2.00190753969976 9.47506505261645
208 -1.7993526242683 12.3486248446655
209 0.886461532081167 5.1008097373192
210 3.56423115021302 2.65247672267593
211 -2.07544108595328 8.57471576672883
212 -1.89655430898507 10.8420247893881
213 -0.327639667332643 10.9893015362041
214 -1.79887895841765 12.3477544090734
215 -0.325304435755176 10.9909186308083
216 -1.89642731080412 10.8419551356513
217 -2.07677682596258 8.57594106310853
218 3.18402745131178 2.65502000442399
219 -2.17858786019343 7.43233584322304
220 0.614664859267143 6.86877419377016
221 -1.79896052777367 12.3479683691197
222 -0.363470508898465 8.7232155851685
223 -0.399269675389415 6.5533154122214
224 1.80473523762438 3.51080470062259
225 -1.89666284515981 10.8420886429819
226 -1.79913859101953 12.3481951706655
227 1.11228300598816 6.59442779350814
228 -1.79895330612938 12.3479017404347
229 2.41197070141456 3.47523848383191
230 -1.89671027052336 10.8422057813596
231 -1.7990405035528 12.348115163912
232 -1.79906023667926 12.3481374158696
233 3.32499740925778 7.69113898879591
234 -1.79887154751579 12.3477530168564
235 -1.89685561292604 10.8424228122741
236 -1.79886776570603 12.3477572201725
237 -0.327315875880072 10.989407994515
238 -0.410098481018263 5.85438528444315
239 -1.89625298792796 10.8417895620641
240 -1.79892459262535 12.3478549423016
241 1.10559396884881 4.33941992016632
242 -1.79906974775681 12.3480871022259
243 0.614534959875527 6.86896992901929
244 -1.89635915039538 10.8417123453324
245 1.45543536677218 9.36701361208354
246 -0.327515120631709 10.9891817850218
247 -1.79922426536759 12.3483928279525
248 3.09264877892123 7.8976734636483
249 2.22188314070093 4.28318874725148
250 -1.93771979502951 10.2831260985543
251 -1.79899343055009 12.3480277851012
252 -1.79904063914941 12.3480413783089
253 -0.396097476683513 6.74606716908589
254 -1.79907983374432 12.3481599582868
255 -1.89660171696833 10.842028657289
256 1.10684993016461 4.88064463016034
257 -2.14891732229788 7.77396898220238
258 -1.79912672159334 12.3482294650294
259 1.57731628191872 3.83418566304438
260 -1.79907374231694 12.3481536079006
261 -1.79893970827225 12.3478709088159
262 -1.93780224082189 10.2832447566613
263 -1.79886375264712 12.347751200324
264 1.6966620606603 4.01150343150495
265 -1.7991061263307 12.3482096211909
266 -1.79918263452098 12.3483216837514
267 -0.369581886866667 8.34782857770746
268 1.69794981733678 4.9825057352781
269 -0.353959951046089 9.32508995121272
270 -1.79874670175161 12.3476697948103
271 -1.79924982829529 12.3484449755621
272 -0.327593398851415 10.9891753498844
273 0.613867244800897 6.68671567995048
274 -1.96530660082597 9.9335067641532
275 0.89630698986431 7.47567134231143
276 2.8036370250266 8.15516784676303
277 -1.98465830128521 9.67630780079806
278 2.28942039133789 3.08910955550936
279 0.246518613859327 8.7343004855847
280 -0.35385708975247 9.32515306004809
281 -2.05494587414084 8.82778368607129
282 0.887930500794068 5.53714189959982
283 0.614497539631278 6.86891946762509
284 -1.79889611314813 12.3478439083163
285 -1.79904373159649 12.3481173756959
286 -1.79904365206072 12.3480989431284
287 -0.369603660542717 8.34784345796278
288 2.62515482713332 2.57129630751784
289 -0.396081299172082 6.74602454422914
290 -2.01471727422068 9.30672186498186
291 -0.327437764860767 10.9892597025417
292 1.1242614602729 9.6669081722377
293 -2.01472931715086 9.3067632366003
294 -1.79885738705799 12.3476476302737
295 0.229461280609793 6.91435312657235
296 -2.14535204112581 7.81014529908792
297 4.06808263205324 3.23809488824781
298 -0.387454587641214 7.2725358217595
299 0.891950753505814 6.40952883055776
300 0.614593970717499 6.86894162878473
301 3.64857593238623 4.74459084567948
302 -1.79907211737701 12.3481553618844
303 -0.383274111062402 7.5251834417032
304 -1.7992737043302 12.3484747976985
305 -2.00107067678267 9.47434329789056
306 -1.7989838934866 12.3480333331533
307 -1.98509493186248 9.67652125748591
308 -1.89657561782464 10.8420266661433
309 -1.96505321269171 9.93324129301292
310 0.62435819893152 8.36331937011901
311 0.241537446809034 8.12395228662292
312 2.22695953102921 8.67155160301853
313 -0.385514102654361 7.39141098798091
314 0.262357700593433 10.4511105211254
315 -2.04673504040918 8.92807478747578
316 0.888186566754452 5.70007891861059
317 0.217548957494102 5.49000810037446
318 0.262376507335136 10.4510481842065
319 -1.79899175784428 12.3479641415208
320 -1.79913140641131 12.3481896834122
321 -0.369595188801558 8.34780504160401
322 -1.79901844574987 12.3480840758875
323 4.51003083581064 2.97940985855978
324 -1.79907641657704 12.3481595250659
325 -1.79900021527118 12.3479293011264
326 1.44292669384907 4.5982012528572
327 -1.89677350685338 10.8422593347062
328 -1.9654849588825 9.93371175612864
329 0.246493563981046 8.73433597989975
330 -1.79905492339491 12.3481155491209
331 0.238094489230664 7.74377423091805
332 1.28881712243849 4.80827623500304
333 0.238140580717327 7.74370119535698
334 -1.79901940212632 12.3480147704039
335 1.29173930623484 6.01097225163521
336 -1.79902711485612 12.348081052826
337 0.894262427649869 6.81106503356827
338 -1.89640814120944 10.8418743105093
339 -1.79905095584898 12.348141143553
340 -1.89651473373204 10.8420188250099
341 0.892032376468839 6.40942524469616
342 -1.79914278864911 12.348266214699
343 -1.79899662295466 12.3480643526926
344 -2.03642082649716 9.03818282890778
345 0.238148399089537 7.74368867315932
346 -1.79878891687514 12.3477038111448
347 2.80201402131461 2.6767890652903
348 -1.79922862881367 12.3484002920173
349 1.70139709974629 6.67670000347999
350 -2.09484273149061 8.37365163522565
351 2.07453907622046 5.23027573351236
352 -1.98578382779478 9.6773751873199
353 -0.363487822097123 8.72328227774722
354 -1.79896525979385 12.3479575593463
355 -1.89643601358959 10.8419767376019
356 -1.89642339708191 10.8419218339857
357 -0.383237198809126 7.52513477191434
358 0.246624153842513 8.73432977598742
359 -1.79902549831264 12.3480271674866
360 -0.327472792422245 10.9892353552973
361 1.4440570800872 5.14478847927654
362 -1.8965791774277 10.8420251901809
363 4.05767947141788 0.34311759592777
364 -1.89651768259442 10.8420287584871
365 -1.93788842925981 10.2832323073002
366 -1.79910520548377 12.3481933336663
367 1.30251585079804 9.50509943658142
368 -2.00095411099995 9.47366358156391
369 -1.79897847759058 12.3479953687022
370 -0.363488769797839 8.72328487623702
371 2.35354628108328 6.03056802239237
372 -1.7990634039787 12.3481509250873
373 -1.89668001867636 10.8422014054005
374 2.22233278183992 5.08301324089114
375 -1.79905669617205 12.3481092394548
376 -1.79885699515068 12.3477727767054
377 1.80447378781735 3.78423040234749
378 -2.0632778273586 8.73726865336481
379 -0.369592628738848 8.3478168601743
380 -0.327542219791974 10.9893703767403
381 -0.377745382250176 7.85734028588927
382 -1.89641372245535 10.8419365853004
383 -2.06200722661222 8.73598805350747
384 -1.93793653609958 10.2832633227607
385 -1.98461987683249 9.6764233516639
386 -1.79907218651895 12.3480937944415
387 3.03040314242144 1.1380397625434
388 -1.93778120902509 10.2831404511475
389 2.84203244531437 2.78463051646339
390 -2.08204060435812 8.50295390354928
391 2.35287772506814 5.35914463561968
392 -1.7990063818816 12.3480724641777
393 1.28993478984522 5.38997906172486
394 3.37639128868607 2.37265895726887
395 -1.79906867769437 12.3480789398605
396 2.67072615485665 5.04247210872397
397 -0.327547854153212 10.9892050546957
398 -1.79884961628414 12.3477457338794
399 2.62346670725809 3.26371260982775
400 -1.79912494365636 12.3482372405271
401 0.624149118640957 8.36362560906879
402 2.28879401577564 3.9293650121947
403 -1.89644347425975 10.8419533611522
404 0.262364147372443 10.4510825272114
405 3.82114947920268 3.67006091404273
406 -2.03382600093256 8.91455454929705
407 -1.79902503045561 12.3480253978423
408 -1.79909030423802 12.3481741435827
409 -0.38746553613794 7.27256601435748
410 0.219153201712398 5.71648964764222
411 -0.327531405983042 10.9892008065052
412 -1.79882075985019 12.3476965806343
413 -1.79901642966651 12.3480505010539
414 -1.93758529506504 10.2829765437378
415 -0.377732154645025 7.85727234856069
416 -2.01491182390795 9.30692798916986
417 3.18609570633458 1.70470313634743
418 -0.396101532094281 6.74602701926045
419 -1.93783029828109 10.2832590306515
420 0.23811653739139 7.74371957981377
421 -1.98486490760237 9.67609508908104
422 0.614502549639147 6.86898791211242
423 -1.79906081151301 12.3481396727576
424 0.246624658599654 8.734328535603
425 -1.798808804207 12.3476913481775
426 0.24164366928599 8.12383279444872
427 0.230031225986002 6.91368297869392
428 -2.00097205694586 9.4736956802468
429 0.26239528731425 10.4510013485854
430 -1.79907833974288 12.3481603122585
431 3.05867387746091 2.73514098975739
432 2.22230488782531 5.08305970547719
433 -1.79840901144306 12.3470905864271
434 4.143348676663 1.47929989826833
435 -1.79912294817772 12.3482214139497
436 1.57780785709381 4.4634042458379
437 -1.79889061075471 12.3478403415332
438 0.613067654950089 6.53150791235156
439 -0.369521523533123 8.34787186520557
440 -0.377913548420758 7.85735180338632
441 3.40069146941745 3.18874215195436
442 1.90938135109186 8.95719118003752
443 2.07973169750148 8.80365906756883
444 -2.08818766314626 8.43574522455041
445 -1.89642764518863 10.8420057622468
446 2.52384554791206 6.49933602199732
447 -1.79877580531247 12.3476218698716
448 -0.369587461787754 8.3478514144983
449 1.69722897967388 4.58600867528897
450 -0.353964651468674 9.32500824612355
451 -2.05522178720873 8.82807131702366
452 0.63507522849771 10.111279708661
453 2.35243748416783 4.65923229277785
454 2.960756860344 1.17848559326909
455 -1.79904759480535 12.3481226077294
456 -1.79913968441982 12.3482519238996
457 -1.79906348070704 12.3481409292324
458 -1.79906357653117 12.3481523460813
459 -1.79910742464475 12.348195715591
460 3.0928902651665 1.96799791929402
461 2.67042510817253 4.01090136177581
462 -0.327616784627769 10.9891585797939
463 -1.79882283446499 12.3477655653954
464 -1.79877733770409 12.3476912884234
465 2.67029455432727 3.61320061741609
466 -0.369543695650911 8.34785067609388
467 2.88185015343043 2.34306429488165
468 2.95670967498788 2.07895492514893
469 0.604179554787427 4.59301013985148
470 -1.93786060145496 10.2832222354722
471 0.635070183217884 10.1112859259574
472 2.46861851966156 3.68761163556269
473 -1.79897680270305 12.3480199328368
474 -1.89637452952462 10.8418109978979
475 1.11081445554107 6.03499318121835
476 -1.79915216779858 12.3482723035966
477 2.28947991619245 2.99524206116429
478 -1.79917084596355 12.3482999111666
479 0.886169959337693 4.95364675300348
480 3.12287775178973 3.03268342915564
481 -0.396089732219216 6.74604407578299
482 -1.79871613818984 12.3475217717127
483 4.12714702705031 3.17872254174044
484 1.57757884764231 4.26239155206381
485 -1.79884662897903 12.3477531010143
486 -1.79894395257833 12.3479576177327
487 -1.89639735358224 10.8418941239669
488 -0.32741632649984 10.9893022705704
489 2.91884291687402 2.59551888639139
490 3.40099577300792 3.10313374058279
491 -0.353915779630714 9.32503996183518
492 3.21504096708229 1.82005286620295
493 4.02401606992324 1.35050771649229
494 -1.89713752142336 10.8429857208124
495 3.37631761308114 2.46225179388541
496 -1.96524059723356 9.93339479759155
497 -0.327303612698393 10.9893413777446
498 1.1094370764392 5.66949129145176
499 -2.00740595349008 9.29883028165818
500 1.30240602360653 9.50508656201635
501 0.886477255069811 5.10080025576968
502 -1.89677142486226 10.8422922490784
503 1.10970128911707 5.77847764869994
504 -2.00122321210911 9.4741500965949
505 -0.363496375640292 8.72321714964786
506 -1.89633410302081 10.8418888411877
507 -0.327367022579697 10.9892870688505
508 1.57741561270795 3.97396133311534
509 -1.79896236034621 12.3478815184125
510 -1.79900654720406 12.3479889876292
511 -2.01468173094317 9.30667186756585
512 2.1541487340781 2.1374543542177
513 -0.327629766473795 10.9892385405128
514 4.00700570229951 7.08841921448073
515 0.218791747835319 5.66768312724473
516 -1.89652721205761 10.8420032688387
517 1.4490831282981 6.92624345896032
518 -1.93824705685559 10.284002386475
519 2.84155534395236 4.64920745886702
520 -1.79888469587521 12.3478825287082
521 -1.89640968907641 10.8418717615371
522 -1.79901702752366 12.3480119938252
523 -0.327607958445254 10.9893283334411
524 2.15384756013089 2.20188183546228
525 -2.00102574849397 9.47418347292968
526 -1.79892396560716 12.3478751352671
527 -0.369617413851105 8.34784849797136
528 -1.7990634607021 12.3481416436161
529 -1.7988825174629 12.3478219797366
530 0.635052596323065 10.1111997100111
531 -1.79907890741013 12.3481667748272
532 -0.37773552614645 7.85725755023869
533 -1.79877550350581 12.3476260967433
534 -0.327616648185196 10.9893234494242
535 3.97562423493029 1.81539431070082
536 1.44265860269915 4.39729178657667
537 -1.79879976393002 12.3476838538414
538 -0.377729494937646 7.85728170097082
539 3.29731773826187 2.74310241838295
540 -1.96542073151552 9.93367079859742
541 0.238136463233964 7.74370337605477
542 -0.327218808539618 10.9894505603638
543 -1.89641845408634 10.8419844233626
544 2.35424502420805 6.66390898555425
545 -1.79932788401354 12.3485519927334
546 -1.79883092179565 12.3477601106318
547 3.78631321135323 1.69012302546089
548 0.262371193165131 10.4510681905544
549 0.908151060884077 9.86318120764298
550 1.11529829713804 7.25792824983645
551 1.12426644487281 9.66683341911399
552 -1.79879008074592 12.3476493251261
553 0.246523345473511 8.73432397082192
554 -0.326013308152998 10.9894436327119
555 -2.00136853095409 9.47459104158291
556 0.606800665388871 5.18706685268215
557 -1.7989691360059 12.3480025553435
558 -1.79872196481253 12.3476228200023
559 0.884974616989252 4.52637673836319
560 1.44259419513334 4.30797451993029
561 2.67150763979453 2.84279031570011
562 -0.38548187852445 7.39137682262219
563 3.44938756945221 3.33114055085411
564 3.54183150207968 4.85083961338528
565 -1.79883459022233 12.3478032323699
566 3.02566958154135 2.56213936912803
567 0.222476561845595 6.05925998502478
568 1.28781111036285 3.62804517695283
569 -1.79893094725798 12.3479383737179
570 3.3252381235372 2.01974607810763
571 -1.79881383813281 12.3476189760548
572 2.84194532767419 5.15514060458561
573 0.21911725812953 5.66728442645397
574 2.95619094415081 2.32769747788141
575 3.09081906185271 3.41419662429887
576 -1.79897361959421 12.347994031267
577 2.91836843560657 4.09414481218542
578 0.238115150895777 7.74371188119743
579 3.05878672364808 3.0379115852273
580 -0.36347412780208 8.72328346261604
581 -1.79919925081786 12.3483475407171
582 -1.79903672450357 12.3480415969568
583 -0.389169088290171 7.16542610537176
584 -0.353968724295963 9.32491052877917
585 2.84200745697007 2.56891678119563
586 -1.79911476458983 12.3482075116056
587 0.610695055828323 6.06803930374978
588 2.4703847394458 6.54935932038105
589 1.90203987211025 3.93791060542488
590 -0.377722265816226 7.85731547410464
591 3.47316555567515 3.5388913572971
592 -1.79859041137935 12.347376379681
593 -1.79881730054313 12.3477245999798
594 -1.79920564641787 12.3483566166044
595 -0.327626279782506 10.9893151842882
596 1.44294770638782 4.59819538522998
597 -0.363506577607681 8.72330602375827
598 -0.374182702760926 8.07365688201777
599 -1.79950589326381 12.3489134789516
600 0.228615475476416 6.7788761506491
601 -1.89655881333063 10.8420531136625
602 0.222478913477091 6.05926461461798
603 1.29688086569153 7.70195538918636
604 1.99246185904018 2.85508003776029
605 -0.380667974408216 7.67820472464209
606 -1.79921836913716 12.3483867973928
607 -1.7991668310722 12.3482914149151
608 -1.79907863843146 12.3480906340693
609 3.21446455766373 7.79008259716948
610 -0.397158308376618 6.67815268918439
611 -1.79924645543747 12.3484468458967
612 0.60473048581146 4.45783779684888
613 -1.9852292218002 9.67707085702712
614 -1.98507653472301 9.67699984659056
615 2.99301015895123 1.87557775785302
616 -1.8965804028839 10.8420181235003
617 -2.05525341612388 8.82810450210682
618 0.210956183756078 4.52976388476716
619 -0.385452224509545 7.39136435992374
620 0.216895663548935 5.53309561551848
621 2.29369085679048 8.61179932700465
622 -0.363506529824999 8.72330360567847
623 3.42530401194499 3.35540481568259
624 -1.79907484444556 12.3481582717261
625 0.262357064049172 10.4511292978441
626 -2.03676561315091 9.03859821692977
627 -1.79884762451649 12.3477616539478
628 -1.89664287537793 10.842071109727
629 -1.79905133976272 12.3481253658634
630 -1.79922518367245 12.3483917001113
631 -0.404780505032632 6.19808715568107
632 -0.327349576482714 10.9893295100933
633 -1.79908376530643 12.348169046888
634 3.47311382810299 3.41732385901565
635 -1.98459051988413 9.67636489406131
636 -1.79898249420931 12.3479959665582
637 1.90306637315245 5.244848410393
638 -1.79893576417099 12.3479026301065
639 -1.79895400958747 12.3479812512802
640 2.62325372133387 4.15780121303562
641 5.11176744789478 1.55903696019286
642 4.38124027644426 1.71102237029535
643 -1.93801487440813 10.2835511945659
644 3.76927133992681 1.0969176199984
645 0.610991812960109 5.97651866185875
646 -1.93782017760571 10.2832517219458
647 -0.404794562636819 6.19810165575501
648 0.891096968166216 6.25423675920751
649 2.07601356960262 6.3058669751916
650 3.3235777751138 3.8261626273407
651 -0.327448010595551 10.9893607580402
652 -2.06248656073564 8.73648049867468
653 0.241619859794435 8.1238391544192
654 -0.327498439283554 10.9893124178764
655 -1.79874397275432 12.3476586602689
656 -1.79876187363802 12.3476505909729
657 -1.96482756224572 9.93296007163442
658 -1.79891886625909 12.3478502493462
659 -0.392272161070907 6.9783016426115
660 1.44328588003664 4.77449325798411
661 0.89046182714422 6.11852165174316
662 1.80676582741626 5.90300816297409
663 -1.79889142315702 12.3477910249893
664 3.71066649873751 1.57132186867439
665 -1.79955839194956 12.3490805562942
666 -0.327370625504336 10.9893909563412
667 -0.380736123117215 7.67818347038962
668 -1.98495939799602 9.67695306311361
669 3.32474199490689 2.18861711514122
670 -1.89667655857744 10.8421741178075
671 1.11539161311633 7.25779072240823
672 -1.7989912095024 12.3480514425661
673 -1.79907650005316 12.3481561321805
674 -1.79906019018496 12.3481507759689
675 2.57495595975153 2.62190210085308
676 2.84314884095533 2.21831762826967
677 2.62455863936688 6.39830397678603
678 -1.79880489632203 12.347709493857
679 0.619106186398207 7.75049579268974
680 -0.353942170401416 9.32507037231188
681 0.233115489156078 7.24895319493356
682 -0.327622565668708 10.9893303726857
683 -2.00076631625636 9.47394711728777
684 -0.36347240140579 8.72323345568631
685 -1.9846340894701 9.67640899789034
686 -0.327560457334552 10.9891890752548
687 3.89158269977591 5.14884583972063
688 0.886033559021376 4.90813825544507
689 -0.353940250057215 9.32509103632993
690 -0.327463507974774 10.9893870313033
691 -2.02686242040174 9.16405230970283
692 -1.79867672791975 12.3475313111097
693 2.67050115045993 4.63569499673804
694 0.224137472669754 6.36300336060505
695 -1.79914551909206 12.3482574778587
696 -1.89669888972405 10.8421762889883
697 -1.79916182541845 12.3482848142509
698 -1.79886920360443 12.3478518048154
699 0.88459388717289 4.28477045361455
700 -0.327610671885016 10.9893290805867
701 -1.79900836523311 12.3480613355435
702 0.223443820486055 6.2792803863735
703 1.69687545144281 4.29090112219913
704 -1.93815274977373 10.2838209279664
705 -1.79894494131694 12.3479510907814
706 -1.79901762499372 12.3480968433289
707 -1.79755056316867 12.3459219242625
708 -0.363483341578094 8.72321599845469
709 -1.96443843390249 9.93290313810142
710 -1.7989783378709 12.3479867285159
711 -2.06312908989253 8.73713265649658
712 3.29676111420027 4.01011322465335
713 0.246630728536813 8.73431473719541
714 2.07424678442862 5.07410270741166
715 -1.98490853298589 9.67690203531781
716 -1.89639656504862 10.8419407156263
717 -1.79891739025018 12.3478451970418
718 0.26231423665677 10.451309809683
719 -1.79910454064721 12.3481907197043
720 -0.353910485763653 9.32511581646669
721 -0.377756821998413 7.85724194016931
722 -1.96487790134583 9.93296380862573
723 -1.79904431775297 12.3480195844939
724 -1.79908948967234 12.3481704447804
725 -0.385434019351687 7.39143982705175
726 3.71003188500547 1.87607794207076
727 2.80115485682226 3.23989681196749
728 -1.79892119493166 12.3478259234718
729 4.93402721815296 0.225533741365086
730 1.11158475492262 6.37386210643213
731 0.233367372074043 7.24861346140308
732 -1.89645166749321 10.8419343798303
733 -1.79935908416684 12.3488389067805
734 -1.79899673825518 12.3480086202896
735 0.612815019646302 6.39525372771345
736 1.28913892132681 4.99374414144512
737 2.15029093433904 3.6897824005853
738 -1.79910574437878 12.3481915195761
739 -1.98508231968406 9.67702814818047
740 -1.89647114241021 10.8419622347782
741 3.94215526856696 2.56105229196257
742 -1.79905924408109 12.3480728732889
743 0.887606404704473 5.39489042365546
744 0.246525752060008 8.73431481293074
745 -0.354026480999028 9.32502563604534
746 -1.7988593016485 12.3477771943385
747 -0.387449532047324 7.27249704921263
748 -1.798691116257 12.3475174108613
749 -1.98492891400606 9.67621426159563
750 -1.7989328894308 12.3478906609043
751 -1.79902489017497 12.3481008218128
752 -1.79874298401177 12.3476526039728
753 -1.79898301953189 12.3480420014985
754 3.69171273197994 1.2922086721782
755 -0.404992406000475 6.19795311901736
756 4.1981424081842 2.69003333900789
757 -1.79906338391134 12.3481535082765
758 -0.32729255011675 10.9893807836872
759 -1.79937956914466 12.3486594529543
760 -1.9646708388036 9.93298159330734
761 -1.79886692311117 12.3478047899086
762 3.42772306716034 1.63228128450342
763 0.894596346782194 6.81059081532047
764 3.02478976294008 3.65648553923547
765 0.884244387970892 4.05513275693078
766 0.896165073600874 7.4764633912153
767 2.91841554424254 3.86269021158406
768 0.613784394933333 6.68687816236547
769 -1.79901977235257 12.3480139736139
770 -1.79901082180459 12.3480299262488
771 -1.93783591893189 10.2832161714818
772 1.28920142599386 4.99370434483358
773 2.57520129116423 2.59350527040036
774 -1.96446250339119 9.93261549183142
775 3.06104427420864 1.76300385445998
776 -0.353931661255565 9.32512752902864
777 1.57731013661842 3.83411788797386
778 1.80436802005525 4.23694584269993
779 2.71853882132995 8.23138803854518
780 -0.327614682786336 10.9893288566561
781 2.80212287950918 2.31198699484879
782 2.80102918857661 4.34832916116604
783 -1.79885183272474 12.3478222098406
784 -0.369617962864953 8.34783540601236
785 -1.7988129652471 12.3477015121605
786 2.41222337822659 4.73657301211474
787 1.28842934368662 4.64780845011149
788 0.22076752339004 5.99603420088355
789 -1.79929840542549 12.3485287735756
790 -1.93758881756757 10.2830713190189
791 -2.03756342174826 9.03933458270849
792 2.84201868748946 5.54579545860614
793 1.90192941780817 3.84859757226233
794 -0.327621568582682 10.9893267110868
795 -1.79886091058558 12.3477579762303
796 -0.380658042079151 7.67823374269876
797 -1.93758609425998 10.2830918924341
798 4.35589412338075 6.78185409869375
799 -0.327126304910994 10.989553048251
800 -0.327592342200457 10.9893091276279
801 0.612389737567644 6.39582283471051
802 2.67120162636747 5.71558897978255
803 1.80675099575427 5.90303525441345
804 -1.93761665896188 10.2828996401893
805 1.29115529755448 5.8552397016618
806 0.887599945817585 5.39489791567708
807 0.218506655364486 5.66794021440482
808 -2.02744196091621 9.16462051929891
809 -2.03726672743363 9.03903812410154
810 3.64879780169306 5.38831662802815
811 -2.01393720805979 9.3059639599121
812 -0.353887985143343 9.32513647540557
813 0.608705105478154 5.54635032286656
814 1.99210749073282 5.15597437162584
815 0.223733702077304 6.2005807427288
816 0.60474719401204 4.77376687638447
817 3.15335801109341 4.33805374536024
818 3.27117000556157 1.98216693862589
819 -0.327619019972977 10.9893158322641
820 0.241432361008757 8.12398655721186
821 0.246600283352145 8.73432441227609
822 2.4688581934999 4.8374062294643
823 0.226089403747494 6.55148900364065
824 2.07381172454258 3.44100318587262
825 0.262338570899123 10.4511785703066
826 3.87496024309756 2.16377523949062
827 -1.89673447579919 10.8423248939129
828 0.229957381830773 6.91377091287274
829 0.888898266087359 5.79045730173607
830 2.75914221566605 4.73147842932381
831 0.89437606844258 6.8107091312888
832 -1.79937147744563 12.3486905650105
833 0.246497898660713 8.73435223753928
834 -0.32757324788497 10.9891824418102
835 3.29785032494627 2.28934776536782
836 -2.04587422835015 8.92729999665219
837 2.62333226122618 3.65998353929602
838 1.57837668419734 5.01069843143561
839 1.29254048738518 6.19306067083653
840 -1.93766874355925 10.28301004459
841 0.618923443314404 7.7510604261069
842 0.61741846856991 7.36780938658513
843 1.80451075638101 4.70053297931516
844 -1.79880683860236 12.3477230444593
845 -1.79884560816474 12.3478153684433
846 -1.89678829515825 10.8422821590653
847 0.23124681128992 7.06847293465845
848 -0.327601846999414 10.9891934431561
849 -1.79892401416586 12.3478445140859
850 -1.9648513361464 9.93292312266791
851 1.28778987009107 4.15726046634873
852 -0.409113651667261 5.92321207127634
853 -1.79887523995842 12.3477697917914
854 3.02523121856546 5.36395624519706
855 4.88296794396745 -1.70287330434604
856 2.95746283411877 1.86670228486713
857 -0.396056740487857 6.74602563643542
858 0.262330165033935 10.4512298434266
859 -0.377754865436672 7.85724417360864
860 0.888392928079779 5.61532542343287
861 -2.00124472839971 9.47451221311894
862 2.41374915368202 6.60471371227195
863 -1.79891299335661 12.3479416388713
864 -0.385395606069324 7.39133631014856
865 1.99162558047333 4.59773958752364
866 -1.79911773841342 12.3481722756904
867 -1.79915970230512 12.3482811487144
868 -1.79907268740746 12.34815093068
869 1.58903464368896 9.24671762821631
870 -0.363465063504135 8.7232731902385
871 1.12425751781436 9.66702752153813
872 2.22697526218038 8.67175529896815
873 -0.389197070419124 7.16541705691348
874 1.29068969430112 5.71922753656296
875 -0.369626557724071 8.34786287081127
876 -0.363476719838374 8.72326029321423
877 -1.79914901333715 12.3482625230139
878 4.08343780945423 2.34009791224028
879 1.29043107712276 5.59816570729242
880 1.90519156486154 2.35546399457472
881 1.44513575094303 5.56497611633902
882 -2.02714027946344 9.1643175625983
883 2.62389393188619 5.37207660209965
884 -1.896569299182 10.8420299251274
885 3.2694201742599 3.74285998181212
886 -2.14176198797116 7.84739736604667
887 -0.363487010776027 8.72324257037487
888 -0.326815036944632 10.9892592172969
889 0.635074227548296 10.1112990562484
890 -1.8965104730891 10.8419675526378
891 -0.363475950307466 8.72328334397493
892 3.47491943370563 1.80776887181679
893 1.90335811514886 5.58466506478628
894 0.241507417520788 8.12388732159207
895 1.28862966331657 4.75234942128489
896 -1.89669589942769 10.8421382515179
897 1.44509380197375 5.56504525053511
898 1.70256938315258 7.30393277413398
899 1.29171883602414 6.01098452133095
900 1.10537150645536 3.59449836014833
901 1.57902912546143 5.31011409854889
902 -1.79879453851369 12.3476755138137
903 0.619621460451939 7.74934933923585
904 1.10861993297472 5.47971669264057
905 -1.79916076419272 12.3482830245866
906 -1.79924633729193 12.3484301731505
907 1.696949602724 4.40032218424262
908 2.76021424183073 6.26324868958635
909 0.218974736120249 5.66742629592513
910 -0.327578546937154 10.9891806474543
911 -1.96550165365822 9.9337340235451
912 -1.89641690918951 10.8419220287054
913 1.70565486734604 9.14007791486748
914 -0.369577462965104 8.34785378675694
915 -0.363479258260964 8.72322386696405
916 -0.396091655380784 6.74603100027412
917 -1.79894481877654 12.3479562690696
918 -0.390807603850734 7.06787849892716
919 3.72888047228111 2.15605252678942
920 -1.79928906083866 12.3485262099821
921 -0.402622558642638 6.33765470593586
922 1.57781159629762 4.46340549477813
923 -1.79940961908741 12.3489201534097
924 -1.79904887754536 12.3480999542886
925 -2.00084296273294 9.47393790328878
926 -1.89652655203116 10.8420220409451
927 1.57739946276338 3.73821973262072
928 -1.79885014376419 12.3477470527319
929 -0.327587681711652 10.9891747999538
930 1.44462356579526 5.33501891102819
931 -1.89661665108786 10.8420436491521
932 3.09114781331306 4.90696056911064
933 1.69968884518923 6.00963054966888
934 0.885333887992488 4.70322534325148
935 1.80642383587639 2.75813642950043
936 3.44986367336119 2.76749587805182
937 0.222391029795671 6.05935763258531
938 0.891108981813412 6.25426713317099
939 -0.327467478667397 10.9893889105139
940 -0.392275436144347 6.97831071804439
941 3.90838923587439 3.39808029882231
942 -2.08354209951594 8.50446333570686
943 1.2882944067154 4.50602852516694
944 3.18359707835178 4.30798713172917
945 -1.79876059054959 12.3476584913158
946 1.29050847617619 5.59821515456737
947 -2.07652189390973 8.57570557305505
948 -1.79914452072069 12.3482557956527
949 2.15584239383572 8.7356170334853
950 1.99157482537045 4.51317999735268
951 -1.93757168057887 10.2830579030838
952 3.29691830810962 4.19459008223818
953 1.10529006799405 3.93188835281095
954 0.262392520591224 10.4510156812731
955 0.894151259862966 6.81117394090548
956 2.52421343759056 2.39102778126106
957 -1.79890740074367 12.347916699542
958 0.900040262391568 8.09212137488062
959 1.29035731240069 5.59840434992728
960 -0.353914818938315 9.32508044398945
961 3.26951900482539 4.22208606468095
962 0.241488016288809 8.12403749596116
963 5.0693643927037 2.92740396855687
964 0.900022297649881 8.09213044797798
965 0.235152018587128 7.46722850984191
966 2.41233815046039 3.03245646157403
967 2.46864583718222 3.74939201206618
968 0.228502550247167 6.77902351892888
969 -1.79928485293253 12.3485013549021
970 -0.36344739745818 8.7232583291922
971 3.05833082051277 4.65585807548238
972 2.67054866673691 3.03734240988417
973 2.75907146434719 4.39017629803075
974 0.611485577287754 6.1665708281268
975 -2.01482018261098 9.3068225799376
976 -1.7987842002985 12.3476751243198
977 -2.00090429127318 9.47402860248751
978 0.262370149741869 10.451066192557
979 3.4975631707085 7.53820790451482
980 3.42898791871821 1.1893425489509
981 2.15035291880827 3.40092507672837
982 1.10955751665692 5.66935206358494
983 -0.327477778551503 10.9893376213627
984 -1.89660698210243 10.8420320379568
985 -1.79937510496194 12.348870121323
986 -1.79907908105654 12.3481592377032
987 -0.327525396127824 10.9892523419149
988 2.62350545869618 4.68255659845567
989 1.44560655983383 5.85752624380962
990 3.76694967588434 7.2998959966165
991 1.44828938867483 6.92531582056443
992 -2.00124021316327 9.47450908780412
993 1.69700360374518 4.40032259364629
994 -1.98494343816586 9.67692967502496
995 0.895729324577766 7.08940109424783
996 3.76690433398464 7.30000764483042
997 -1.79908260239414 12.3481485213564
998 -2.09440847680832 8.37319685598776
999 -1.7990513954331 12.3480224440435
1000 3.87899940088457 0.55636702365194
1001 1.99305061311959 5.71725832553372
1002 -1.79883090762981 12.3477050580778
1003 -0.390840595504284 7.06793333102035
1004 -2.10029026986292 8.31410903481696
1005 0.262341881566613 10.4508352829955
1006 -0.353960693042034 9.32507083788722
1007 1.804250766256 4.54839553424822
1008 3.34993911533785 4.64920785270605
1009 0.608663770107364 5.67341343070377
1010 0.610374616726448 5.89271198695874
1011 -1.79914661435645 12.3482577293997
1012 -1.79930839743282 12.3485528470811
1013 2.2222403505928 4.78939612849851
1014 -1.89642825548884 10.8419139066383
1015 0.225722907099506 6.45252046144567
1016 -1.79884682270437 12.3477172855159
1017 -1.79898745612408 12.3480331226995
1018 -1.89648255607771 10.8420002723201
1019 0.262380947776845 10.4510386097121
1020 -2.08140433252227 8.50231671692121
1021 3.12296239693151 5.2671695272291
1022 -1.79893580519223 12.3479357646981
1023 -1.937596926664 10.2830408971925
1024 0.610694794546323 6.06804037440184
1025 -1.89712206192191 10.8429893906875
1026 0.613904892516444 6.68668745440866
1027 -1.79899673772458 12.3480452050477
1028 1.69821740637865 5.19109836485858
1029 0.262303941573694 10.4513394526054
1030 -0.327453326728149 10.9893990248907
1031 -2.10537135630846 8.25745499425504
1032 -1.79897785182783 12.3480176443909
1033 -1.79932186066026 12.3485355585768
1034 -0.327625880473766 10.9892375772393
1035 -1.7990672296406 12.3481496179366
1036 1.10809045551624 5.31721978356309
1037 2.62371532425977 2.92716667401143
1038 -0.390789244203522 7.06788573633612
1039 -1.7988227671492 12.3477803884978
1040 1.28881703679581 4.80826347096688
1041 4.52398334026484 0.638080924109726
1042 -0.327546999486127 10.9893064004808
1043 -1.7994380418341 12.3487741873364
1044 -0.363498372515285 8.72321594032699
1045 3.47317550951563 3.53898586775169
1046 -0.327379694618223 10.9893013183516
1047 1.28882703983133 4.80827898384267
1048 3.49764324565229 2.01512964726452
1049 2.07424234390386 5.0741558768259
1050 -1.79898385143497 12.3480146163699
1051 5.24249145031602 -0.592762047640857
1052 1.80431850393701 4.29304615788646
1053 2.62312315923429 3.66040003562787
1054 0.885598642575797 4.74154148133051
1055 3.49723055311356 2.43750160758097
1056 -1.79901424847817 12.348007829076
1057 -0.380734885472251 7.67814918954458
1058 -0.374205486406933 8.07365324794111
1059 -1.79871992555159 12.3475205045038
1060 -0.353925766827244 9.32507502766781
1061 0.218017140102195 5.62120093390559
1062 0.890484059654443 6.11852085784813
1063 3.18457823945581 2.36540363987576
1064 -0.327652015417742 10.9891187626988
1065 0.887288765819419 5.32991002465258
1066 -1.79893008574868 12.3478803112979
1067 2.80363226560659 8.15516040844092
1068 -1.96453619186267 9.93297585413013
1069 2.95523160332108 5.43333979068568
1070 0.896261994072102 7.4760245626297
1071 1.80896254173738 7.19959690899382
1072 0.233562500324211 7.24836870790346
1073 -1.79905863842295 12.3481412670516
1074 -1.98496058401428 9.6765582184205
1075 -0.326417684289174 10.9893581263223
1076 0.230035573030503 6.91368829858158
1077 -0.374461509091391 8.07361148561168
1078 -1.93792872372453 10.2832726286139
1079 -1.89646600153033 10.8419114694287
1080 0.619763375798628 7.74891107537163
1081 3.15327940739368 2.94404758526129
1082 0.227842167660523 6.65864148567946
1083 -2.02634423890176 9.16353617955352
1084 -1.89662572793836 10.8420683795089
1085 0.614549006653807 6.86897089376424
1086 3.12407992772 7.86949734089147
1087 -1.93808635476545 10.2834004292867
1088 1.10693203271983 4.93398146669675
1089 -0.327599283589288 10.9893320244441
1090 -1.93780068737906 10.2831704841102
1091 2.15025779455121 3.94705986248655
1092 2.07409196878781 4.51525134809891
1093 0.613785555556131 6.68687604175292
1094 -1.79908296553017 12.3481729171128
1095 2.91854149604259 5.07859872623989
1096 -2.08314158232164 8.50404023232064
1097 0.262341366745192 10.4511761579636
1098 -1.79906809262648 12.3481531809469
1099 0.262304061047587 10.4513764011321
1100 -0.32749022240604 10.9893726330905
1101 3.99489925589329 0.510087291732103
1102 -0.3276081593483 10.9891412582149
1103 1.28790976603899 4.26338750060615
1104 0.605858292498531 4.83896576212245
1105 1.69972399280166 6.00951892322229
1106 -0.39228797993739 6.9782780563511
1107 -1.79908965710206 12.3481734379104
1108 1.57742358677394 3.6778527346028
1109 -0.394822935306619 6.81835657251742
1110 -1.79907572189523 12.348108784237
1111 -1.79905231980689 12.3480898663612
1112 4.64172617567217 1.56970956827739
1113 -2.09978473868118 8.31356862348687
1114 1.29692545323412 7.70185988388309
1115 -2.07648969283488 8.57567227088107
1116 0.241556193836485 8.1237588420468
1117 -2.10883732061248 8.20246002956083
1118 -1.79918939105007 12.3483294426875
1119 -1.8965473224338 10.8420631921803
1120 -1.79942855036603 12.3487665897685
1121 3.24176237409247 5.14896405453394
1122 2.88299391152322 8.08461728144978
1123 1.44683480217198 6.26094862979898
1124 0.61955444039416 7.74941906386753
1125 0.605641051796046 4.80548971077305
1126 1.44460504731669 5.33498192198337
1127 -1.98446882835738 9.67598877993218
1128 0.22764929209529 6.78007875406652
1129 -0.363459557384058 8.72327417728425
1130 0.609671164610062 5.8149449878175
1131 -0.416250714070183 5.42793787785513
1132 -1.79901143116692 12.3479844481127
1133 0.610289887066056 5.8141918474479
1134 2.62637689488434 8.31395007275689
1135 1.69776346179017 3.04279332743062
1136 0.262363782413173 10.4510391333793
1137 -1.79883857195174 12.3477539704969
1138 -1.79902134796844 12.3480103388912
1139 1.81318788447464 9.04439878638037
1140 -2.05528511892832 8.82813676330627
1141 0.889491509039714 5.88918241713458
1142 -1.79883900445986 12.3478122061994
1143 -1.7987843508854 12.3477114580146
1144 1.44468915781283 5.33480845344216
1145 0.262269745133509 10.4515713149372
1146 1.11014807574409 5.89921609186222
1147 -1.79881166288705 12.3476482667202
1148 2.67341736186481 8.27154420579771
1149 -0.374163908142217 8.07369982088765
1150 2.99068763264064 2.94542101635221
1151 -1.79881144142971 12.3477689340158
1152 2.84223915130597 3.09348394706961
1153 4.72394123935778 1.42468601685631
1154 1.10860517396878 5.47972600092009
1155 -1.96441985419783 9.93285276523556
1156 0.262329216459745 10.4512350266363
1157 -0.324863675683369 10.9915686635531
1158 1.12426461150643 9.66683135108136
1159 2.52622966199757 8.40340988588198
1160 -0.326786012132702 10.9897601315474
1161 0.605246774538113 4.94566841810076
1162 0.605414066768504 4.83934090855802
1163 1.2884295637559 4.64780870880553
1164 3.37561429523831 3.30545085601393
1165 0.235404238727788 7.46660373225521
1166 1.44314842220242 4.71282691763169
1167 0.233235767664421 7.24877677454312
1168 -2.09973176770949 8.31351487827193
1169 -1.89668525823265 10.8421392864898
1170 0.635040262372181 10.1113784055901
1171 -1.93770131202392 10.2830301806847
1172 3.0916457774327 2.53471637379477
1173 -1.79928490520289 12.3484955339646
1174 -1.79956910573287 12.3490100073476
1175 -1.79921541671673 12.3483856549429
1176 -1.93771750812485 10.2831866592494
1177 1.80535382500889 3.11042255117933
1178 -0.32741809491312 10.989299201769
1179 4.22534556790483 3.26507203689187
1180 -2.01469465735358 9.30670393317682
1181 -1.79913242391761 12.3481911988961
1182 -0.327146205213083 10.9894572255092
1183 -0.363462432502194 8.72327086147021
1184 0.262342050974597 10.4510223762279
1185 2.15165438148962 2.69579369190342
1186 -0.363487475770112 8.72328519932573
1187 0.215232919021422 5.16315302895035
1188 -0.353882144567551 9.32514279114339
1189 -1.89632657084671 10.8417319823969
1190 -0.327613466030713 10.9891632477548
1191 3.37711884902795 1.90589546500886
1192 1.2889674941236 4.92857876389115
1193 -1.93772069399687 10.2830377664083
1194 0.231803772567311 7.06763039517652
1195 1.28863926227922 4.7523383933685
1196 0.26235126966642 10.4511366476746
1197 1.99808317788327 8.87744871832019
1198 -0.363501597102155 8.72329666259762
1199 0.229830947520492 6.9139267321086
1200 0.217690595130453 5.48986516918836
1201 1.29295881481932 6.41409960932294
1202 1.10742797515994 5.10992922123091
1203 -0.369610604813891 8.3479214700964
1204 -1.9383270450528 10.284096889645
1205 1.11218431850373 6.59462638969428
1206 -0.353907850652107 9.3250651807028
1207 0.613761857046655 6.68688440712914
1208 -1.89661748466557 10.8420442624662
1209 3.8589837150439 1.3631572250988
1210 1.44511529278245 5.56500435509794
1211 0.888665038321451 5.6994311891057
1212 -2.03667422228316 9.03849435451778
1213 -1.93772452778627 10.2830687909999
1214 1.80451317188698 3.90361743428476
1215 2.71709710825407 2.56706485135626
1216 -1.98498320346689 9.67630505112537
1217 2.80150511185673 3.1345014620185
1218 1.69806343621517 5.0818936810801
1219 0.624167577484171 8.36353714762665
1220 1.29105680245821 5.85518417799664
1221 1.28995318981624 5.39001935848206
1222 2.91883299468775 2.66930247644438
1223 3.21440642695857 2.03919002937814
1224 0.246635381348217 8.73432612815983
1225 -1.89656452373418 10.8420256240752
1226 0.223740612561715 6.20057169442109
1227 0.607678130077521 5.4329058992177
1228 -1.79912538639937 12.3482389281631
1229 0.891071792114043 6.25431036941778
1230 -1.79892285134419 12.3478359179121
1231 2.95626016084386 2.2977671693716
1232 3.47375612084558 2.51258622529948
1233 -0.327520550242651 10.9893338301503
1234 -1.98495780137043 9.67690762113575
1235 -1.79894126032141 12.3478797841669
1236 0.214924470021464 5.10030607194691
1237 -2.0267197210846 9.16389658481454
1238 0.226930347119489 6.55057485717691
1239 -2.06160415491826 8.73557873863854
1240 0.634973414680498 10.1116594930289
1241 -1.79902839428446 12.3480877434069
1242 -1.93763003319227 10.2830986366375
1243 -1.79909301169708 12.3480875080165
1244 1.44393055657232 5.06039377988485
1245 4.8019842307533 1.8712810537722
1246 1.57749056693272 3.48511422927878
1247 -1.79907469640122 12.3481558376933
1248 -1.79907860765663 12.3481114980427
1249 -0.380705922917932 7.67814334773237
1250 3.26971926400958 2.82703969271412
1251 2.80172371317169 5.58600574578653
1252 -2.08304071531493 8.50393902846543
1253 0.22606138248952 6.55172731938552
1254 0.608339006283938 5.60854120209072
1255 0.894334780909216 6.81097630556572
1256 1.99464904328875 7.01704850511106
1257 -0.387401067007436 7.2725709864992
1258 0.61461728203593 6.86893747748388
1259 -1.79902265039083 12.3480181563573
1260 -1.79926438453926 12.3484706290829
1261 -1.89649108669006 10.8419707767368
1262 -1.93767196966374 10.283175507295
1263 -1.98487581491442 9.67686397240375
1264 0.613837727282218 6.68679680796049
1265 -0.327663894980185 10.9892676705288
1266 1.29302354087106 6.41428353429883
1267 -1.93775502346712 10.2831522738695
1268 0.241521588638715 8.12395611921177
1269 1.69724953654537 4.58596818798162
1270 4.0680164635796 3.93264084638495
1271 1.11227778439897 6.59446789862466
1272 -1.79892722075374 12.347866357231
1273 -1.93810083241711 10.2836443011097
1274 0.889812679219752 5.99807441824769
1275 0.887321943961556 5.32987068008443
1276 -2.06292125183715 8.73692713604339
1277 3.49707301933865 2.48917716499602
1278 -0.385458764208576 7.39143735455129
1279 -0.353862423668413 9.32514792890369
1280 -0.389281559899509 7.16556570677473
1281 -1.79918370902196 12.3483211237322
1282 -2.076350316942 8.57559698925406
1283 -1.79896103747992 12.3479745195898
1284 -1.79897132222796 12.3479533514234
1285 -1.7990285767823 12.3480925285533
1286 -2.07065550948468 8.65376048085141
1287 1.289967371797 5.38997414535672
1288 -0.377731049194703 7.85728852738932
1289 -1.89660010000702 10.8420337704477
1290 0.227635783024514 6.65888220467682
1291 -1.79881364774638 12.3477012019395
1292 -1.799176172847 12.3483085345625
1293 2.5754474872961 6.44621606911493
1294 -1.79915211536279 12.3482684674729
1295 1.10940219264911 5.66955330925348
1296 1.80448026545887 4.0827975652765
1297 -1.79945234744373 12.3487696194904
1298 1.7004807650266 6.28987117070866
1299 -1.79887498671921 12.3477390862862
1300 -2.00118259434956 9.47446371878807
1301 1.90312995778473 5.40146710920741
1302 -1.93759908185645 10.2830233924615
1303 -1.93789636964878 10.2832327167473
1304 -0.327143632759004 10.989543524278
1305 -0.36957858754054 8.34785158720372
1306 4.15591510859702 4.88899027995187
1307 -0.363456171823351 8.72325270727818
1308 0.892029856805862 6.40941436169362
1309 0.888601547552023 5.69957829530569
1310 0.613363594037084 6.53106461177851
1311 -1.79887925473078 12.3478510348612
1312 -1.79909951032926 12.3481940182054
1313 -2.1177976451237 8.10226503866485
1314 -1.89709870447995 10.8425562008745
1315 -1.96423988494875 9.93241329935868
1316 -1.79907010077629 12.3481010407831
1317 3.64956943965605 2.05624524501207
1318 0.891125867344168 6.25434391798311
1319 -1.96501799834032 9.93315175015452
1320 1.28779098166294 4.157244290863
1321 1.44257459514793 4.30801317925153
1322 -0.369605090800483 8.34778214572608
1323 0.624183146328232 8.36354238945475
1324 -1.79920787037332 12.348360607047
1325 3.15406846905557 2.55308536608328
1326 -2.05434045555204 8.82714928347181
1327 -1.79890158229554 12.3478341622773
1328 2.84176958667974 3.19911602532463
1329 -0.416266727333513 5.42796203032236
1330 4.15590845670146 4.88968109254601
1331 -0.327157229413913 10.9895051562501
1332 -2.00087541858737 9.47407390489428
1333 -0.400053238000171 6.49556276877371
1334 1.10768766471219 5.17509643568921
1335 -1.98477539884429 9.67665425280507
1336 -0.327333392178936 10.9893669847945
1337 2.84193939562022 5.15507232789375
1338 0.617177870492837 7.36830441927997
1339 1.44294803456545 4.59820115627286
1340 0.246617449125147 8.73432869612663
1341 -1.89628628367155 10.8417725369021
1342 -1.96392740708675 9.93220360419935
1343 -0.327538972504068 10.9892611086372
1344 -0.369551652286615 8.3478694211725
1345 -2.06295255365433 8.73695809961469
1346 2.07391441290583 4.93786318991284
1347 -1.79914567956818 12.3482582583249
1348 2.71569590744544 4.43359123793117
1349 0.635027979218557 10.1115313742392
1350 0.241479319575068 8.12397170057099
1351 1.44227222963929 3.96920035897959
1352 1.69676272461771 4.19062175999349
1353 -0.327503348032749 10.9892147409422
1354 -1.93751120445281 10.2828559180174
1355 -1.96481341596566 9.93286995839039
1356 1.80789835508109 6.5711941083953
1357 2.2893014619847 4.72234236029437
1358 -1.79905537702139 12.3480771400458
1359 1.11008965187423 5.77817512579205
1360 2.67076371163135 3.03704477644708
1361 -1.93838786205572 10.2839680767228
1362 0.60701261553327 5.32880729306507
1363 -1.79890614029434 12.3478561702831
1364 0.886279142169327 5.00069360519125
1365 -1.93754492758 10.2830932694293
1366 -2.01514106741347 9.30719295456286
1367 -0.353897619044507 9.32513160552295
1368 -0.363479558633364 8.7232645143326
1369 0.88810972504129 5.53700082282956
1370 -1.79895162384693 12.3479009118573
1371 0.893042042768086 6.59111429964692
1372 0.225193040818978 6.36190693447011
1373 1.11110537199663 6.19102591927856
1374 1.57759776349842 4.26238802705135
1375 -2.07652779308626 8.57569927275755
1376 -1.79903289762738 12.3481121899375
1377 -0.327309623794586 10.9893455710677
1378 -0.369585411496669 8.34784189840683
1379 -0.369577769957383 8.34785201114157
1380 1.45549822452513 9.36716154068387
1381 1.80451181656086 3.94599946711448
1382 -2.05431808601214 8.82714365764448
1383 -0.392297290305281 6.97833563656482
1384 1.28844866503448 3.22161525158438
1385 -1.89644478680063 10.8418512881638
1386 -1.79916212024841 12.3482851770398
1387 -2.0269396685298 9.16413445825741
1388 -1.96474809287065 9.93280980471899
1389 0.889096704408349 5.79021109002004
1390 2.41256600515112 5.29970712363815
1391 -0.327077680866565 10.9891811069164
1392 2.46861467353602 4.03666016649654
1393 -1.79901792716861 12.3480710593661
1394 0.88786053297501 5.46376071260285
1395 0.23160123230701 7.06791936484278
1396 0.230359705378096 6.91328435337744
1397 -1.89693208338001 10.8426565950182
1398 -1.9380897601189 10.284139831779
1399 2.71581249322524 4.99742253855705
1400 -1.79887929553845 12.3477625012898
1401 1.69718920942128 4.52080953163068
1402 0.608443526415073 5.60840908036732
1403 -0.38071553020741 7.67814703716351
1404 0.231618754473432 7.06788483409729
1405 -1.89639719141605 10.8418873748858
1406 0.88871282021526 5.69937611607819
1407 -0.39228360109617 6.97830616955728
1408 2.28958093260439 2.93590836225239
1409 1.29117449491359 5.85525951693483
1410 -2.18732741263313 7.35526290475925
1411 2.07366541952757 3.81360956343114
1412 -0.396272866591919 6.74602675542004
1413 1.28943831783853 5.13615168622093
1414 1.2884274895937 4.6478025216896
1415 -0.353945051361439 9.32508911656861
1416 -0.363469009824963 8.72321742154531
1417 0.635032798889616 10.1115155698485
1418 2.80126320614032 4.91229576023476
1419 0.226925356942826 6.5505341375493
1420 0.61027077143642 5.97728780047149
1421 0.613216189729595 6.53130908106113
1422 1.44439138651066 5.23570738208105
1423 1.28882165977638 4.80826984548134
1424 -1.79884421805566 12.347810104708
1425 -0.393629562114681 6.89541802922058
1426 0.225108776056001 6.45324003450491
1427 2.35313486507088 2.70891282269488
1428 -0.327390134447348 10.989345871284
1429 3.05847980828849 2.87767827078015
1430 2.67021271584586 3.12419803985977
1431 -2.06324995039888 8.73723877038401
1432 0.888688554360378 5.69940058277298
1433 -0.353974355600068 9.32503859163359
1434 -1.93770483462279 10.2832436014401
1435 1.99155539228144 4.51309393832142
1436 1.1116043599987 6.37375403511992
1437 4.72361008999453 1.69596684733162
1438 1.28962273451657 5.21453032114651
1439 -2.15459033904231 7.70383578839748
1440 -1.938200854313 10.2839308163606
1441 1.2897235306586 5.29889842765286
1442 -0.327353235542496 10.989412958494
1443 -1.79878335658758 12.347712727085
1444 0.224662250522952 6.36249805434794
1445 1.57983026010067 5.56719325455305
1446 0.225074962167062 6.36203240609163
1447 0.262320813187111 10.451269071609
1448 -0.327599864616883 10.9891098119531
1449 -2.07622022629387 8.57541204011022
1450 -1.96491640071308 9.93304373764032
1451 -0.38543393871703 7.39144282820441
1452 -1.79893807480275 12.3479554444047
1453 -1.79889189633622 12.3478223964452
1454 0.635034492594682 10.1110510670599
1455 2.88124196520233 6.14728501467704
1456 0.227288711505488 6.65928486963488
1457 0.233067890058991 7.24897646137265
1458 0.894642278904933 6.81044625230011
1459 2.6705833632729 3.07967904692462
1460 0.616890391586254 7.36949150819602
1461 3.8934975021135 1.38757204878883
1462 -1.79900471535099 12.347991918855
1463 4.06864073930137 2.21198278130477
1464 -1.79886630335965 12.3478498426843
1465 -1.79871984108333 12.3476033101172
1466 -1.79874532121746 12.3476517915543
1467 -1.79898388929214 12.3479421956107
1468 -0.353966938265982 9.32506647699624
1469 -0.363500489081791 8.72329675097807
1470 0.262346344427302 10.4511785533697
1471 -0.390835872721709 7.06789647950386
1472 1.29523578230119 7.07898561969818
1473 -0.390792298602608 7.06788771548562
1474 -0.327684068297014 10.9892766690181
1475 1.10956837363718 5.66932012617308
1476 0.613536358364055 6.53089834882534
1477 0.614622933999896 6.86889628672763
1478 3.72849366607949 2.55325699860614
1479 4.20166715907238 0.618344636341741
1480 -1.79901520084712 12.3480030069682
1481 -1.8966207668462 10.8421201792432
1482 1.44247663585781 4.22464526044103
1483 -1.79895802163259 12.3479127442463
1484 -1.93746046821165 10.2830201533783
1485 -0.353937482017647 9.32511308237277
1486 0.246545177560863 8.73426871909459
1487 0.888853655621031 5.79045851513262
1488 -1.7994236195843 12.3487531583588
1489 1.9924659034476 5.4959263479169
1490 -1.89657235408082 10.8420239160497
