"node" "R" "H"
1 0.830033828844448 6.81633067065474
2 -0.94406686467935 8.57439538695375
3 -0.758296151484539 10.712468416512
4 -0.758296478029327 10.7124687829433
5 -0.892467840708335 9.13436593069123
6 -0.758295971105314 10.7124679323632
7 -0.758296044414819 10.7124680685322
8 1.84634528990323 5.80866996699799
9 -0.892466409411263 9.13436394479997
10 -0.892465345478304 9.13436309517774
11 -0.892469913402663 9.13436814288784
12 -0.758296124248667 10.7124682577885
13 2.12985991898666 6.16205937021275
14 1.44733561294652 4.61462811282744
15 0.815953215249464 5.94473772335845
16 1.45166381245859 5.31109546850824
17 -0.758296050723408 10.7124680190731
18 1.45869869632427 6.19311649250335
19 -0.758295606708432 10.7124671431041
20 -0.944066564999613 8.57439512879626
21 -1.02153477298546 7.77539160557611
22 -0.977195489628766 8.22698101504321
23 1.48119826775782 8.68238380308211
24 1.48119813043519 8.68238519119175
25 -0.758295900856272 10.7124678420808
26 -0.892469809498444 9.13436790858321
27 -0.892469824905718 9.13436796357891
28 0.840336999745297 7.4305067916431
29 2.12985986778432 6.16205911097836
30 -0.758296079183366 10.7124680693585
31 2.52834921605758 4.74124938076065
32 -0.758295646086919 10.7124674311042
33 -0.75829537201548 10.7124670361025
34 -0.892468646007121 9.13436692310569
35 0.840337194308266 7.43050661466629
36 -0.977195496550364 8.22698099802163
37 0.870794774192837 9.23182023705252
38 -0.758296075199729 10.7124680561637
39 1.48119828310788 8.68238331995525
40 1.4485652666457 4.84145207635888
41 0.840336957743455 7.43050702385264
42 1.48119820524283 8.68238450974959
43 -0.758296152545234 10.7124683420808
44 -0.758295809415284 10.7124677173217
45 0.840337230203102 7.43050661027088
46 1.45329784908966 5.53028539207296
47 0.870796034943794 9.23181585593394
48 -0.758296011477346 10.7124679739892
49 -0.758296044336645 10.7124680319778
50 -0.758295838015768 10.7124677780221
51 -0.75829614162547 10.7124682225728
52 -0.758295498229255 10.7124667432465
53 -0.892466051241741 9.1343636030227
54 -0.758296067128593 10.712468047283
55 4.3535734402213 2.06494270488441
56 -1.05218095702419 7.47125072922794
57 -0.758295596976618 10.7124673456795
58 -0.758295954181379 10.7124679218422
59 -0.758296018771742 10.712467990822
60 -0.758296065042644 10.712468046347
61 -0.758296312826098 10.7124686319205
62 -0.758296116439416 10.7124681742197
63 -0.758296010083759 10.7124679768628
64 -0.977195476582942 8.22698068729135
65 1.8617825089728 8.34143532220395
66 -0.758295701690029 10.7124675524749
67 -0.758296016667482 10.7124679932231
68 -0.977194674296331 8.22697987920287
69 -0.758296049683773 10.7124680231184
70 -1.0018302381662 7.97429110450534
71 -0.758295621121017 10.7124673691471
72 3.04362032592029 3.72175245445744
73 0.870794836767653 9.23182047219353
74 -0.758296100964588 10.7124681095623
75 1.84195375674064 4.92189698114251
76 -0.758296040632375 10.7124680388949
77 -0.758295853121677 10.7124678876957
78 1.86178220809936 8.34143650216607
79 -0.7582959509139 10.7124681287111
80 -0.758295971823199 10.7124680094636
81 -0.758296000396079 10.7124680726614
82 -0.944066645910171 8.57439519959485
83 -0.758296155779121 10.7124683113505
84 -0.892466326864213 9.13436386773472
85 2.12985987286302 6.16205917906251
86 0.870795859605849 9.23181494822068
87 -0.944066400838507 8.57439496329003
88 -0.758296097847185 10.712468101021
89 1.84634519318454 5.80867006541392
90 -0.977194900919655 8.22698009334237
91 -0.758296004226033 10.71246796701
92 -0.758295816808615 10.7124677784803
93 -0.758295975731996 10.7124681339522
94 -0.758295943652862 10.7124679515267
95 -0.758295897157173 10.7124679112359
96 0.870796074601825 9.23181453701031
97 -0.758295663274102 10.7124674474171
98 -0.892468825453507 9.13436677133206
99 3.14214665847715 2.82057840114494
100 0.815953160742222 5.94473776146416
101 0.813214215546199 5.76569941242229
102 2.69023340043098 7.60376564126615
103 -0.892466253209814 9.13436380831446
104 -0.75829472951507 10.7124658214728
105 -0.758296122026727 10.7124681689876
106 -0.758296138591833 10.7124682156766
107 -0.758295844204738 10.7124678660466
108 -0.758295996449579 10.7124681816521
109 0.830034028957653 6.81633059327677
110 0.870794828351873 9.23182003965746
111 -0.758296123818631 10.7124681689033
112 -0.758295709199854 10.7124675088154
113 -0.944066433743276 8.57439498432521
114 2.12985996621196 6.16205949305901
115 1.84634523307801 5.80866997971883
116 -0.758296143520817 10.7124682947168
117 -1.05218146607653 7.47125120857414
118 1.83947491924585 4.03449716782178
119 2.81752338734567 4.4530229978824
120 -0.758296159472961 10.7124683639893
121 -0.892466711506358 9.13436469102732
122 -0.75829569680793 10.7124675240014
123 1.46415939759377 6.81702588912505
124 -1.00183074423375 7.97429172940342
125 -0.758295997159851 10.7124679729956
126 -0.758295552347136 10.7124669477461
127 0.870795938009976 9.23181477919667
128 -0.758295869048707 10.712467830599
129 -0.758295492924506 10.7124667302801
130 0.840337390651582 7.43050634586494
131 -0.758295651375308 10.7124673441953
132 -0.977194707106622 8.2269799509292
133 -0.758295484799951 10.7124672128716
134 -0.758296128653836 10.7124684357838
135 -0.758294999036126 10.7124661688801
136 -0.892466011175922 9.13436369192614
137 0.810942314726293 5.61304050287278
138 0.840337090483129 7.43050671201652
139 -0.758295769773975 10.7124676326293
140 0.840337305171458 7.43050668774296
141 0.870795444034712 9.23181848201458
142 0.830033806634091 6.81633077639927
143 -0.892468745309069 9.1343666656024
144 3.04428359634683 3.1255095073048
145 1.48119835570709 8.68238152303274
146 -0.758295935799279 10.7124678914057
147 -0.758295478610808 10.7124666677502
148 -0.758296059672181 10.7124680390795
149 -0.758295742447453 10.7124676197724
150 3.14083156038038 3.62446103385386
151 -1.00183030935079 7.97429114330498
152 -0.758295666640402 10.7124674813723
153 -0.758295896172793 10.7124678572694
154 2.82378574641211 7.48545102891866
155 4.25562385669965 3.01278996496097
156 0.870795859806414 9.23181706051121
157 -0.758296002723165 10.7124680779613
158 -0.758295578837296 10.7124670725399
159 1.48119832795265 8.68238315029771
160 -0.758295784582853 10.7124676823998
161 -0.758296085514519 10.7124683743555
162 1.84634511897656 5.80866988780298
163 -0.758296076035491 10.7124680512269
164 -0.758295888080687 10.7124678743506
165 -0.758295237049326 10.7124663224961
166 -0.758296150417939 10.7124682443818
167 2.12345717982878 4.30291037708318
168 0.830034178071125 6.81633049232739
169 -0.75829605890807 10.712468026805
170 3.04853195465076 7.28668994832857
171 -0.758296057304225 10.7124683073556
172 2.12574475406487 5.14216507175439
173 -0.75829551226198 10.7124668094116
174 -0.758296890912638 10.7124692359567
175 -0.758296828058888 10.7124692983761
176 -0.75829615710333 10.7124683179213
177 -1.02153172864935 7.7753884935335
178 -0.892465351763906 9.13436314995848
179 -0.944067115856978 8.57439561245209
180 3.31237652070787 3.11320691520879
181 0.810941888572885 5.61304098934115
182 -0.758296025598084 10.712468047462
183 -0.758295955923779 10.7124679201568
184 -0.892467283927798 9.13436489536798
185 -0.892469507515135 9.13436754119818
186 1.48119832675804 8.68238299936875
187 2.68361496992297 4.97749614475159
188 -0.944066677583619 8.57439523272361
189 3.23000674087474 3.35185111677328
190 -0.758296148471112 10.7124683785368
191 -1.05218163105873 7.4712514002565
192 0.870795512708293 9.23181874634503
193 -0.758296144939298 10.7124682434314
194 1.48119825795112 8.68238402781026
195 -0.758296131281994 10.7124681676214
196 -0.758295900621183 10.712467990635
197 -0.758295509699316 10.7124667663577
198 -0.892469307141276 9.13436732260149
199 -0.758296057937784 10.7124680383168
200 0.870795900418577 9.23181477393057
201 -0.758296021198781 10.712467985946
202 1.84195342462474 4.92189738070633
203 -0.758295650430105 10.7124672734795
204 2.12986020392671 6.16205960693107
205 0.813214063983625 5.76569970501755
206 -0.758295831305352 10.7124678328042
207 -0.944066272368867 8.57439478549504
208 -0.758293047167768 10.7124595696608
209 -1.0215297673092 7.77538659204414
210 2.34588931815517 4.64070790010229
211 -1.02153465421411 7.77539148722765
212 -0.758296142985134 10.7124682378438
213 -0.758296125707302 10.7124681675517
214 -0.758295703292654 10.7124674983771
215 -0.758295946660709 10.7124679073305
216 -0.758295775802102 10.7124677124548
217 -0.944066499882696 8.57439503152236
218 2.52745754417921 4.05485901462336
219 -1.02153550030408 7.77539232369196
220 0.840337228095859 7.43050657773104
221 -0.758295629822534 10.7124672543518
222 -0.758296014637685 10.7124680474193
223 -0.944066838499081 8.57439536206614
224 1.4516639345697 5.31109550834893
225 -0.758296118259542 10.7124683608412
226 -0.758295903038113 10.7124678437258
227 -0.758295674697713 10.7124674224107
228 -0.758296145433246 10.712468259898
229 0.870794839559909 9.23182032771531
230 -0.892466594028593 9.13436408213616
231 -0.758295501816179 10.7124667204832
232 -0.75829582076138 10.7124678171659
233 2.69023241781293 7.60377756489865
234 -0.758296022600243 10.7124680205188
235 -0.758295527260915 10.7124672719358
236 -0.758295998912381 10.7124679637014
237 -0.758296176633268 10.7124685084044
238 -1.02153453497392 7.77539136933618
239 -0.758296180797632 10.712468399174
240 -0.758295605474712 10.7124673859682
241 0.830034316194169 6.81633030766056
242 -0.758296154640099 10.7124684764061
243 -0.758296116396283 10.7124681489941
244 -0.758295617781597 10.7124673661131
245 0.8707947773388 9.23182019623232
246 -0.758295640771912 10.7124674676612
247 -0.758295885864549 10.7124678491489
248 2.13888720845611 8.09400459218159
249 0.830034081572164 6.81633031151774
250 -0.758295525272978 10.7124668608136
251 -0.758295950355241 10.7124680483893
252 -0.758296086031523 10.7124680767146
253 -0.892466957008136 9.13436450329148
254 -0.758295318086551 10.7124668023617
255 -0.758296013396497 10.7124679960595
256 -1.00182425828325 7.97428491176111
257 -1.08584786771498 7.14354532505504
258 -0.758296077183314 10.7124680873756
259 0.815953169885096 5.94473776601505
260 -0.758296112355979 10.7124681351929
261 -0.758296143859223 10.7124684114274
262 -0.944066953947985 8.57439545489574
263 -0.758295981965463 10.7124680698623
264 -1.03800357677454 7.61119602804265
265 -0.758296137416314 10.7124682048528
266 -0.758296120052161 10.712468138615
267 -0.758296149531143 10.7124682600509
268 -0.977194122400476 8.22697922787097
269 -0.758296145038367 10.7124682459723
270 -0.758296100001849 10.712468107233
271 -0.758295939408092 10.7124678940384
272 -0.758296170684997 10.7124684003266
273 -0.758296041821626 10.7124680039195
274 -0.89246548032979 9.13436333530576
275 -0.758295420475956 10.7124671336703
276 1.86178195148439 8.34143565572788
277 -0.758296027496771 10.7124680194085
278 0.81935850254103 6.16156538674465
279 -0.758295830380466 10.7124677487117
280 -0.758296113968744 10.7124681409875
281 -0.892467752919604 9.13436595748985
282 -0.892467464744603 9.13436553997787
283 0.840337000861091 7.43050678862867
284 -0.758296442150938 10.712468818519
285 -0.758296168066233 10.7124682739765
286 -0.758295535655352 10.7124672539664
287 -0.892469556834442 9.13436759529903
288 2.12345708896035 4.30291061035624
289 -0.977195764406232 8.22698089343814
290 -0.94406637131298 8.5743949255836
291 -0.758295539028965 10.7124669017638
292 -0.758296044836347 10.7124680878642
293 -0.892465432408648 9.13436332115204
294 -0.758296049411621 10.7124680103771
295 0.870795299971249 9.2318192984802
296 -0.944066703612518 8.57439521391152
297 2.81804484127932 4.84388092905925
298 -0.94406707184098 8.57439557914713
299 -0.892468374638827 9.13436661063461
300 -0.758296164961581 10.7124683659369
301 2.69023308819629 7.60377645038736
302 -0.758296085228381 10.7124683609252
303 -0.8924661280129 9.1343636793848
304 -0.758296177872559 10.7124682891703
305 -0.758295840755719 10.7124677468795
306 -0.758296123078429 10.7124682186777
307 -0.892469246099879 9.13436734454924
308 -0.758296459966485 10.7124687683046
309 -0.758296040744836 10.7124680138816
310 -0.758295795168706 10.7124677699063
311 -0.758295285890869 10.7124666872202
312 2.35699482006288 7.89974198851278
313 -0.977194843165625 8.22698025353036
314 -0.758296007470455 10.7124679694978
315 -0.758295878637992 10.7124678556308
316 -0.977194899336832 8.22698008745074
317 -1.05218039073552 7.47124994492473
318 -0.758296081652876 10.712468072558
319 -0.758296144543026 10.7124682106664
320 -0.758295579333028 10.7124670710948
321 -0.758296157981482 10.7124682834177
322 -0.758295725668973 10.7124675467153
323 3.52588944723319 4.13902293092267
324 -0.758296032907444 10.7124679980603
325 -0.758296450475984 10.7124687776509
326 0.819358425780697 6.16156542359239
327 -0.758296850005482 10.7124691896972
328 -0.892466151994191 9.13436380757341
329 0.870795530866056 9.23181635222773
330 -0.758296154222157 10.7124684734999
331 0.870796138938945 9.2318154493863
332 -0.892467564999637 9.13436522292876
333 0.870795268054849 9.23181935781589
334 -0.758296069344112 10.7124680737356
335 1.48119821790264 8.68238338252707
336 -0.758296118407976 10.7124682792587
337 -0.892465987216094 9.13436355208592
338 -0.758296041923264 10.7124680109144
339 -0.758296471544746 10.7124687669997
340 -0.892465477644099 9.13436334974682
341 0.830033938357241 6.81633041230569
342 -0.75829606612892 10.7124683035716
343 -0.758296128161549 10.7124681795391
344 -0.892469545588635 9.13436761038765
345 -0.892467162183763 9.13436524170739
346 -0.758295795536825 10.7124677591443
347 2.12481726979953 4.86115222763887
348 -0.758295029116274 10.7124663988631
349 0.840338040701632 7.43050568972081
350 -0.892469194635129 9.13436718253875
351 -0.892467643985558 9.13436532149743
352 -0.758295148071577 10.7124664439329
353 -0.892468365835519 9.13436654140578
354 -0.758295848385866 10.7124678629819
355 -0.758295477669002 10.7124666507868
356 -0.75829585510369 10.7124677731454
357 -0.892468118796574 9.13436597436207
358 -0.75829591366373 10.7124678588829
359 -0.758295486199298 10.7124667016893
360 -0.758295628583332 10.7124674050162
361 -0.758296179638514 10.7124683644019
362 -0.758296107390424 10.7124681194235
363 3.31319370996468 2.74742538094702
364 -0.758296053064457 10.7124680290283
365 -0.892465908011444 9.13436343030556
366 -0.758296086897174 10.7124680901427
367 -0.758295990850421 10.7124679683913
368 -0.758296017193127 10.7124679789972
369 -0.758296069196664 10.7124681962552
370 -0.758295891102517 10.7124678247626
371 1.86178211124636 8.34143569915503
372 -0.75829594505617 10.7124680041561
373 -0.892467725859489 9.13436541963973
374 2.35699495543303 7.89974313552535
375 -0.758296138857076 10.7124682178486
376 -0.758296161851633 10.7124682979951
377 1.45039612680361 5.13018484099778
378 -0.89246627454145 9.13436415725271
379 -0.758295994387014 10.7124679567091
380 -0.758295656448232 10.712467312239
381 -0.758296013770255 10.7124680062912
382 -0.758295862078232 10.7124679498102
383 -0.977195750160109 8.22698088688372
384 0.870796111029875 9.23181568404803
385 -0.892465656575735 9.13436330749314
386 -0.758296125230068 10.7124681732448
387 1.83939485248037 3.87395345209423
388 -0.758296163754906 10.7124683376555
389 2.81752345018896 4.45302316389527
390 -0.758295949045264 10.7124679176903
391 0.870794908093405 9.23182047099391
392 -0.758296135690522 10.7124681876319
393 -0.944066940307194 8.57439547803563
394 2.81752362967608 4.45302273064559
395 -0.758296066222078 10.7124680390504
396 2.12985997740556 6.16205892620986
397 -0.75829545159342 10.7124670944087
398 -0.758295536335464 10.7124669063336
399 1.45166373613162 5.3110952004343
400 -0.892468915252258 9.13436687169347
401 -0.758296123551445 10.7124681550189
402 1.84429082707627 5.42225647013301
403 -0.75829657906352 10.7124689921777
404 -0.758295942660455 10.7124680602319
405 3.3125203670661 4.99623261524867
406 -0.758296011289143 10.7124681224589
407 -0.758296069507159 10.7124680392344
408 0.870795390038213 9.23181769099217
409 0.840336964661458 7.43050683902928
410 -1.00183033748886 7.97429124102371
411 -0.758296179235459 10.712468512654
412 -0.758295789043907 10.7124677323765
413 -0.758295777997816 10.7124677178065
414 -0.892469367388923 9.13436740037648
415 -0.892468329278406 9.13436658475921
416 -0.977195889483887 8.22698096283062
417 2.3452141270196 4.23696057882167
418 -1.00182807855187 7.97428871405516
419 -0.758295995373322 10.7124681118943
420 -0.892468661323205 9.13436693830982
421 -0.758295638095 10.7124672871676
422 -0.892467555409555 9.13436568027929
423 -0.758295585768853 10.712467093261
424 0.870796089388222 9.23181454144646
425 -0.758295852534219 10.712467907036
426 -0.758295416879123 10.7124666160103
427 0.840337227884993 7.43050666809229
428 -0.758296101046851 10.7124681105603
429 -0.758295566269089 10.7124670228295
430 -0.758296089068676 10.7124680847924
431 2.12574460717176 5.14216537466359
432 2.35699697513064 7.89974370259511
433 -0.758295950974391 10.7124681174343
434 2.34521389993819 4.23696086467281
435 -0.758295357356316 10.71246703159
436 -0.944066621965575 8.57439518847374
437 -0.758295783437598 10.7124677318281
438 -0.89246616670856 9.13436370383987
439 -0.758296556843138 10.7124688547702
440 -0.758295960853691 10.7124681379257
441 3.22976979313137 4.04158371180667
442 0.87079536333268 9.23181926207731
443 2.13888854256581 8.09399815345939
444 -0.944066403000777 8.57439498587344
445 -0.758295929419068 10.712467971215
446 1.48119833036909 8.68238310493016
447 -0.758295673644329 10.7124674391877
448 -0.758295873080525 10.7124679201116
449 0.830034255477777 6.81633041859876
450 -0.75829584338236 10.7124677684148
451 -0.892467569281457 9.13436539332987
452 1.46415949608163 6.81702563239027
453 1.46415942121424 6.81702584349287
454 2.52760691366071 3.53467218281506
455 -0.758295747018886 10.7124676688979
456 -0.75829607580614 10.7124683502734
457 -0.758295627762001 10.7124673411141
458 -0.758295676529564 10.7124674004542
459 -0.758296044396281 10.7124683986907
460 2.34763545319329 5.31120709974128
461 1.8442908755976 5.42225655974961
462 -0.75829595773784 10.712467920517
463 -0.758296151066374 10.7124683140692
464 -0.758295985905192 10.712467949631
465 2.12985983208103 6.16205895004144
466 -0.892467465243407 9.1343651322551
467 2.12419069413777 4.64031938643228
468 2.68240621348833 3.7441663502723
469 1.44938542308291 4.97597441882319
470 -0.758295994808321 10.7124679585775
471 -0.758295603585708 10.7124671360451
472 0.819358515006311 6.16156537602483
473 -0.758296081445347 10.7124681169933
474 -0.758296909286222 10.7124692813703
475 -0.892468449744935 9.13436631758358
476 -0.758296100734797 10.7124681091792
477 2.34503127109356 3.71734721318155
478 -0.758295654258111 10.7124673352074
479 0.815953293108975 5.94473765835511
480 0.840337099672908 7.43050671570948
481 -0.97719577773892 8.22698090107991
482 -0.758296015359366 10.7124679808845
483 3.23059230530569 5.07716251441663
484 0.840337366417629 7.43050664917455
485 -0.758295915909472 10.7124680678913
486 -0.75829571568779 10.7124675311418
487 0.870795194879072 9.23181981709665
488 -0.758295483216366 10.7124666828864
489 2.52918710161054 5.13091792833304
490 1.86178207961036 8.34143545889584
491 -0.758290890504196 10.7124577277717
492 2.52742445503354 3.76344786499527
493 3.22975791732934 3.75793297593197
494 -0.758296328673799 10.7124686188188
495 3.14180730510547 5.16482731968529
496 -0.758296099487204 10.7124681050115
497 0.870795182332183 9.23181982613466
498 -1.00182903039924 7.97428978759276
499 -0.758296120572104 10.7124683260266
500 0.870794863755655 9.23182020948468
501 0.840337211777953 7.43050677880545
502 -0.758295983380922 10.7124679572131
503 0.840336977777206 7.43050686647298
504 -0.758295863557057 10.7124678761556
505 -0.892468803424714 9.13436682308277
506 -0.75829590990967 10.7124680505389
507 -0.758295679007303 10.7124674809468
508 -0.97719286645492 8.22697813676182
509 -0.758296105027365 10.7124681175954
510 -0.75829611224121 10.7124681614607
511 -0.758296120830587 10.7124681471591
512 2.52857952518423 3.1119409642408
513 -0.758295875756845 10.7124678981641
514 3.81069792337791 6.61580188997028
515 -0.758296050733842 10.7124680229092
516 -0.758295878981468 10.7124679321287
517 0.870795550024288 9.23181631369205
518 -0.758295506382656 10.7124667751872
519 2.13888747664061 8.09400415362152
520 -0.758295497939797 10.7124667044526
521 -0.89246804098469 9.13436627780211
522 -0.758296143135442 10.7124682330384
523 -0.758296118633245 10.7124681541114
524 -1.1035166817192 6.9738331099785
525 -0.892467104584511 9.13436467458456
526 -0.7582959368022 10.7124678934297
527 -0.892465368880992 9.13436319170029
528 -0.758296058261584 10.7124681070901
529 -0.758295694082747 10.712467492685
530 -0.758296149416247 10.7124684509953
531 -0.758296194302388 10.7124685353498
532 -0.758296087245176 10.7124681593016
533 -0.758295979375405 10.7124679422239
534 -0.758295848245368 10.7124677985873
535 2.68244180701465 4.08289610648491
536 0.815953309901213 5.94473759614558
537 -0.758296042911253 10.7124680038556
538 -0.892468848678385 9.13436699497233
539 2.68244129814058 4.08289563922309
540 -0.758295659753612 10.7124674992779
541 0.870796221258807 9.23181472473085
542 -0.758296145133667 10.7124682441124
543 -0.892470337513276 9.13436847229065
544 1.86178261211873 8.34142737298119
545 -0.758295685710495 10.7124674307219
546 -0.758296211573115 10.712468544893
547 2.34521423140152 4.23696034447921
548 0.870796309598665 9.23181316565966
549 -0.758295602398821 10.7124671634359
550 -0.892468591535898 9.13436677129484
551 0.870796176406535 9.23181457044376
552 -0.758296192880003 10.712468460039
553 -0.758296033882124 10.7124679930737
554 -0.758296087746617 10.7124680797194
555 -0.758296174140843 10.7124685015383
556 1.45039606245756 5.13018506079271
557 -0.758295709114068 10.71246757324
558 -0.758295778116146 10.7124676426688
559 0.813214147414116 5.76570025035488
560 0.823793031306901 6.43707998476163
561 2.68361494087756 4.97749616413932
562 -0.758295558087635 10.7124669876407
563 3.04370928239471 4.22737367375682
564 2.13888849462944 8.09399461462083
565 -0.758296236676261 10.7124685311094
566 2.12481734984424 4.86115196972628
567 0.819358136540168 6.16156575382178
568 -1.08584908094151 7.14354658713195
569 -0.758296082870174 10.7124680742608
570 2.8171848789598 3.94822172355753
571 -0.758295989748899 10.7124680318032
572 1.48119832174641 8.68238273092513
573 -1.00182980414437 7.9742906689628
574 2.12313643794051 4.04739161196998
575 2.34763534819022 5.31120726296017
576 -0.758295660306453 10.7124673836355
577 2.13888888103121 8.09399584786848
578 -0.758295757395128 10.7124675947683
579 2.52918714111534 5.13091768748874
580 -0.758295716737665 10.7124675410979
581 -0.758296399807781 10.7124687041888
582 -0.758296012330387 10.7124679804568
583 -0.758295744779061 10.7124676413777
584 -0.758295767324134 10.7124676917246
585 1.45166392700339 5.31109513604358
586 -0.758296056265087 10.7124683293642
587 -0.758295530319157 10.7124668833129
588 1.48119833171396 8.68238304522465
589 -0.892468246561988 9.13436610211764
590 -0.892467009822623 9.13436488482278
591 1.45549844734963 5.80899314079029
592 -0.758295842921785 10.7124678883705
593 -0.758296003285248 10.7124679712619
594 -0.758295577248016 10.7124673787348
595 -0.758296163431859 10.7124684403891
596 0.823792984468743 6.43707964980787
597 -0.758296154568941 10.7124682076078
598 0.840337207017843 7.43050660321177
599 -0.75829541617349 10.71246709791
600 -0.892466816727351 9.13436434218114
601 -0.758295511405906 10.7124672302203
602 -0.892468673593834 9.13436657569702
603 -0.758296149917224 10.7124682605994
604 0.810942421238435 5.61304030992529
605 -0.758296009528675 10.7124679826996
606 -0.758295783999422 10.7124677395987
607 -0.758296392014718 10.7124687110812
608 -0.758295993161535 10.7124679826153
609 2.94217246966759 7.38069795056797
610 -0.892468530551379 9.13436644906895
611 -0.758296043559375 10.7124680197355
612 -0.977192618477309 8.22697751278544
613 -0.758296147417144 10.7124683924973
614 -0.89246689999855 9.13436464257822
615 2.12986000249611 6.16205884208339
616 -0.892467582507795 9.13436552879145
617 -0.758295474407515 10.7124672127197
618 -1.10351092990799 6.97382737068496
619 -0.944066604177604 8.57439511686023
620 0.815953253388751 5.94473769528518
621 1.86178198828585 8.3414357693528
622 -0.758296103425622 10.7124681557968
623 2.93809682220326 5.36583308903073
624 -0.758295075196307 10.7124662856005
625 -0.89246588536712 9.13436346385123
626 -0.944066920919582 8.57439545864469
627 -0.758296098888204 10.7124680999898
628 -0.758295954592148 10.7124679173627
629 -0.758296156991542 10.7124684446602
630 -0.758296102132636 10.7124681112306
631 -0.9440664832686 8.5743950491018
632 0.870795070134387 9.23182018067444
633 -0.758295772863728 10.7124676415778
634 2.12985994394102 6.16205940863422
635 -0.758295766950443 10.7124677062154
636 -0.758295605025383 10.712467182004
637 2.13888721640866 8.09400226164165
638 -0.758296106476779 10.7124681189056
639 -0.758296002852278 10.7124679657286
640 1.45869866488603 6.19311657297747
641 4.18618781083665 4.13004747633977
642 3.52596640411181 3.46130298996824
643 -0.892467001338006 9.13436510154999
644 3.04453094316483 3.01692833055023
645 -0.892466304767402 9.13436386976695
646 -0.758295654095679 10.7124673847238
647 -1.02153553416826 7.77539234914075
648 0.870796076356891 9.23181452044164
649 1.46415938289445 6.81702592149682
650 2.93670605480817 4.33414869482494
651 -0.758296087543615 10.7124680820505
652 -1.02153014956485 7.7753868069174
653 -0.758296086548877 10.712468079479
654 -0.758295523962748 10.7124668569787
655 -0.758295979487998 10.7124679437058
656 -0.758296219810919 10.7124684105082
657 -0.758295526874647 10.7124671536081
658 -0.75829610201681 10.712468110711
659 -0.977195174960508 8.22698040258609
660 0.870795783810934 9.23181585785564
661 -0.892465486757873 9.13436338670983
662 0.840337069897266 7.43050672909969
663 -0.758296053685248 10.7124680226956
664 2.12345696016726 4.30291064556624
665 -0.758296097086879 10.7124683903118
666 -0.758296041104365 10.7124680639637
667 -0.892465508058058 9.13436315589178
668 -0.892465874865764 9.13436344707361
669 2.1257445138693 5.14216556986687
670 -0.758295679596631 10.7124674092696
671 -0.892468986512624 9.13436713275903
672 -0.758296693520858 10.7124691146572
673 -0.758295439533616 10.7124671094752
674 -0.75829613860825 10.7124681966396
675 1.45329799255803 5.53028559254232
676 2.3458889509573 4.64070767283951
677 0.870794837024027 9.23182046257701
678 -0.758296467200353 10.7124687603959
679 -0.758296122638541 10.7124681673437
680 -0.758295949515337 10.7124680192669
681 -0.944066643248488 8.57439520271201
682 -0.758296093640229 10.7124682968363
683 -0.758295865595201 10.7124679563415
684 -0.758296160432351 10.7124683598478
685 -0.892467555726933 9.13436523509275
686 -0.758295768288374 10.7124676964496
687 2.94217233365199 7.3806962336545
688 -0.944066964482876 8.57439553122959
689 -0.892467890708862 9.13436561883679
690 -0.758296151894625 10.7124683077355
691 -0.892465833898695 9.134363421285
692 -0.758296028385649 10.712468009392
693 2.82378575271525 7.48545140558711
694 -0.758295733619001 10.7124675887982
695 -0.758295955376093 10.7124679285323
696 -0.758296915102764 10.712469341487
697 -0.758295529423907 10.7124672978856
698 -0.758295534033528 10.7124672909425
699 -1.03800097803395 7.61119290278358
700 -0.758296478729002 10.712468787414
701 -0.758296049274984 10.7124683168819
702 -0.892468683448153 9.13436693378732
703 2.1241907820129 4.64031931404288
704 -0.758295962485976 10.7124679222381
705 -0.758296211866716 10.7124683930217
706 -0.758296155464463 10.7124683009279
707 -0.758295607268799 10.7124671863378
708 -0.758296139379167 10.7124684380277
709 -0.758295379012866 10.7124670036412
710 -0.758296015560926 10.7124679904041
711 -0.758296453406122 10.712468751971
712 2.34970148999111 5.94563384353656
713 -0.758296174823946 10.7124683392762
714 2.13888751732077 8.09400384943248
715 -0.758296117755299 10.7124683780425
716 -0.758296050920317 10.7124680766374
717 -0.758295667510643 10.7124674999558
718 -0.75829593322377 10.7124679968383
719 -0.758296015942317 10.7124680063237
720 -0.758296079682617 10.7124680625162
721 -0.892468313534169 9.13436643536642
722 -0.892468688413104 9.13436680607779
723 -0.758296187045582 10.7124684986283
724 -0.75829612599912 10.7124681757215
725 0.840337036841122 7.43050674637675
726 2.68248641209183 3.60830947111293
727 1.84634536219459 5.80866990319078
728 -0.758296289227213 10.7124686881002
729 4.0743825170697 2.91036280751186
730 -0.758295655619499 10.712467386634
731 -0.758296149707933 10.7124682934226
732 -0.758295643962201 10.7124673207881
733 -0.758296122974477 10.7124681670445
734 -0.75829612864383 10.7124681844863
735 -0.944066762652141 8.57439531789072
736 1.46415950802173 6.817025661559
737 1.44856492224693 4.84145228014069
738 -0.758296116314397 10.712468145931
739 -0.758295916011421 10.71246789727
740 -0.758295659595814 10.7124673474737
741 3.23361770755103 7.12333628960012
742 -0.758295963072119 10.7124679670774
743 0.819358438359763 6.16156543736566
744 -0.758296165433188 10.7124684002381
745 -0.758295606714692 10.7124671892626
746 -0.758295512805931 10.7124667526726
747 -0.944066625988395 8.57439518862686
748 -0.758295621429084 10.712467243139
749 -0.8924667121166 9.13436424434703
750 -0.758296077083333 10.7124680644731
751 -0.758296154284333 10.7124683184139
752 -0.758295846092679 10.7124678715622
753 -0.758295922926912 10.7124680118002
754 2.81726792260575 3.60922451061481
755 -1.02153215283946 7.7753889284563
756 3.14082921946482 4.13041590981453
757 -0.758296235569676 10.7124685262393
758 -0.758295950936968 10.7124679462757
759 -0.758295640497333 10.7124673469353
760 -0.892467281805454 9.13436544611666
761 -0.758295888263945 10.7124678362143
762 1.84428990696666 5.42225618317551
763 0.830034316944202 6.81633032141125
764 2.34970151509484 5.94563400745625
765 0.805915584060998 5.25520538672472
766 -0.892467227255824 9.1343648103408
767 2.68498610202481 5.61536613014032
768 0.83003412515973 6.81633052749655
769 -0.758291406824383 10.7124568846396
770 -0.758296017149041 10.7124679941039
771 -0.758296151447695 10.7124682541603
772 0.830033941380248 6.8163304257158
773 -1.03800147618349 7.61119320053023
774 -0.758295608333613 10.7124671989062
775 2.68277234403716 3.3793524498299
776 -0.758295931659488 10.7124680022117
777 -1.03800477619095 7.61119697099584
778 1.45869870358796 6.19311664493788
779 1.8617819296644 8.3414357028232
780 -0.758295872349905 10.7124678264715
781 2.3454735127418 4.41945389567649
782 1.86178263768286 8.34143122068859
783 -0.7582960675374 10.7124681313454
784 -0.75829612979537 10.7124681789321
785 -0.758296094224227 10.7124682613328
786 2.52918707685693 5.13091803813782
787 -0.944066498379319 8.57439506519731
788 -1.0018302353243 7.97429110174523
789 -0.758296001373465 10.7124680356852
790 -0.892467458078828 9.13436507608039
791 0.84033698549245 7.43050681933457
792 2.13888708715188 8.09400297634545
793 -0.977194574921704 8.22697994864842
794 -0.758295475324809 10.7124666480881
795 -0.75829571546271 10.7124675395986
796 -0.977195917705434 8.22698100730066
797 -0.944066908806532 8.57439544031599
798 3.14512283644063 7.20140342397575
799 -0.758295969921593 10.7124679308597
800 -0.758294945798984 10.7124663444749
801 -0.944066778670797 8.57439529790021
802 1.84997066618679 6.43749152449018
803 1.48119832633373 8.68238298581645
804 -0.758296089418156 10.7124681104906
805 -0.944066881071883 8.57439541153355
806 -0.944066477703174 8.57439498141264
807 -1.00183011390052 7.9742909740376
808 -0.892468297369827 9.13436612659583
809 -0.758295818507652 10.7124677365921
810 2.53695856741617 7.7397838759903
811 -0.758296025749055 10.7124679863794
812 -0.892466352971941 9.13436389012527
813 -0.977195912155072 8.22698108790837
814 -0.892467504571052 9.13436514013492
815 -0.977195212054503 8.2269805193005
816 1.45549860614817 5.80899304861257
817 2.93809694813556 5.3658329090131
818 2.81756003051451 3.35265587162783
819 -0.758296043656397 10.712468003003
820 0.870795578745754 9.23181602748355
821 0.840337057718825 7.43050673584369
822 1.48119828072244 8.68238300816429
823 -0.94406683624479 8.5743953640203
824 1.84123449366699 4.74018821381539
825 -0.758295551410716 10.7124669685838
826 2.94217216479085 7.3806983644654
827 -0.75829596891525 10.7124679415469
828 -0.758295724474746 10.7124675826852
829 -0.944066668552431 8.57439517301788
830 2.12574450294343 5.14216558600564
831 -0.758296160208661 10.7124683090804
832 -0.758296042106973 10.7124682785249
833 -0.758295742882555 10.7124675707559
834 -0.758296092884201 10.7124680931592
835 2.34588932009395 4.64070791745272
836 -0.944066487505064 8.57439505325677
837 2.68295827315476 4.58717971082491
838 -0.892467581891291 9.13436524435933
839 0.840337189414978 7.43050661783531
840 -0.758295830000601 10.7124677618651
841 0.840337127398445 7.43050673804475
842 1.48119804985554 8.68238562561583
843 0.840337143217475 7.43050667792131
844 -0.758296024504223 10.712468068629
845 -0.758295975641924 10.7124679457004
846 -0.758295631234932 10.712467330539
847 -0.758295828660294 10.7124678636124
848 -0.758295924985848 10.7124680448047
849 0.87079621493792 9.23181493490059
850 -0.758295562945076 10.7124670003451
851 -1.02153337804417 7.77539009395611
852 0.819358566348306 6.16156530597943
853 -0.758296053503697 10.7124680225912
854 2.35699524629042 7.89973947222397
855 4.0000893674123 1.04487252596853
856 2.34511522976105 3.61893788579372
857 -0.892466445304934 9.1343639805864
858 -0.758296536378532 10.7124688590941
859 -0.892467380902167 9.13436501511627
860 -1.00182948143756 7.97429027767138
861 -0.758295869989933 10.7124678228382
862 1.86178211466159 8.34143575924819
863 -0.758295589927781 10.7124672808148
864 -0.758295527145577 10.7124668673317
865 1.48119831347111 8.68238335060511
866 -0.758295896448262 10.7124678425307
867 -0.758295477023082 10.7124666490583
868 -0.75829588221968 10.7124678862135
869 0.870796049316252 9.23181483417915
870 -0.758295663613846 10.7124674099693
871 0.870794838802719 9.23181964404264
872 0.870795401325032 9.23181758946679
873 -0.944066918744922 8.5743954431177
874 -0.944066828303193 8.57439567053733
875 -0.892465405765848 9.13436313607317
876 -0.892467495201881 9.13436513491407
877 -0.758295850281376 10.712467762145
878 3.52588983361367 4.1390229060848
879 0.840336951034897 7.43050698544956
880 0.807359952591259 5.36160034142519
881 0.840337313760419 7.43050642445366
882 0.823792356410104 6.43707969108733
883 2.53695856970892 7.73978145530616
884 -0.758296068659882 10.7124680469517
885 2.68498606240968 5.61536606493573
886 -0.9771958973301 8.22698156997268
887 -0.758295216958923 10.7124665590088
888 -0.758295565014078 10.7124673386601
889 -0.758296200791898 10.7124684272263
890 -0.758296157698199 10.7124683108572
891 -0.892466393997626 9.13436409852281
892 2.68261196272362 4.30471694336126
893 1.4641595967602 6.81702548718595
894 -0.892466890888876 9.13436442931741
895 0.823792782067483 6.43707996358896
896 -0.758296165339965 10.7124684924437
897 -0.892468428762734 9.13436668810243
898 -0.758295827012767 10.7124678396721
899 -0.892466191387434 9.13436374047049
900 -1.03800328502139 7.61119563092423
901 1.48119831214725 8.68238307659495
902 -0.758296096638911 10.7124681009341
903 0.870795974838582 9.23181463679192
904 0.823793027652952 6.43707997684708
905 -0.758295843388546 10.7124677489796
906 -0.75829611116649 10.7124681342912
907 -1.00183073077471 7.97429153572336
908 2.13888704610905 8.09400337709342
909 -0.977195690866292 8.22698085138219
910 -0.758295407796607 10.7124671170595
911 -0.892467747474628 9.13436557088721
912 -0.758295174266807 10.7124667076148
913 2.13888742231865 8.09400387069123
914 0.870794950536657 9.23182046487267
915 0.830034180391621 6.81633049220535
916 -0.892467771696506 9.13436596570724
917 -0.758296094833828 10.7124680938781
918 -0.892469555494325 9.13436755098676
919 2.93653741355946 4.05111205779029
920 -0.8924653854379 9.13436308589582
921 -1.03799877386502 7.61119044164865
922 -1.02153207693214 7.77538881570106
923 -0.758295548128326 10.7124668971002
924 -0.75829575690605 10.7124676647629
925 -0.892468027871873 9.13436579355952
926 -0.758296179640269 10.7124683791505
927 0.813214194706907 5.76569960442993
928 -0.758295615800866 10.7124672077902
929 -0.758296157667541 10.7124684145338
930 0.840337035318553 7.43050674716472
931 -0.758296102228905 10.7124681082223
932 1.4641595419317 6.81702551971399
933 1.45869865016585 6.19311659262336
934 1.45869862538306 6.19311657281356
935 0.804645193199169 5.15843147842274
936 3.31251987249758 4.99623253384409
937 -0.944066753160284 8.57439530348043
938 -0.944066832694335 8.57439537993165
939 -0.758295834795627 10.7124677952144
940 -0.944066934811296 8.57439546996778
941 2.94217224045348 7.38069645825681
942 -0.892466963992173 9.13436507186828
943 0.83003430788167 6.81633022605668
944 2.1298601989196 6.16205880602773
945 -0.758296128789415 10.7124681779094
946 -0.758295962873227 10.7124679571338
947 -0.944066602541975 8.57439516529951
948 -0.758296151480238 10.7124682717913
949 2.13888745104009 8.0940033757568
950 2.12720055724863 5.53001338424217
951 -0.758295903605147 10.712467848242
952 1.8617821746949 8.34143537013651
953 -1.00183064254273 7.97429145167324
954 -0.758295897087348 10.7124678433974
955 0.840336963978313 7.43050690198497
956 0.809017225850878 5.47984407179074
957 -0.758296159337838 10.7124683181816
958 1.4811982925685 8.68238279828857
959 1.48119819778432 8.68238452237117
960 -0.892465639265016 9.13436330363484
961 1.86178246203239 8.34143526925439
962 1.46415962260678 6.81702543780219
963 4.14999201934071 4.16608883191544
964 -0.758296333908636 10.7124686458444
965 -0.758295911475499 10.7124678924656
966 2.34506372356098 4.08147426944273
967 1.84634510196562 5.80866989688274
968 0.870796157915443 9.23181540229161
969 -0.758296471566875 10.7124687676157
970 -0.758296054684449 10.7124680962428
971 2.12986005944175 6.16205882031348
972 1.45549860918482 5.80899303441989
973 1.48119825742874 8.68238309785094
974 0.830033832478335 6.81633060033118
975 -0.758296175560571 10.7124684920062
976 -0.758296166406486 10.7124682337832
977 -0.758295597402715 10.7124671527048
978 -0.758296013480987 10.7124681884322
979 2.82378572551658 7.48544336155418
980 2.682406183906 3.74416640185419
981 1.84123396728451 4.74018797233574
982 0.87079600263218 9.23181624644549
983 -0.758295635830505 10.7124672704557
984 -0.758295498583074 10.7124672490822
985 -0.758296133889168 10.7124682032394
986 -0.758296157767146 10.7124684063296
987 -0.758295934038316 10.7124678913569
988 -0.758295321665561 10.7124670474256
989 0.870795643359962 9.23181815690978
990 3.23361772273652 7.12333645322667
991 1.4811981692057 8.68238435912603
992 -0.758295621148707 10.7124672539325
993 1.45166377094616 5.31109539790339
994 -0.758296146264576 10.7124682354879
995 0.840337030292963 7.43050675632544
996 3.14512131096658 7.20140422060914
997 -0.758296104591274 10.7124681134438
998 -0.944066899587752 8.57439541112061
999 -0.758295955720763 10.7124679157372
1000 3.14372429637769 2.42726622430655
1001 0.840336992305589 7.43050681700696
1002 -0.75829560947941 10.7124671879916
1003 -0.944066856882567 8.57439538578614
1004 -1.00182685234809 7.97428760072653
1005 0.870795971906415 9.23181461768942
1006 -0.758296145508473 10.7124682459116
1007 0.819358256238364 6.16156567398998
1008 2.69023308762374 7.60377718922784
1009 0.819358327350707 6.16156558971574
1010 0.840336963740008 7.43050683227538
1011 -0.758295812100186 10.7124678177586
1012 -0.758295871927995 10.712467949717
1013 1.84634515248474 5.80867011027024
1014 -0.758296096525545 10.7124682615935
1015 -0.892465386954266 9.13436308303486
1016 -0.758295785478475 10.7124676787553
1017 -0.758296161873411 10.7124684542288
1018 -0.758296231299555 10.7124685849511
1019 -0.758296022384912 10.7124679961567
1020 0.830033897666411 6.81633071812596
1021 1.86178372634718 8.34140992392423
1022 -0.758296087447862 10.7124680875068
1023 -0.758295750729643 10.7124676612725
1024 -0.944067164102027 8.57439566635562
1025 -0.758295605523935 10.7124671879349
1026 -0.944066927779354 8.57439546735285
1027 -0.758296061134113 10.7124680342431
1028 0.870795463401621 9.23181704338115
1029 -0.758296075961934 10.7124680611167
1030 -0.758295866104851 10.7124678407239
1031 -1.00182681614929 7.97428737537222
1032 -0.75829598937222 10.7124679550211
1033 -0.758296090940778 10.7124680812951
1034 0.870795524058795 9.23181854327193
1035 -0.758296126281701 10.7124682859221
1036 1.46415958829576 6.81702545366721
1037 1.45549855909409 5.80899309487727
1038 0.870794820746622 9.23182011379429
1039 -0.758296156824635 10.7124683366394
1040 0.819358595186697 6.16156530358054
1041 3.38982731502033 2.57198095315389
1042 -0.75829599967272 10.7124679691128
1043 -0.758296080503437 10.7124680638383
1044 0.840337037062897 7.43050701851472
1045 2.8191938427073 5.48308057196626
1046 -0.758295911954978 10.7124678583009
1047 -0.758295662233609 10.7124673648256
1048 2.81727707452054 4.1702501818214
1049 1.86178241199808 8.34143170208364
1050 -0.758296066810146 10.7124680495728
1051 3.99370962958743 2.42829473630428
1052 1.84634540955366 5.80866982205538
1053 2.69023313513716 7.60378070292185
1054 1.45549868312063 5.80899291719682
1055 3.04403648306977 4.61910815106986
1056 -0.75829610199891 10.7124683958943
1057 -0.892466663573497 9.13436419554945
1058 -0.758296131578031 10.712468197944
1059 -0.758296126495079 10.7124681772922
1060 -0.892467784739454 9.13436548122696
1061 -0.977195544853545 8.22698079654411
1062 -0.758296064501682 10.7124680610934
1063 2.3452139009675 4.23696086781291
1064 -0.758296102400677 10.7124681130174
1065 -0.892469284271738 9.1343673081625
1066 -0.758296114458974 10.7124681286261
1067 1.8617821951937 8.34143427275854
1068 -0.892468115880041 9.13436590988707
1069 0.840337162033919 7.43050664851277
1070 -0.758296059778925 10.7124680408689
1071 1.46415941769963 6.81702585134851
1072 -0.758295911111524 10.7124679285713
1073 -0.758295887732245 10.7124679417079
1074 -0.758296153795212 10.7124683140384
1075 -0.75829612080351 10.7124683874234
1076 -0.758295788553879 10.7124677458224
1077 -0.758296144616681 10.7124684261879
1078 -0.944066960770895 8.57439547028116
1079 -0.758296117549478 10.7124681462512
1080 1.4811986863728 8.68237815148879
1081 1.84195353695958 4.92189716376945
1082 -0.892465911816692 9.13436386758858
1083 -0.758296175732054 10.7124682940796
1084 -0.758296045977575 10.7124683135081
1085 0.870796159059617 9.23181537861601
1086 1.86178197583853 8.34143572649122
1087 0.870795582201755 9.23181720364939
1088 -0.977194773807663 8.22698001745862
1089 -0.758296140278491 10.7124682118136
1090 -0.758296126882847 10.7124682085632
1091 2.1272004593487 5.53001331171307
1092 1.46415956736206 6.81702546753603
1093 -0.758296074056678 10.7124681637199
1094 -0.758296900586983 10.7124693603658
1095 2.13888730556461 8.09400124923828
1096 -0.944066698836802 8.57439522250969
1097 -0.75829610212502 10.7124682444934
1098 -0.75829594033269 10.7124678954532
1099 -0.758296598535082 10.7124688998595
1100 -0.758296225841399 10.7124685272768
1101 2.9380587595435 2.8515765904861
1102 -0.75829619220178 10.7124683401439
1103 -1.08584508015787 7.14354276680314
1104 1.48119832861547 8.68238311888751
1105 1.48119830432609 8.68238301240259
1106 -0.944066971847313 8.57439547984464
1107 -0.758296151872331 10.7124682963734
1108 0.804645215191405 5.15843144169905
1109 -0.892467115170491 9.13436468425398
1110 -0.758296169177156 10.7124684965345
1111 -0.758295856640775 10.7124678517504
1112 3.31183009157529 3.9595866654712
1113 -0.944066780101775 8.57439529168817
1114 -0.758296122088855 10.7124681686614
1115 -1.00183078835387 7.97429158696821
1116 -0.89246765181132 9.13436535293781
1117 -0.892466662261111 9.13436443262877
1118 -0.758296119960395 10.7124683953489
1119 -0.758295364637441 10.7124668405514
1120 -0.758295641957012 10.7124672961959
1121 3.14180740311135 5.16482717291671
1122 1.86178279301777 8.34143570205236
1123 -0.977195534277987 8.22698074096389
1124 -0.758295576997324 10.712466999096
1125 1.45329846222164 5.53028588228358
1126 0.840337269103349 7.43050668877495
1127 -0.758296108856976 10.7124683489926
1128 0.870796194924976 9.23181473296339
1129 -0.75829603271334 10.712468047863
1130 -0.892465915439203 9.13436367582362
1131 -1.05218122134989 7.47125099467908
1132 -0.75829612010759 10.712468157882
1133 -0.892465909921061 9.1343638161689
1134 1.4811981941035 8.68238455094801
1135 0.802517225548095 4.98752694886722
1136 -0.75829602900824 10.7124679890615
1137 -0.758296094397445 10.7124681020532
1138 -0.758296031922611 10.7124681669517
1139 -0.758296097059697 10.712468101548
1140 -0.944066695724227 8.57439521801123
1141 -0.892468099055571 9.13436587990702
1142 -0.758296265108224 10.7124686167603
1143 -0.758296273905054 10.7124685317063
1144 0.830034183141375 6.81633025954838
1145 0.870795690453211 9.23181790734163
1146 -0.977195947968296 8.2269810254447
1147 -0.758295503083231 10.7124672400275
1148 1.86178201770536 8.34143572090292
1149 -0.758295915098066 10.7124679305114
1150 2.34547393918675 4.41945316299851
1151 -0.758295732396007 10.7124675818108
1152 2.81752374177841 4.45302263240824
1153 3.70433501827105 3.96084729084724
1154 0.823792958985046 6.43707966419659
1155 -0.758295735003119 10.7124676490374
1156 -0.758295718260575 10.7124675474808
1157 -0.758295702256239 10.7124675748855
1158 -0.758296353560391 10.7124686893386
1159 0.870795789773293 9.23181738714958
1160 -0.758296163839885 10.712468326779
1161 -1.10351693850227 6.97383335653801
1162 -1.03800276638772 7.61119512468567
1163 2.12481720037566 4.86115230668547
1164 2.52918700446013 5.13091827049835
1165 0.870796164077495 9.2318145751705
1166 -1.03800085754042 7.61119215008157
1167 0.840337033973352 7.43050677633955
1168 -0.89246745687025 9.13436509769571
1169 -0.758296112824582 10.7124681386677
1170 0.870796218000272 9.23181477011073
1171 -0.758295947006564 10.712468058629
1172 2.52834905492183 4.74124909429595
1173 -0.75829624790533 10.7124686070762
1174 -0.758296107946544 10.7124681261067
1175 -0.758295915032483 10.7124680217937
1176 -0.89246671654394 9.13436425169849
1177 1.45166407860189 5.31109493222867
1178 -0.758295654125762 10.7124674901763
1179 2.93809687446323 5.36583281905415
1180 -0.892466599797483 9.13436454198285
1181 -0.758295653074315 10.7124674622495
1182 0.870794825966774 9.2318204723241
1183 -0.892468180621894 9.1343659811801
1184 0.870795083241842 9.23182012292473
1185 -1.06464587417284 7.34920870935668
1186 -0.758296017356611 10.7124681152032
1187 1.4493856403903 4.97597415473096
1188 -0.758295587402367 10.7124670454769
1189 -0.892467728984753 9.13436549460179
1190 -0.75829583194823 10.712467747667
1191 3.14077374809635 3.84694718244699
1192 1.84634539582652 5.80866985850107
1193 -0.758295616099031 10.7124674260989
1194 -0.758295979224875 10.7124679453967
1195 -0.944066931362787 8.57439543760051
1196 -0.758295951293717 10.7124679097811
1197 1.48119800903179 8.68238588862554
1198 -0.89246651208558 9.13436404586934
1199 -0.892466478570606 9.13436444169813
1200 0.83003368035047 6.81633094076262
1201 -0.758296182897883 10.7124685007785
1202 0.819358368738406 6.16156548724034
1203 -0.758295553944332 10.7124673390986
1204 -0.892468046027071 9.13436581848296
1205 -0.75829578102703 10.7124677316753
1206 -0.758296173397031 10.7124685032317
1207 -0.892467150462577 9.13436493405549
1208 -0.758295862401408 10.7124677846499
1209 2.68240623690715 3.74416630586365
1210 0.830034189773804 6.81633043947904
1211 -0.892465647126402 9.13436330700709
1212 -0.758295941350619 10.7124679675167
1213 -0.758296011993942 10.7124679745404
1214 0.819358496124585 6.16156539490474
1215 1.44938543164868 4.97597405840543
1216 -0.758295755009844 10.7124676743686
1217 1.46415928337613 6.81702615566739
1218 0.83003386784225 6.81633070304093
1219 1.86178202939648 8.34143548769452
1220 1.48119878859422 8.68237645842856
1221 0.830033699146681 6.81633096334927
1222 2.12419077822567 4.64031931936622
1223 2.52745761669204 4.05485907746766
1224 -0.758295831123864 10.7124678316037
1225 -0.758296182110578 10.7124683410259
1226 -0.944066934136002 8.57439546940568
1227 0.840337155788461 7.43050674906721
1228 -0.758296063796736 10.7124680340257
1229 -0.758296034084664 10.7124680056819
1230 -0.758295999221512 10.7124679788146
1231 2.34588916256714 4.64070780794971
1232 2.9367060386509 4.33414871781882
1233 -0.758296138038755 10.7124683495595
1234 -0.758296014686995 10.7124679769192
1235 -0.758296176848411 10.7124683719678
1236 -1.00182951450213 7.97429035968306
1237 -0.75829605265755 10.7124680313017
1238 -0.758296179352523 10.7124684944468
1239 -1.00182923052445 7.97429017128505
1240 1.48119849052771 8.68238061833954
1241 -0.758296033404551 10.7124682812273
1242 -0.758295995100499 10.712467969929
1243 -0.758295509793521 10.712466799556
1244 -0.944067043432281 8.57439554206911
1245 3.4592122511659 4.20553889868759
1246 -1.00182879784334 7.97428952734222
1247 -0.758295686705529 10.7124675506987
1248 -0.758295510265063 10.7124668020316
1249 -0.892466759548088 9.1343642959196
1250 2.34588967651417 4.64070812909415
1251 0.870796207238801 9.23181475651842
1252 -0.892465375400492 9.13436322087181
1253 -0.944066658635747 8.57439521163176
1254 -0.892466420946381 9.13436444219435
1255 -0.758295586347973 10.712467345891
1256 0.870795476988802 9.2318186820432
1257 -0.944066267713996 8.57439476592428
1258 -0.892465720010655 9.13436328836806
1259 -0.758295709399946 10.7124675276693
1260 -0.758296078403116 10.7124680660799
1261 -0.758295991880638 10.7124679610348
1262 0.870796042511601 9.23181460383577
1263 -0.892465874858876 9.13436344709049
1264 -0.89246716726984 9.13436484384658
1265 -0.758295559945743 10.7124670022674
1266 -0.944066953693607 8.57439549007009
1267 -0.758294651388372 10.7124655801199
1268 -0.75829616133879 10.7124684507571
1269 1.46415955842738 6.81702549509698
1270 3.14180735544305 5.16482724720841
1271 -0.758296295972715 10.7124686529078
1272 -0.758296023803746 10.7124680166485
1273 -0.758296066406922 10.7124680467867
1274 -0.892465569256214 9.13436320508172
1275 1.45869858172668 6.19311658469679
1276 -0.758296120735794 10.7124681606072
1277 2.12985990425781 6.16205886696484
1278 -0.892466512193881 9.13436404669367
1279 -0.892468286927381 9.13436627046606
1280 -0.892468880228088 9.13436681938068
1281 -0.758296398301773 10.7124688299103
1282 -0.977195723733548 8.22698086169907
1283 -0.758296199349953 10.7124685361856
1284 -0.75829615194206 10.7124683959885
1285 -0.758296108306974 10.7124681857073
1286 -0.892469637798024 9.13436772423035
1287 -0.944066613356822 8.5743951702106
1288 -0.758296037873247 10.7124680117662
1289 -0.758296201906848 10.7124684951686
1290 -0.892470879074316 9.13436908594872
1291 -0.758295899698823 10.7124678692453
1292 -0.758296117258063 10.7124681498741
1293 1.48119831580831 8.68238274031022
1294 -0.758296197145829 10.7124683759808
1295 -0.758295277634484 10.7124669878998
1296 -1.00182987291463 7.97429074828263
1297 -0.758295750117346 10.7124676042667
1298 -0.758296147055201 10.7124682751852
1299 -0.758295968416461 10.7124680650409
1300 0.84033698950608 7.43050680435701
1301 0.840336965329945 7.43050689136716
1302 -0.892466853038076 9.13436481538296
1303 -0.758295991865093 10.7124681243041
1304 -0.758296125843796 10.7124682098766
1305 -0.758296208321015 10.7124685126196
1306 3.04853239600135 7.28668758881911
1307 -0.892467006126811 9.13436455905416
1308 0.870796110424478 9.23181451053448
1309 -0.977195791368551 8.22698089765633
1310 -0.758295636237862 10.7124674355742
1311 -0.758296015710073 10.7124679787697
1312 -0.758296124503992 10.7124682008426
1313 -1.0380038790736 7.61119612195749
1314 -0.758295583765363 10.7124670736345
1315 -0.758296176078606 10.7124685031103
1316 -0.892468726704209 9.13436664074256
1317 3.04371672967738 3.53845487747853
1318 -0.892466314304803 9.13436378958448
1319 -0.758296366252056 10.7124686604197
1320 1.4516636201277 5.31109558869009
1321 0.823792922747253 6.43707994991292
1322 -0.758296156471374 10.7124684144463
1323 0.870795468246569 9.23181873407724
1324 -0.758295648123017 10.7124672920859
1325 2.34654859326775 4.92233139827234
1326 -0.977194481500888 8.22697961270023
1327 -0.758296079722403 10.7124682630358
1328 1.84429080994473 5.4222564591531
1329 -1.03800435342543 7.61119675566802
1330 3.23361770594765 7.12333268278303
1331 -0.758296149810641 10.7124684095631
1332 -0.758296087658353 10.7124680758025
1333 -0.944066885907559 8.5743954189674
1334 -0.892467946721335 9.13436617602905
1335 -0.944067051505983 8.57439555076384
1336 -0.758295694108335 10.7124675558962
1337 2.35699498550239 7.89974316374769
1338 -0.758294476876018 10.712465594584
1339 0.815953423712862 5.94473754774186
1340 -0.758295828037415 10.7124677804101
1341 -0.758295987935739 10.7124679880408
1342 -0.892467500279116 9.13436546995017
1343 -0.758295942257312 10.7124680635905
1344 -0.758296148481984 10.7124684191508
1345 -0.892467722467813 9.13436539372188
1346 0.840336985912278 7.43050703660958
1347 -0.758295866549302 10.7124678060904
1348 1.84997070990015 6.43749133768333
1349 -0.75829602115789 10.7124679828368
1350 -0.758296113388075 10.7124681471198
1351 -0.977195080650743 8.22698048632653
1352 1.45166376984406 5.3110955004944
1353 -0.758295561899229 10.7124673215516
1354 -0.892468312187106 9.13436614801977
1355 -0.75829588666716 10.7124678191712
1356 1.86178234869558 8.34143229342959
1357 0.870795445360234 9.23181904267568
1358 -0.758296092568256 10.7124680909427
1359 1.48119818345527 8.68238448292619
1360 2.12574444159156 5.1421657076029
1361 -0.758295586793087 10.7124671051025
1362 -0.892468616488483 9.13436651846033
1363 -0.758295919875746 10.7124678942914
1364 0.823792666582522 6.4370808207361
1365 -0.758296049426931 10.7124680521684
1366 -0.892466060923617 9.13436400947881
1367 0.870795597448309 9.23181781898293
1368 -0.758295732101953 10.7124676391319
1369 0.819358529080064 6.1615653421657
1370 -0.75829600305667 10.7124679709725
1371 0.870795427787854 9.2318188053156
1372 0.823792679073857 6.43707992087883
1373 -0.758295773823701 10.7124677113529
1374 0.840336998654067 7.43050679095674
1375 -0.758295564894457 10.7124670147155
1376 -0.758296052180433 10.7124680288933
1377 -0.758295785954082 10.7124676548938
1378 -0.892467773169362 9.13436548070169
1379 -0.758296111091826 10.7124681221654
1380 0.870795794250214 9.23181506402301
1381 1.84429036539656 5.42225620404302
1382 -1.03800405406587 7.61119649110415
1383 -0.9440663707937 8.57439492255107
1384 1.44687565314573 4.51692836636071
1385 -0.758296208302891 10.7124683377221
1386 -0.758296169563077 10.7124684888328
1387 -0.758296036534547 10.7124680256684
1388 -0.892465802954379 9.13436336684313
1389 -0.944066946100866 8.57439548276636
1390 2.69023309544821 7.60377983254645
1391 0.870795626656919 9.23181589951711
1392 2.12720086672165 5.53001349495094
1393 -0.758295943163453 10.7124679012974
1394 -0.977195806509266 8.22698090280824
1395 -0.758295928321493 10.7124678800652
1396 -0.892468582936072 9.13436685472827
1397 -0.758295512631594 10.7124671536011
1398 -0.758296648303869 10.712468962598
1399 -0.758295961400175 10.7124679724035
1400 -0.758295900080138 10.7124680082768
1401 0.840337172040115 7.43050664406867
1402 -0.944066275475209 8.57439479158617
1403 -0.977195707484518 8.22698085677789
1404 -0.758295575084584 10.7124670490337
1405 -0.758296151446318 10.7124683079102
1406 -0.758295588134878 10.7124670901484
1407 -0.7582957633743 10.7124676978295
1408 -1.05218150750848 7.47125128221743
1409 0.840337155200881 7.43050665708167
1410 -1.09504603112006 7.05502254176443
1411 -1.00182637432103 7.97428719338504
1412 -0.977195933319516 8.22698104611171
1413 -0.944066940066081 8.57439547623425
1414 -1.00182939184555 7.97429021192609
1415 -0.758295628333303 10.7124673969407
1416 0.870795669032072 9.23181803079068
1417 -0.758294878754226 10.7124659288395
1418 1.48119805739517 8.68238557725181
1419 -0.892467868030528 9.13436609444127
1420 0.823792157736301 6.43708008798822
1421 -0.944066344883333 8.57439484088792
1422 0.840337081847252 7.43050672769158
1423 -0.944066940333307 8.5743954785489
1424 -0.758295877561498 10.712467982529
1425 -0.977195797175643 8.22698088815424
1426 0.823792627553161 6.43707991943612
1427 1.44856476270347 4.84145250174847
1428 -0.758295340893067 10.7124666936861
1429 1.45039613703271 5.13018503222247
1430 2.34588956558441 4.64070806863135
1431 -0.944066850882529 8.57439539703727
1432 0.870794862078744 9.23182050575571
1433 -0.892467605534727 9.13436524853017
1434 -0.758295599149734 10.7124671538142
1435 1.84997045032816 6.43749229602521
1436 0.84033703294383 7.43050675077817
1437 3.64831128550117 4.66409752786971
1438 0.823792263347476 6.43707983749373
1439 -1.0215345036242 7.77539134499164
1440 -0.758296114897037 10.7124681392963
1441 0.84033729460911 7.43050668408829
1442 0.870796185716552 9.23181463784896
1443 -0.758296044251392 10.712468014754
1444 0.840337308016609 7.4305066822783
1445 0.870796042603163 9.23181461249791
1446 -0.892465418647143 9.13436330331832
1447 0.870794800590237 9.23182044037027
1448 -0.758296088750093 10.7124680841687
1449 -0.977194941022106 8.22698034819889
1450 -0.758295543950316 10.7124669353381
1451 -0.758295589104772 10.7124671184276
1452 -0.758295991715752 10.7124679581742
1453 -0.758296025293376 10.712467986897
1454 -0.758295767523745 10.7124676794211
1455 1.86178239668398 8.3414351805371
1456 -0.977195723383545 8.22698086118165
1457 -0.892466993644576 9.1343645435804
1458 -0.75829601226009 10.7124680121001
1459 1.4516636040595 5.31109554918643
1460 -0.758296148899887 10.7124683056346
1461 2.12375611945346 4.45814487645807
1462 -0.758295842764417 10.7124677583405
1463 3.31183004505852 3.95958667316918
1464 -0.758295848080204 10.712467754435
1465 -0.758295624577254 10.7124672893073
1466 -0.758296064162291 10.7124680439688
1467 -0.758295937583222 10.7124679523303
1468 -0.758295994652921 10.7124679822954
1469 -0.758296077824756 10.7124680553435
1470 -0.758295824789844 10.7124677597992
1471 0.870795985235762 9.23181639619266
1472 0.870795707296223 9.23181697242168
1473 -0.892467346572614 9.13436496140669
1474 -0.758295853128884 10.7124678563752
1475 -0.944066762016454 8.57439531275364
1476 0.870794858214602 9.23181968023138
1477 -0.892465351430735 9.13436309506159
1478 2.93712007509317 4.72547288894664
1479 2.93656278424469 3.64571789244618
1480 -0.75829614403224 10.7124682064805
1481 -0.75829609680757 10.7124681012863
1482 0.813214204582732 5.76569958436511
1483 -0.758295209807116 10.7124666864081
1484 -0.758296401345638 10.7124687650137
1485 -0.758295596433095 10.712467395485
1486 -0.758296104432887 10.7124682665933
1487 0.870794856202289 9.23181968070223
1488 -0.758294748694486 10.7124659774123
1489 0.823792791393025 6.43707996044417
1490 -0.75829592539738 10.7124678824109
