"node" "R" "H"
1 1.18133156240045 5.85921003823108
2 0.675765771750199 5.063799354107
3 -1.73994900843138 12.1902413026095
4 -1.73992426586451 12.1902922645269
5 -0.301352265156735 8.17293355522335
6 -1.73999057479079 12.1901741270554
7 -0.257954331527558 10.8293789259
8 1.9735405330847 4.60304553081495
9 -1.93059566153252 9.51608255788651
10 -0.31526747287394 7.35172530274722
11 -1.84148123982178 10.6810222314667
12 -0.294689925292913 8.54778789270684
13 2.69366959089557 3.98256299413585
14 2.22165299627384 2.99630335014187
15 1.51442392134834 3.79960837268434
16 2.48257369863862 3.69819192460468
17 -1.74013542058981 12.1902140066387
18 2.06263574267859 3.99148495610993
19 -0.294752329318408 8.54798310513585
20 -1.94705811886231 9.31409081304823
21 1.51506783567843 4.53894376203263
22 1.18001268367675 5.39540708353193
23 3.44544146164352 2.38810029782956
24 2.69359720159078 3.98249894960959
25 -1.74002336209202 12.1909294934989
26 -1.84150670105422 10.6810239435977
27 1.87703784961412 5.16508280216568
28 -0.317470391871632 7.21836882191103
29 2.06271077069245 3.87749367395445
30 -1.73997536860864 12.1900247553473
31 2.64491020615834 3.14148322141173
32 -1.84144855576959 10.6810136263461
33 0.332462488651405 10.2888022596373
34 0.311708738821406 7.94718489783488
35 3.223185762512 4.66891578852015
36 -0.315269443788903 7.35172437137274
37 0.332335235494538 10.288449916921
38 0.316261263269612 8.56067961834349
39 2.59665713421982 8.24389097309271
40 2.48476209648395 2.35953419820355
41 0.316260007040437 8.56066937152196
42 0.962031958828398 5.94187189462983
43 -1.91052068689891 9.7717632604099
44 -0.258243540590171 10.8294141136581
45 -1.84144338437607 10.6810325852434
46 2.14535203351981 3.07270882311186
47 -0.258661498295192 10.8294626025328
48 -1.73993530871849 12.1906088364706
49 -1.74034580370872 12.1903589150233
50 -1.73995468457939 12.1905893732484
51 -1.73999117599782 12.1902452915324
52 -0.257960840822867 10.8293498163177
53 1.18829135201417 7.70160129699989
54 -1.73988371066267 12.1907845153359
55 4.93783996774279 0.0197481872656882
56 -2.15669818570235 6.97759926801391
57 -1.74120863832428 12.1910375289031
58 -1.84145307169904 10.6810299186213
59 -1.74048437751913 12.1904037859461
60 -1.73989729635042 12.1907326697141
61 -1.7397608010305 12.1900111861341
62 -0.258547634123319 10.8294347152262
63 -1.74127534139013 12.1911051898294
64 0.31626295395944 8.56065097989282
65 2.29787834865903 8.51165408658567
66 -1.74013955955301 12.1901960426433
67 -0.258142797122724 10.8294618474668
68 -2.02839949014087 8.34619482924631
69 -1.84161818902622 10.6810332613765
70 -2.0089518715382 8.57876339196905
71 -1.73984342395277 12.1901673230932
72 3.5446649337641 1.49867329196452
73 0.685800949901511 6.69138475399093
74 -1.73991526968504 12.1907859635634
75 3.02676607942667 2.04510056020336
76 -0.294711639211019 8.54782175584705
77 -1.84154068002387 10.6810285850358
78 2.48655178386374 8.34267666945521
79 0.685744624348473 6.69144218734161
80 -1.910402345019 9.77176027634039
81 0.308326307518685 7.56709137815897
82 0.675463931102495 5.11037878685339
83 -1.73996663791184 12.1905266900178
84 -1.91048206932768 9.77176157095822
85 3.25310831597044 3.3234121103491
86 0.332660704858123 10.2888000316311
87 0.961402217317321 5.821436491959
88 0.332760347169547 10.2882285530839
89 3.06052283514932 3.34071965516736
90 0.957585858502711 4.82859293047518
91 -1.74010692859194 12.1900434870127
92 -0.295020426361437 8.54820515401613
93 -1.73984477861511 12.1900971274478
94 -1.74056245548345 12.1910957616741
95 -0.30133711977729 8.17297267042018
96 1.77752404978578 8.97905268614811
97 0.316302562183251 8.56046428246034
98 -0.294821980686991 8.54809333176962
99 3.4227259622359 1.32882906735489
100 0.958553442673558 5.03676112961122
101 0.673410526092431 4.64042538851462
102 3.2824590161216 4.32554875739939
103 -1.94697366534049 9.31395797573856
104 -1.73990712134931 12.1906707738481
105 -1.73959887098009 12.1901488745889
106 -0.258046616120071 10.8293990124449
107 0.332444288056882 10.2890764684481
108 -1.73992454632605 12.1908290563882
109 0.958628866048849 5.09495988425599
110 -0.285226646908808 9.15087980592831
111 -1.73998928018487 12.1904099297772
112 -1.73981962314314 12.190226717977
113 -0.328066047870726 6.57535553715453
114 2.64477183967466 5.24410788436422
115 2.7409796379289 3.14516046771183
116 -1.73987837498364 12.1902751864603
117 -2.02321565190197 8.41880443674453
118 2.87357228213373 2.01750808863428
119 3.39355904107825 2.60076631228096
120 -1.7398277069721 12.1900556929489
121 -1.98229193910534 8.87890920244196
122 -1.73993284522582 12.1904722849877
123 0.311558337366672 7.94712123550278
124 -0.331197621168836 6.3834321133371
125 -1.93051798232497 9.51590690622817
126 -1.73991848817197 12.1908541045874
127 0.705788889236644 9.9488424290053
128 -1.7398444743813 12.1901505994113
129 -1.84150176415573 10.6810117033534
130 2.06420175411761 5.82130805827331
131 -1.74007014924385 12.1900406431551
132 -2.01615801106347 8.49571128855405
133 0.332597349807059 10.2888921262405
134 -1.73991876052074 12.1899889880398
135 -1.74010867224094 12.1903126933835
136 0.307957590449168 7.56732962688475
137 -0.332164987691871 6.32594138244089
138 -0.321392412875758 6.99300903791791
139 -1.73996564650689 12.1902782838293
140 1.76870777389623 3.92590369690191
141 -1.84142425626189 10.6810341388366
142 -0.306039194585258 7.89932576599497
143 -0.285402333429331 9.15103494155974
144 3.54708151672294 0.923215592102313
145 2.83208612674814 8.03375643167286
146 -1.7403465343655 12.1903643979668
147 -1.93055872372541 9.51604284205787
148 -1.74000793963493 12.1903901817363
149 -1.96078321190169 9.14691170099463
150 3.69812013870855 1.86648858620455
151 -0.324314632367243 6.80664889424876
152 -1.84146321840277 10.6810204868233
153 -1.74015495320866 12.190203859774
154 3.3401489537626 7.58119732664841
155 5.34443979799996 0.335523027475747
156 2.14490712825021 4.53107738384642
157 0.299080671985438 6.60330638418374
158 -0.257516033435866 10.8294568356442
159 2.42403963648714 5.46389534862601
160 0.296957063263415 6.37611578368364
161 -1.74127254600291 12.1911549384264
162 0.961836810986176 5.94211973753606
163 -1.7399216253289 12.1906496362512
164 -1.7399208484215 12.189877215545
165 0.295945340122181 6.27821721797338
166 -1.84145794909318 10.6810305239903
167 2.29292417174377 3.40148755113444
168 1.1798884895032 5.30475377200404
169 -1.73997220630958 12.1904811701073
170 3.63301262364525 5.2962225804832
171 -1.73993227816596 12.1903440611993
172 3.33927167596564 2.77537606411948
173 -1.73997731737586 12.1904983673722
174 -1.74049312103628 12.190937726216
175 -1.84140644562419 10.6810260200782
176 -1.74077194214909 12.1911151812357
177 -2.05053372440733 8.10072791895364
178 -0.294771847293206 8.54796247822912
179 0.308204101653377 7.56706519801001
180 4.02915966414618 1.06755182105565
181 1.17886728874031 4.56110807353355
182 -1.84146880666276 10.6810328325568
183 -1.73997707200107 12.1904941947528
184 -1.74000052218611 12.1903000367883
185 0.308287219830215 7.56707337777449
186 1.77746185844808 8.97899878843355
187 2.48254415101172 3.76717884580108
188 -1.91056876013296 9.77182865487284
189 3.67816414064913 1.47710399110872
190 -1.98283189401981 8.87953606839958
191 2.59517617879079 2.29675045291766
192 0.695051298615106 8.18715291108422
193 -0.294871906308233 8.54806277333824
194 -1.88331712792276 10.1220386408473
195 -1.73988177977456 12.190046563279
196 -1.74038216124955 12.1906147258657
197 -1.74031487488115 12.1908448413962
198 -1.84148248807445 10.68115243457
199 -1.74025252739156 12.190284777088
200 0.705767093062621 9.94880226814523
201 -1.74032091955709 12.1905447188186
202 2.78805798405766 2.07940359731818
203 -1.88347468663484 10.1219382051042
204 1.87578707950315 4.37319437824752
205 1.35988721269942 4.8203126970718
206 -1.74010489565551 12.190723914122
207 -1.94689619212717 9.31399797573974
208 -1.84151629130131 10.681178522613
209 1.36002797642663 4.75551437200388
210 3.3664853183101 2.88216675691601
211 -1.99237673773608 8.76903133473078
212 -1.74029738931144 12.1903320199897
213 -0.258072811395823 10.829177106498
214 -1.73996844435701 12.1903452546077
215 -0.257569981498602 10.8294902802245
216 -1.84153347474409 10.6812779238044
217 -2.03505559297691 8.27983339824315
218 2.91172155267082 3.26864266821043
219 -2.11770339350171 7.39741923416275
220 0.301659903227594 6.89202476705236
221 -1.73980717810178 12.190069184408
222 -1.88345177116902 10.1219831208098
223 -2.0655074488343 7.94878862535938
224 1.51447608506118 3.70413536778605
225 -1.84226152623566 10.6814701080434
226 -1.73993441495687 12.1906060293599
227 1.18418936096288 6.69742488158708
228 -1.73989640725125 12.1907186135448
229 2.64473354815422 3.241810066348
230 -1.73482934150673 12.1853961934337
231 -1.74000842333231 12.1908232668474
232 -1.73982188134765 12.1901430326801
233 3.22483383995418 7.68428325783487
234 -1.74011742093382 12.1903128526563
235 -1.84152630153347 10.6810182298574
236 -1.7402169212652 12.1904824622495
237 -0.25813412633599 10.829415227116
238 -0.339233442453373 5.86656503433205
239 -1.88347605533199 10.1219496709245
240 -1.74008324982158 12.1909112782068
241 1.17764283279497 4.31191327018722
242 -1.73988483990334 12.1907310740556
243 0.685830489321636 6.69137400309579
244 -1.84146757177691 10.6810052679138
245 0.694729451652268 8.18748443785382
246 -0.258235679418867 10.8294770336354
247 -1.73991861259588 12.1906531998542
248 2.74390347249566 8.11264380385617
249 2.06260251431333 4.6132741457681
250 -1.88346067851302 10.1219756097892
251 -1.73999460828006 12.1904185622878
252 -0.258142766211549 10.8295164379066
253 -1.98286798114927 8.87957869313084
254 -1.73993038691392 12.1906212038238
255 -1.73995020991442 12.190604550141
256 1.17901215520979 4.81644086092779
257 -2.07258976814463 7.85709132930527
258 -1.73983005089912 12.1899953747351
259 1.51468028120698 4.22487988170816
260 -1.74021055802262 12.190279091291
261 -1.74047423799115 12.1904123121168
262 -1.91045067521624 9.77176480443144
263 -1.73990976337486 12.1906776643781
264 1.87533086360915 3.77570106758052
265 -1.73999680825796 12.1910177170521
266 -1.73989416047045 12.1907042561676
267 -0.301311864803407 8.17289090874672
268 1.36109875968025 5.21432070734083
269 -0.285389970222068 9.15105500569451
270 -1.74000912094557 12.1907436967107
271 -1.7400187051015 12.1902500517009
272 -0.258211487023833 10.8294521507241
273 -0.315282106099207 7.35172247729684
274 -1.91060680916043 9.77194102396764
275 0.970862523310594 7.91526958727611
276 2.74391393598604 8.11259776848632
277 -1.9307850589877 9.51615770692887
278 2.14490118176395 3.46342166579756
279 -0.285237868471828 9.15088875597972
280 -0.285211915538051 9.15045055900114
281 -0.312720208512963 7.50437334585593
282 0.960685928298398 5.61454573901749
283 1.36288303602827 5.67790913743015
284 -1.73994662632859 12.190357307893
285 -1.73995807286349 12.1903319171865
286 -1.73986521763849 12.1901196163577
287 -0.294905958913135 8.54814089163792
288 2.64538551575384 2.73555634426351
289 0.294564673723069 6.10477170031176
290 -1.9293181380645 9.51414839771705
291 -0.258683774999437 10.8294708545122
292 0.705757061369227 9.948743533926
293 -1.96046164892403 9.14663748084794
294 -1.74004952237324 12.1902402387741
295 0.963742824477898 6.63600977194991
296 -2.09618873411623 7.6221958145258
297 3.77724065878397 3.42310249259438
298 0.305554490382547 7.29064704482498
299 0.683337057501659 6.35591037003084
300 0.301638359782398 6.89204142621589
301 3.58826768481897 4.30442442481864
302 -1.73991326355871 12.1907783441013
303 -0.305934253824385 7.89916583526263
304 -1.73993304662741 12.1906651819381
305 -1.96050567146561 9.14681144482815
306 -1.73979080724014 12.1901180533147
307 -0.312745093802915 7.50439212412931
308 -1.73991483316891 12.1902309872193
309 -1.84153090954888 10.6809961396494
310 0.694910011296025 8.18734925947986
311 0.316292221599399 8.56048398518821
312 2.29449831691055 5.98142742788908
313 0.299072747045749 6.60331906723889
314 0.332497207080565 10.2890011279611
315 -1.96034717047791 9.1470253774783
316 0.680702093401925 5.99346879251452
317 -2.0815304739168 7.77354277076874
318 0.332334407554373 10.2884823134869
319 -1.74055290654086 12.1907190425836
320 -1.74070725792 12.1909418442919
321 -0.285215251615744 9.15065288268381
322 -1.73991373511805 12.1907801472903
323 4.29328663502906 2.48860704055322
324 -1.73985850103027 12.1900623578382
325 -1.84148111587658 10.681020866141
326 0.957617441711761 4.78188457243095
327 -1.74058141171431 12.1907316191814
328 -1.73981183548871 12.1899952976069
329 0.694653700477714 8.18735433007187
330 -1.74001837326956 12.1900825469566
331 0.316275928953774 8.5605423183582
332 0.298029026300071 6.48383912497993
333 -0.301306998169649 8.17288666592092
334 -1.74049586837643 12.1904187822498
335 0.685768206289867 6.6914051622682
336 -1.73995094742263 12.1900276684375
337 0.316309168375623 8.56041777197369
338 -1.84149076502274 10.6810708211978
339 -1.73995094364373 12.1907449928307
340 -1.84158758343774 10.6810256822512
341 1.36572025814973 6.90365374626104
342 -1.73991614283392 12.1899870627291
343 -1.73993277448734 12.1905632398821
344 -1.97224962418666 9.00390451238592
345 -0.306038811835176 7.89933349190426
346 -1.74008311826462 12.1899086684183
347 3.0955174628118 2.64315343716047
348 -1.73994122042233 12.1906182108815
349 1.18815031982419 7.7015148656193
350 0.295262244824772 6.18789874291774
351 1.51653874245629 5.52501461857222
352 -1.91033206637059 9.77203857290217
353 -0.28519534521678 9.15103119823932
354 -1.74010071363634 12.1899622821148
355 -1.84158391647775 10.68128698477
356 -1.74005331748009 12.1901918517935
357 -0.309717563562588 7.68317138714062
358 -1.74011506388044 12.1903139938714
359 -1.74023201303216 12.1908162893222
360 -0.25785535117717 10.8292485339071
361 1.51586496073305 5.38939998294974
362 -1.88326868699139 10.122403858443
363 3.8940807492508 0.520119528198829
364 -1.84142019446502 10.6810623862773
365 -1.84148179984656 10.6809949111441
366 -1.73993312768085 12.1902042498865
367 1.37393040690758 9.34314635252309
368 -1.93087207444939 9.51584362017422
369 -1.73994685064159 12.1906119258734
370 -0.258170430676942 10.8293872222594
371 2.42436524695268 5.85294994457619
372 -1.73994926014771 12.1900931766435
373 -1.84163696358324 10.6813138991896
374 2.48297643484576 4.71677423521051
375 -1.74009001821431 12.1903072381077
376 -1.74000091406758 12.1903327467976
377 1.64906968879102 4.04617384881593
378 -1.98307057900854 8.87977497315501
379 0.694650554669866 8.18736042376833
380 -0.285217437292473 9.15086737063393
381 -0.305966692413374 7.89921364387181
382 -1.73986269176592 12.1901274971925
383 -1.99214593071872 8.7685120190267
384 -0.305875793493826 7.89917686636936
385 -1.84151897333171 10.6812496277831
386 -1.73993413512912 12.1905113083864
387 2.64958572014503 1.68215282636417
388 -1.8834969086718 10.1219538152088
389 2.53955125663954 3.20011457709133
390 -2.00861886227883 8.57846924660248
391 2.29377086860944 5.31113096213173
392 -0.258462820090448 10.8294977569323
393 1.36202104841455 5.42166968212362
394 3.25332656769583 2.74085462192464
395 -1.74002854830316 12.1903868646691
396 2.59344571463269 4.78986844436084
397 -0.258089777703285 10.829392342044
398 -1.74065582509191 12.1909897835361
399 2.35994877547532 3.47576916085894
400 -1.84142894069793 10.6810340601528
401 -0.258706587023011 10.8294345068301
402 2.35979743651064 3.88984452144369
403 -1.84156094673736 10.6810043938942
404 -0.258248743695748 10.8294921893789
405 3.69685966040819 3.68826514510004
406 -1.98305008049073 8.87974558956979
407 -0.258687220045613 10.8295036412693
408 -0.258374510299184 10.8295550260232
409 -0.322948340666741 6.89581519912662
410 0.290278061086126 5.54474855075025
411 -0.258154001717193 10.8295611079552
412 -1.74003660315908 12.1903685117734
413 -1.73989208982677 12.190733736669
414 -1.84151915738549 10.681013014365
415 0.316259093356274 8.56069083413868
416 -1.93051905820726 9.51591801019296
417 3.09733434315653 1.89409095619288
418 -0.328058059049106 6.57535778996152
419 -1.91036043123984 9.77184751843216
420 -1.84146746796566 10.6810075788479
421 -1.84169836104756 10.6810489128417
422 -0.305932938123646 7.89916248830656
423 -1.7402576874847 12.1903353588048
424 0.332448979977087 10.2890762865315
425 -1.73993958012377 12.1906025999266
426 0.316221651584629 8.56075281388616
427 0.684442956265162 6.51061440472733
428 -1.88341967451823 10.1219892996278
429 -0.257819813082353 10.8295954721033
430 -1.7399755871061 12.1902945908147
431 3.16124774937447 2.6730189365464
432 1.97400256801516 4.93178047118457
433 -1.73740336405673 12.1874684702878
434 4.0280978515262 1.75459404094331
435 -1.73996095606571 12.1905684533722
436 1.51554596055182 4.96947140415436
437 -1.74008135041767 12.19019465531
438 0.962299980721595 6.07771720396777
439 0.311553897850833 7.94722907059352
440 0.308183984127872 7.56700944506855
441 3.33917164532843 2.909485769415
442 1.37396414036488 9.34317042524174
443 1.98047718342912 8.79650172541307
444 -0.321510129944679 6.99305584950086
445 -1.74000981881498 12.1901172325123
446 2.8297795664555 5.45049252791002
447 -1.73999248438841 12.1907120191595
448 -1.88344888622273 10.1220439933975
449 1.76901787313152 4.41162444670838
450 -1.84145494665506 10.6809909706685
451 -0.315436689502734 7.35173218241993
452 0.311568982903267 7.94709455004343
453 2.36040319446835 5.02268929296794
454 2.74637617604575 1.40898110046367
455 -1.73995581218879 12.190556356298
456 -1.73988029554545 12.190927745052
457 -1.73999649236752 12.1904013421553
458 -1.73998462582327 12.1906363668677
459 -1.7403449268676 12.1907982045413
460 2.87299218948428 2.25548325621965
461 2.78593444503033 3.99951496739771
462 -1.74010474554614 12.1902737048152
463 -1.73995564877054 12.1905645413235
464 -1.73994657318096 12.1910152668113
465 2.69372878147232 3.70759405167847
466 -0.29475198737174 8.54791583182815
467 2.36078162480862 2.92047038938007
468 2.91359039731416 2.24406390345901
469 0.673270456311744 4.54508977110951
470 -1.84140254847869 10.6810318499453
471 0.332601111472312 10.2888307184392
472 2.06239892736443 3.72437810613194
473 -1.73993694255179 12.1906595443594
474 -1.73985940859794 12.1901243265799
475 0.961929218255978 5.94196488087539
476 -1.74008984115884 12.1903385354301
477 2.36062670600207 2.98643529822004
478 -1.74009067778552 12.1902216648463
479 -0.331285207139772 6.38356689037715
480 2.91178215899408 3.14217705365549
481 0.294512754627985 6.10487589999429
482 -1.73978096934097 12.1899591782059
483 3.92500685244552 3.11750718542587
484 1.64903627280363 4.23737886812242
485 -1.7399687565435 12.1905200980521
486 -1.73993025778067 12.1907401295449
487 -0.285312827946678 9.15090571420101
488 0.332445641315109 10.2890764159662
489 2.95212074408468 2.36049585049539
490 3.41936471137093 3.15686940987666
491 -0.285366522682716 9.15096144153901
492 3.02783180371746 1.81554676068273
493 4.10725243286243 1.49700371247564
494 -0.294924242766191 8.54816494625351
495 3.28310851912471 2.71148109582087
496 -1.8414532808914 10.6810143241321
497 -0.258729781588064 10.8294929046687
498 1.3625169913958 5.5423031415481
499 -1.93096581504172 9.51581623556132
500 0.978904565765021 9.70049007961336
501 1.17903172240567 4.81642273982705
502 -1.74046389338466 12.19138481116
503 0.299059540614704 6.60329822468889
504 -1.93064315552457 9.51612843108007
505 -0.28527842177902 9.15089609342704
506 -1.8415062534666 10.6810734964267
507 -0.301355153224404 8.17304631747901
508 1.3587419267254 4.20873984684873
509 -1.74113282952853 12.1911488042379
510 -1.7400151372441 12.190473811233
511 -1.96044449697152 9.14657549858384
512 2.22515162974625 2.14158074581291
513 -0.258045742459056 10.8294076164255
514 3.90862632181213 7.07852901684864
515 0.291860935433633 5.76110365523883
516 -1.8415835274163 10.6810258044243
517 1.65268172381823 6.23116571723962
518 -1.84154554629007 10.6811141403835
519 2.78616494305238 4.82034380811123
520 -1.74116472535935 12.1927581085644
521 -1.88352533822545 10.1222665605796
522 -1.7400951782506 12.1903798205464
523 -0.258441984197103 10.82942286618
524 2.29575883414797 2.29128656008123
525 -1.96091122096101 9.14733820551176
526 -1.73992140048437 12.190146693606
527 0.311582630714601 7.94716188233582
528 -1.73991783291103 12.190131363399
529 -1.73988449610451 12.1901475220264
530 -0.257922027627858 10.829106623147
531 -1.73991340619526 12.1908386145463
532 0.305366722358434 7.29102441179949
533 -1.73999707559081 12.1905105803047
534 -0.285370063544421 9.15096896109872
535 3.97809598899291 1.80489315084668
536 0.958788121060881 5.09501856244036
537 -1.84159033073657 10.6813012438592
538 -1.91040138622819 9.77175363113821
539 3.22331823828584 3.0255256737653
540 -1.84150974015685 10.6810035403099
541 0.694653316688111 8.18733306823549
542 -0.258103420961801 10.8291893604766
543 -1.84162366184888 10.6811121567859
544 1.87888784687497 6.39439503664056
545 -1.73997851464472 12.1901987322431
546 -1.7400826234424 12.1899650609793
547 3.83577490028833 1.90076957059706
548 1.1951584917623 9.50485460981871
549 0.968111194853679 7.29631644204879
550 0.690469012310105 7.57209826829429
551 0.970848872241339 7.9154300189699
552 -1.73989396003607 12.1900496064106
553 0.311606466033233 7.94716420916252
554 -1.74004158079184 12.1904700469001
555 -1.88343667876036 10.1219974299685
556 0.676371392320978 5.20978367665858
557 -1.73997904789564 12.1902504320201
558 -1.74138509717165 12.1915269941797
559 0.957299668768235 4.69340423798506
560 0.674710728624017 5.02007115703699
561 2.53933754511506 3.15464918561426
562 0.296881017103561 6.37621406855268
563 3.41896944171829 3.36568250783348
564 3.588218717421 4.30465110962938
565 -1.74016481385891 12.1902615541561
566 2.98974469701255 2.35629743191797
567 -0.32129923012132 6.99302659763452
568 0.955960635489532 3.91309853491967
569 -1.74018396292062 12.1907436554429
570 3.22394160553494 2.42561298278887
571 -1.73994268399019 12.1905959608332
572 2.64517660956896 5.2441017171687
573 0.676891734391146 5.31814997140155
574 3.19398242081629 2.11847878597023
575 2.98821162129233 3.91848719181983
576 -1.73994849613397 12.1905944837145
577 2.91106759903593 3.99494904022892
578 -0.295008602539197 8.5481859405628
579 2.98844434715396 3.49757000511738
580 -0.294902806215117 8.54798656451224
581 -1.73999918861737 12.1904171886948
582 -1.73989929509261 12.190837508919
583 -0.312745204265952 7.50450888420893
584 0.316454652742367 8.56021638440383
585 2.48360446606611 2.70411443712127
586 -1.74006773827246 12.1900825983131
587 1.18027902826182 5.49418585531646
588 2.14774288946214 6.75884195105796
589 1.35941440842471 4.69417088941344
590 -0.319429682315309 7.09987299703927
591 3.46961836028204 3.91510386391493
592 -1.73988748412106 12.1910690063083
593 -1.74040295189976 12.1903470400015
594 -1.74013414397009 12.1903146821659
595 0.332652184634809 10.2885474135198
596 1.64953203010712 4.40511169255811
597 0.311599599654155 7.94716028860439
598 -1.91043971895666 9.77184982048442
599 -1.74028548087253 12.1911669522433
600 0.303448335525154 7.07249628845686
601 -1.88344434409271 10.1221818591993
602 -0.32805799359406 6.57535014599557
603 0.970823711902377 7.91515409543119
604 1.64967189474074 3.3435442873395
605 -0.312723141201 7.50434514815253
606 -1.73988580815694 12.1906805745374
607 -1.73988387801324 12.19076928478
608 -1.7398894914309 12.1907165431256
609 3.39394817071161 7.53310739614511
610 -0.324297179100637 6.80664301419637
611 -1.74004392549436 12.1904016506633
612 1.17772382498691 3.73965425461134
613 -1.84169353613605 10.6810480283434
614 -1.91033665876704 9.77217419739891
615 3.06321382563522 1.80378782129976
616 -1.84147717372059 10.6809904081777
617 -1.97223619916276 9.00395335128292
618 0.671804224952348 4.10460137739967
619 -0.322944848906144 6.89585501685647
620 0.674382711060529 4.9340330448332
621 2.48656663581568 8.34270277110623
622 0.690742502312608 7.5716267736372
623 3.33899798997129 3.23733780093482
624 -1.84154235836739 10.6810206090246
625 0.31628488973206 8.56051112737183
626 -1.94690427019996 9.31389278201852
627 -1.7400104481211 12.1904979530464
628 -1.84161899836601 10.6811216201516
629 -1.739896989493 12.190919622087
630 -1.73994611251641 12.1906140987686
631 -0.331281148068862 6.38331281295484
632 -1.73998422006103 12.1908541024542
633 -1.74009632402795 12.1910375001203
634 3.41928194520786 3.256665799984
635 -1.93123058715172 9.51655377338396
636 -1.74074034610652 12.1911832730275
637 1.65500931077875 7.24319075461451
638 -1.74007098698858 12.1902226672598
639 -1.74075397653903 12.1908897930524
640 2.35997754867156 4.42512127867202
641 5.10263756464313 1.79442236488633
642 4.0904854801886 2.81455171268775
643 -1.84160574404921 10.6810316177558
644 3.67848306428054 1.28511250056964
645 0.961849881579013 5.9418734580555
646 -1.88326398917105 10.1222979559803
647 -2.06572044918147 7.94896823905093
648 1.18433639377644 6.69702328320033
649 1.97556350154345 5.9100777889086
650 3.16095026862593 3.88319067424158
651 -0.258055279178719 10.8293949125323
652 -1.98308246638489 8.87978292968782
653 0.316261443576951 8.56069467651451
654 -1.73989927085676 12.190670552525
655 -0.257937024485817 10.8295983709096
656 -1.73993060714532 12.1906304128175
657 -1.91055378309449 9.77177334210311
658 -1.73997800894144 12.1905105790496
659 0.298019361984271 6.48384577162401
660 1.76889700014829 4.55362627359673
661 1.18133587916117 5.85920666568728
662 1.97525792854056 5.90997165153765
663 -1.7413757703934 12.1912139447478
664 3.61194691015356 2.12526634900019
665 -1.74010520024939 12.1902026483818
666 -0.258366899658401 10.8295826847992
667 -1.91043129811869 9.77176892807493
668 -1.91053423544435 9.7717819439142
669 3.44585756280457 2.16064354655096
670 -1.74009446411825 12.190249443006
671 -0.285353464522241 9.15095698362957
672 -1.73994284246139 12.1904658366821
673 -1.73996768333279 12.1903102738433
674 -0.285162683377182 9.15083233627961
675 2.64571129534439 2.60320933905728
676 2.83090049518074 2.35678185572197
677 2.64515290605118 5.24410888624539
678 -1.7397263555968 12.1901010642644
679 0.690608041921682 7.57186911922138
680 -0.295071797248311 8.54826216258298
681 -1.96082842403104 9.1473393572354
682 -0.257896280914511 10.8294327465655
683 -1.96088527720401 9.14700113116065
684 -0.258210138650177 10.829534675685
685 -1.94745373925364 9.31445419923862
686 -0.258200342929151 10.82961017372
687 3.75752714577124 5.17311775764938
688 0.675263875561231 5.06393543820589
689 -0.28520371463574 9.15044956934288
690 -0.258253323003544 10.8294258783442
691 -1.94662607539507 9.31370665843512
692 -1.7401605518148 12.1904659923771
693 2.82957017090081 4.77712166085579
694 -2.01557820958917 8.49523086999698
695 -1.74014029975909 12.1902689961264
696 -1.73981105532355 12.1901229866997
697 -1.7400459164744 12.1902052433341
698 -1.74098234408723 12.1910288671232
699 0.673897845509746 4.67339438327609
700 -1.73982547500562 12.1902338743551
701 -1.74028244194712 12.1902933513911
702 -2.01615204232368 8.49569570395069
703 1.87590282593759 4.37358349921134
704 -1.84143645862855 10.6810339687414
705 -1.84150377224987 10.6810224668578
706 -1.73990928850318 12.1906714193542
707 -1.74006852846617 12.1900520639075
708 -0.305967639334003 7.89921987355331
709 -1.93060596535621 9.51591266981066
710 -1.73994099657683 12.1901082252398
711 -2.01545590400078 8.49493912829866
712 3.1287320180402 5.79325354081789
713 -0.285220824634596 9.15085677206167
714 2.2216788447748 4.82083347734232
715 -1.8416012205605 10.681042025545
716 -1.84148711348184 10.6811807306975
717 -0.25759253818026 10.8295267569074
718 -0.25817876866008 10.8295361991536
719 -1.74029357619085 12.1902957101589
720 -0.258205228682334 10.8294492255466
721 -1.93127989830566 9.51665939985522
722 -1.88347749902685 10.1219424243649
723 -1.74014591425849 12.1910457074143
724 -1.74009750550171 12.1903251716727
725 0.298112270426544 6.48375633087341
726 3.41986838978371 2.272467677511
727 2.64445178718911 3.35105020489248
728 -1.74001908513517 12.1904118121793
729 4.55687680246198 0.816478657059184
730 0.687480231173699 6.91060965194954
731 0.690696298181577 7.57177355159117
732 -1.8832814375238 10.1221700204123
733 -1.73989589594309 12.1906821293322
734 -1.73994933607332 12.1905835131357
735 0.685896672686014 6.69134295622372
736 1.17928987796805 5.06948390010967
737 1.87542614626967 4.06428376830177
738 -0.258543801140255 10.8294531398758
739 -1.91053408061141 9.77181379617552
740 -1.84148081960146 10.6810246811341
741 3.83492183235516 2.64858690786471
742 -1.73988269756661 12.1907805453082
743 0.294087487326689 6.02713548053461
744 0.316282932159387 8.56052111879424
745 0.316182079506595 8.5608769629744
746 -1.74059196617775 12.1906761643202
747 -0.285150048476315 9.15082624857318
748 -1.74008786178819 12.1903552756476
749 -1.88344467532683 10.1219597325272
750 -1.74036703546823 12.1903632232402
751 -1.74012499541756 12.1899796540173
752 -1.73996783039034 12.1905709827018
753 -1.74009636074253 12.1902692366542
754 3.39623790170852 1.518120042495
755 -2.07401484318511 7.8579759362723
756 4.0428441156098 2.74081332750273
757 -1.74008768654996 12.1902403859121
758 -0.258491782054507 10.8294482091338
759 -1.74026682355664 12.1909775067053
760 -1.88326844616068 10.1222234014598
761 -1.88344196666899 10.1219897312042
762 3.42219681177858 1.59439450546664
763 0.968260507741186 7.29626622658929
764 2.98832651856942 4.61883401033471
765 0.672872647819523 4.2693240994806
766 -0.294897992218243 8.54803035409106
767 2.7411763382532 4.86530605849019
768 1.18135811062276 5.85915851058142
769 -1.74009959524474 12.1903031490328
770 -1.73994937517607 12.1905894046448
771 -1.88329407852128 10.1224504463963
772 0.678490092238223 5.57054978843057
773 2.06267681808435 3.42751309808646
774 -1.84142787220205 10.6810341407164
775 2.91333405096857 2.30426118065729
776 -1.74006819341536 12.1902974048394
777 1.51473479416625 4.13604332178931
778 1.64903497262521 4.00168605208895
779 2.54309499997355 8.29201922875825
780 -1.74012411523633 12.1901003367915
781 2.64554971094918 2.60347070766468
782 2.78625078382462 4.82042104401325
783 -1.74061312951941 12.190740208433
784 -0.29500672942617 8.5482085029752
785 -1.74042784855151 12.1905243492778
786 2.53961905210717 4.84364859101105
787 0.676912711080036 5.31793738029657
788 0.291883721507288 5.76105332312802
789 -1.73988015098912 12.1908678178604
790 -1.88346898762937 10.1219715197178
791 0.299061833553788 6.60330797335367
792 2.78691125301047 5.49357518116409
793 1.97330792860718 3.55466574679968
794 -1.73987659261598 12.1901878814038
795 -1.7398869755687 12.1906737028943
796 0.299073455928733 6.60327872668206
797 -1.88347144672043 10.1219501154458
798 4.23853873150453 6.7878275897945
799 -1.73993759633628 12.1905020439864
800 -0.25867637287401 10.8294683843547
801 -0.322908150828731 6.89582274702562
802 2.54097933394529 6.37208883287233
803 1.65086386386477 5.54721232005224
804 -1.84144539041318 10.6810344343598
805 0.303508370233203 7.07242138879606
806 -0.332047046545842 6.3259809529722
807 -0.330160734011346 6.44389529617785
808 -1.91035338289307 9.77185580932766
809 -2.01625864492313 8.49581056332637
810 3.41947934631583 5.50662155776377
811 -1.94719598902413 9.31424790958828
812 -0.258169810175927 10.8294340917953
813 1.36097245686687 5.12388952708158
814 1.76914596658497 4.90610923226539
815 0.297019868511033 6.37606047047648
816 0.95660424827261 4.53304654655083
817 2.950796301845 4.65646743767981
818 3.1294714127105 2.2505561100676
819 0.33259924449668 10.2888857520276
820 -0.285323252661585 9.15093220194584
821 0.316470291581153 8.56030026025085
822 2.4832195712793 4.9002271445785
823 0.684384500163399 6.51060423466919
824 1.97379396941283 3.5165858141737
825 0.332348555477652 10.2886642480203
826 3.75765149070885 2.64176915150398
827 -1.91043108986173 9.77179728959979
828 0.963831561698958 6.63631874211894
829 0.962537301196424 5.94129236697319
830 2.4827716847324 4.56069068629999
831 -0.294760220702489 8.54797440775233
832 -1.7400109751069 12.1906259487866
833 0.316165710402909 8.56075888531152
834 -0.258663229241104 10.8294631760486
835 3.06144183804633 2.31895163009251
836 -1.94761774173335 9.31448139982782
837 2.48276379897984 4.30246756736625
838 1.64941442131951 4.67280885581542
839 0.961385595032966 5.82157213437144
840 -0.294820089240466 8.5480445083762
841 0.308363714316975 7.56717166958758
842 1.18291966418397 6.19608620323062
843 1.6501309272139 4.92595224538214
844 -1.73992537840832 12.1901864605375
845 -1.73995696655486 12.1905513643715
846 -1.84150402371801 10.6811898024192
847 -0.315366814291535 7.35168749019647
848 -0.258251968944764 10.829493793996
849 0.705734135775432 9.94897538788455
850 -1.91064320709062 9.77187972228805
851 1.35915051281341 4.02249008116852
852 -0.338030553683764 5.9457091963435
853 -1.73989969155415 12.1908021160971
854 3.02697549188006 7.85990453311046
855 4.69322013441533 -1.27868943028495
856 2.64696391675262 2.19700882390801
857 -0.32137406116719 6.99307149343197
858 0.332614584301661 10.2888247067375
859 -1.8415617539735 10.6810203669226
860 0.295352854286826 6.18782869456214
861 -1.96050258654447 9.14675291459715
862 2.59686621303469 8.24433374015077
863 -0.285266881222266 9.15067332706998
864 -1.96099359698175 9.14702649551879
865 1.97397193555972 4.70167481704488
866 -1.74000552468092 12.190945286733
867 -1.74007101448914 12.1899961171878
868 -0.258294140679662 10.8294535321157
869 1.19516414828084 9.50500683140949
870 -0.294959960059355 8.54791134560016
871 0.978939683738433 9.70054735497925
872 2.22685287096661 8.57562130353757
873 0.299008296756786 6.73838617532273
874 0.961875222511296 5.94209504616081
875 -0.294735739514684 8.5478249324802
876 -0.285379963800488 9.15100623457717
877 -1.73981377590553 12.1903225035498
878 3.97697795637409 2.59744755389185
879 0.96192290075685 5.94207778686025
880 1.97612236602211 2.40750866392246
881 1.1819669899645 6.01425883709347
882 0.303409238393951 7.07240500630207
883 2.74115852427492 4.86519218467969
884 -1.74040744053895 12.190423873912
885 3.41923878005801 3.48765485836044
886 -2.07663350333686 7.81365692654151
887 -1.84140873609688 10.6810325211837
888 -0.257803648874357 10.8291106923263
889 -1.73995509080406 12.19057322801
890 -1.8414881915264 10.6810237564763
891 -1.88346207622287 10.1219614907165
892 3.28384232691944 2.06149313542672
893 1.87747218680529 5.32087241752481
894 -0.285395258609763 9.15105173983031
895 1.17960131399187 5.14273477299958
896 -1.91035178066257 9.77191391714948
897 1.51655295937954 5.52501227945395
898 1.52671004714403 9.20544778369637
899 0.965644597427099 6.91439814503952
900 0.672398730815042 4.06043074050408
901 1.36392492592288 6.23701526344666
902 -1.74142629619931 12.1918542745893
903 0.311547763713871 7.94719947833517
904 0.961862391686485 5.94207530499304
905 -1.74017183757207 12.1900456356877
906 -1.74000884586007 12.1902182314445
907 1.35958784176893 4.58012663490611
908 2.78717800061182 6.12983470496221
909 0.674839542689972 4.8926257205563
910 -0.258696739765198 10.8294899281933
911 -1.8834195379132 10.1220723045173
912 -1.84157697848864 10.6811920803632
913 1.52651959317388 9.20529712434016
914 0.311548872704292 7.94720541846405
915 -1.91053491588073 9.7717635823463
916 -0.326854761677749 6.64738444210138
917 -1.73994664255682 12.1901508120093
918 -0.309498501313123 7.68339814872709
919 3.7184363257273 2.21948766213967
920 -1.88347860567312 10.122094003607
921 -0.332874295774802 6.27138476014285
922 1.17845330240081 4.76074535076138
923 -1.74025926547004 12.1909897693121
924 -1.7398274351645 12.1900334120829
925 -1.88331408426108 10.1220548583678
926 -0.285220377622495 9.15053425713256
927 0.674267847119342 4.97637018937288
928 -1.74001258584403 12.1904246216029
929 -0.258004069588818 10.8295199892463
930 1.36172636768873 5.3133295627654
931 -1.88347757934398 10.1219541272814
932 2.64545806472622 5.63349941132603
933 1.18263909784039 6.19630547190909
934 1.35948276929869 4.42735363563516
935 1.87786745478871 2.72959306924668
936 2.98860807679203 3.12683159748964
937 0.295289678986882 6.18783468096571
938 0.681561591301384 6.10099908299191
939 -0.25800914363296 10.8294514037122
940 -2.00889053285464 8.5787126136319
941 3.71723175991247 3.48313447429953
942 -0.319729813416106 7.09985677281227
943 0.958717188176208 5.09491411263414
944 3.06059462546423 4.54720337888595
945 0.332493017973082 10.2890080888159
946 -1.96063363452934 9.14676911777052
947 -2.02840193381594 8.34620739381841
948 -1.74035932072484 12.190505978526
949 1.9804217727177 8.79670542750145
950 1.65014962371138 4.92591469363867
951 -1.88340819232881 10.1220486610062
952 3.09481847098489 4.79645099856167
953 1.51427097053999 3.70422490499174
954 -0.258233156509007 10.8294217631334
955 0.305583069963774 7.29058610480408
956 2.29453565260113 2.67234813934766
957 -1.74011673199844 12.1903264253926
958 0.694647285581053 8.18733877681907
959 0.682324300180124 6.22102359566106
960 -0.29475084340021 8.54793071215844
961 3.16050970962959 4.44703998323953
962 0.308351408644785 7.56711977419841
963 4.79966711421474 3.09138218668903
964 1.65261408417767 6.23129970220855
965 0.684354862034699 6.51056814418241
966 2.53983561415155 2.94970496747604
967 2.74079594247607 3.66049020066289
968 -0.317535486479763 7.21837945045228
969 -1.7400254943693 12.1904432524845
970 -0.285304343553787 9.15091966232902
971 2.91178308208158 4.97873733850779
972 2.64494951977384 3.09416413304057
973 2.74109278058491 4.86541343357375
974 1.18027548990157 5.49418546960026
975 -1.88326503136053 10.122354202562
976 -1.73989925171309 12.1904668543285
977 -1.99205955654722 8.76853645603219
978 0.332451771861229 10.2890669644541
979 3.3402501227316 7.58106115734055
980 3.22644468768065 1.50346262706822
981 2.36034932099449 3.09211120967472
982 0.298941386753878 6.60350580203282
983 0.332364366953684 10.2885784271947
984 -1.84149501441445 10.6810264862459
985 -1.73990299529253 12.190874535138
986 -1.74002994865965 12.1899574359427
987 -0.258552336286112 10.8294845454341
988 2.42340037178023 4.7760791591804
989 1.36303328391801 5.83368717496151
990 3.61171214821866 7.34101077861919
991 1.18821880020153 7.70153370681446
992 -1.94695554428068 9.31394190079063
993 1.51544115405842 4.73398170209922
994 -1.93050658403166 9.51587067547374
995 1.51777804578358 6.08382243582686
996 3.56726033945893 7.38079166953284
997 -1.7414557927953 12.1918292187076
998 -2.01620874446006 8.49575467225207
999 -1.74014510248756 12.1901210037053
1000 3.76182402077621 0.743717103751354
1001 1.51785684220129 6.08390462561853
1002 -1.73986654342931 12.1900804817806
1003 -0.319611360508255 7.09985901334664
1004 -2.06047415898889 7.99716006118539
1005 0.332603070516187 10.2888811834539
1006 -1.84146993054779 10.6810250858057
1007 1.36091034721828 5.12426248451406
1008 3.44467405877362 4.4477228397826
1009 1.17981640166575 5.22085861980059
1010 0.296156480301533 6.27793911000719
1011 -1.73993064995829 12.1906637368827
1012 -1.74001857279117 12.1901328904504
1013 2.29306011545129 4.75007617776893
1014 -1.84151239636104 10.6810241594341
1015 0.297611563477118 6.48433477573307
1016 -1.73990149491931 12.1908464094639
1017 -1.74004912750135 12.1899059384742
1018 -1.74018297540741 12.1909801759702
1019 0.332585350687003 10.2887251338099
1020 -1.96086620465929 9.1474731298249
1021 2.9504266482614 4.94004413879432
1022 -1.7399129671024 12.190175334203
1023 -1.8834515180491 10.121966249136
1024 0.296565866006755 6.37635157982721
1025 -1.88327930107005 10.1224649486039
1026 0.303387238720547 7.07241857515505
1027 -1.73991296152902 12.1907170520475
1028 1.1805254586685 5.6028390911551
1029 -1.73988329525048 12.1907949226338
1030 -1.73971120078507 12.1900923758406
1031 -0.330118568577483 6.44395671391215
1032 -1.74003099199426 12.1903358808781
1033 -1.74009188586506 12.1901315686609
1034 -0.258156793207102 10.8296238626416
1035 -1.73990219398492 12.1906655274644
1036 1.35996884723516 4.82023272364678
1037 2.74109569082563 3.14513375638667
1038 -0.31748510569683 7.2184098927389
1039 -1.73992789439603 12.190210362086
1040 1.17886276846354 4.7606934898419
1041 4.30895923940163 0.843002708635505
1042 -0.257628590338466 10.8294971261389
1043 -1.74003532245183 12.1903805029488
1044 0.305647595392131 7.29058872237983
1045 3.5881621066976 3.61224715985149
1046 -0.258684667961459 10.8295156384584
1047 1.64940176085768 4.53115376222598
1048 3.1931692709244 2.41421022565877
1049 2.360233231517 4.8388741818019
1050 -1.73985960241131 12.1901140759773
1051 5.08903438646374 -0.230668381536896
1052 1.35974141412978 4.69390572183007
1053 2.3596641437602 3.69421020143295
1054 -2.09192860903395 7.65746906572728
1055 3.58883513089342 2.46361924036004
1056 -1.73989492101849 12.1908766532848
1057 -0.309669811293026 7.68312744706316
1058 -0.309710708246996 7.68314854972114
1059 -1.73995528301761 12.1905646854238
1060 -1.73998819346183 12.1901359893647
1061 -0.330159007601737 6.44389483788119
1062 0.682363815457641 6.22092986223579
1063 3.06112953317104 2.63224400952647
1064 -0.258165743313027 10.829295792323
1065 1.87606757998148 4.44669293233093
1066 -1.74006359478591 12.1903760063638
1067 2.83204332737387 8.0337379809403
1068 0.316459060432431 8.56015041512485
1069 3.12839238861274 4.76322643203543
1070 1.18815963723026 7.70158876291024
1071 1.18836368859844 7.70177950103181
1072 0.303319189067832 7.07254390213276
1073 -1.73990235526078 12.1908784097777
1074 -1.84145479249678 10.6810219942207
1075 -0.258651271772867 10.829452406096
1076 -0.312771594078639 7.50438268669941
1077 -1.9309479490696 9.51588210589161
1078 -1.84153741769354 10.6810401814284
1079 -1.73991159945404 12.1906662881629
1080 0.308135778427549 7.56699854348157
1081 2.82920148628075 3.49363882778096
1082 0.300083298512151 6.73794022655479
1083 -1.97223522140146 9.00386091462057
1084 -0.258347854151166 10.8294369367499
1085 0.684541352707718 6.51041196984593
1086 2.87383274254379 7.99680129048094
1087 -1.88345327883817 10.121944536125
1088 0.292541716911934 5.88656913565446
1089 -1.73988224055883 12.1907483337135
1090 -1.74042739681563 12.1904524895954
1091 1.76893429997192 4.28508364361119
1092 1.65034486418897 5.02481353290714
1093 0.688876139208088 7.18890559777266
1094 -1.73977125592599 12.1901101412103
1095 2.69506663241859 6.22030897470944
1096 -2.02237568974834 8.4179846257495
1097 -0.258390901943595 10.829436447598
1098 -1.74010657421824 12.1903251697725
1099 -1.74029670645761 12.1904182483634
1100 0.332350755253388 10.2884306429274
1101 3.82014923432784 0.782623429317732
1102 -1.7401395390644 12.1900123494065
1103 1.17823421613139 4.5612967909502
1104 1.17846399248388 4.65676493731191
1105 1.65147449123031 5.72920054094244
1106 -0.319406582592253 7.09993531102255
1107 -1.74001885533065 12.1904140847557
1108 1.17803901120882 4.04106031530613
1109 0.299703834741429 6.73820059572025
1110 -1.74004324120738 12.1901343946572
1111 -1.73991021837302 12.190740977849
1112 4.41134847090595 1.69835776890326
1113 -2.03444121998396 8.27904535879555
1114 1.52148579392795 7.37468819874484
1115 -2.0160952931872 8.4956606725195
1116 0.316301586445636 8.56045030691883
1117 -2.0229195498998 8.41849119818622
1118 -1.73982886140651 12.190085212086
1119 -1.74008081007827 12.1901066996421
1120 -1.74004451534927 12.1903344243864
1121 3.09547232516252 5.82616126315544
1122 2.69659526125337 8.15457271104143
1123 1.36389932192592 6.23701717210677
1124 0.311579700280011 7.94715366095737
1125 0.674999864567301 4.93340869269053
1126 1.1829462335107 6.19602064335682
1127 -1.88341512095964 10.1221192627884
1128 0.297932914003379 6.48392251529655
1129 -0.285382872337281 9.15102164777017
1130 0.960806887866826 5.61455295122566
1131 -0.345285864484868 5.44615658856304
1132 -1.73985646383842 12.1901372574276
1133 0.29432832819164 6.10489952845441
1134 2.29779085115834 8.51185217883485
1135 1.17758341720225 3.81547350554998
1136 -1.74014971731016 12.1900075041522
1137 -1.74042918733014 12.1900872992094
1138 -1.74000240323186 12.1902693822346
1139 1.19515627464623 9.50470468685053
1140 -1.98307173032767 8.87975933242668
1141 0.682181240189898 6.22119890026252
1142 -1.74024853904341 12.1902935624375
1143 -1.74015097530646 12.1901532600711
1144 0.300093957536775 6.73811865192051
1145 0.332378920797999 10.2886746077916
1146 0.683121222559667 6.35633019433291
1147 -1.74008165778568 12.1902920553254
1148 2.42718412183383 8.3959454482776
1149 -0.301346420041855 8.17293276075451
1150 2.87129438913807 3.53035842737823
1151 -1.74006325459355 12.1903211527725
1152 2.78617839608888 2.99983785699731
1153 4.63422836133874 1.4123457270743
1154 0.678143731101991 5.64360401047643
1155 -1.94675210174908 9.31378234642587
1156 0.332486139786674 10.2890193150093
1157 -0.258151322216026 10.8294396201001
1158 0.705758133884096 9.94869230663705
1159 2.59686408801264 8.2443386952492
1160 -1.73993660471495 12.1902452053946
1161 1.17823094789645 4.56123723687415
1162 0.28782272229318 5.27974606334575
1163 0.959485616960379 5.28933548702725
1164 3.22276540010319 3.35357225176252
1165 -0.301361534647217 8.17298264272071
1166 1.17928855541643 5.00104543289996
1167 0.311583565169969 7.94713607378412
1168 -2.00916316157872 8.5789949259732
1169 -1.84141880067666 10.680987982031
1170 0.33257816161086 10.2883097219947
1171 -1.84149549730437 10.6810101011761
1172 3.16140276450394 2.62410247158615
1173 -1.740277728709 12.1907883107297
1174 -1.73996888342744 12.1905274306855
1175 -1.84161552064375 10.6812747147914
1176 -1.91041062185716 9.7717705444309
1177 1.76852621668406 3.41955301571947
1178 -0.258695384018867 10.8295001135029
1179 4.35930245574955 3.53333096572694
1180 -1.9305485883653 9.51595106242472
1181 -1.74008380579203 12.1902525126024
1182 -0.258112524533112 10.8294236814183
1183 -1.84140366939395 10.6810524801165
1184 0.705771676553331 9.94902810124502
1185 2.14621113343678 2.74617082027277
1186 -1.73988255431913 12.1907868384202
1187 0.956507863507026 4.39075700631451
1188 -0.285134122225319 9.15101097232695
1189 -1.84162420584076 10.681328643436
1190 0.332357183206251 10.2884737823869
1191 3.39508751875927 1.79111574141523
1192 -0.330194815369458 6.44407848750546
1193 -1.88343977763574 10.1219946440487
1194 -0.301317084246439 8.1728889185092
1195 0.67947364249609 5.80421613688856
1196 0.694674462471084 8.18742839001821
1197 1.98051224101802 8.796605035979
1198 -1.8414430269881 10.6810117490709
1199 0.687114973168398 6.91025150392386
1200 -0.335917023715756 6.07465849743588
1201 1.183932083282 6.69772720593639
1202 0.291836325162728 5.761126196159
1203 -0.285214991216456 9.15053067756062
1204 -1.88348265101897 10.121958381971
1205 1.36507367943474 6.51680946155705
1206 0.316248189977622 8.56067849708989
1207 -0.315392744620285 7.35173995015476
1208 -1.84162107417249 10.6810429869675
1209 3.56752324775174 1.81114003693315
1210 1.18086568335787 5.72368745415008
1211 -0.324277884921081 6.80675319299418
1212 -1.98281710322266 8.87951937955361
1213 -0.285143029383809 9.15077161797443
1214 1.7686773757009 3.92588555638461
1215 2.29325952474268 3.08807301316881
1216 -1.97240425867258 9.00409152885102
1217 2.53934217097906 3.40015803734155
1218 1.51581504624168 5.38933873054782
1219 0.69062704590523 7.57184840450803
1220 1.5157901600654 5.26831606834912
1221 1.36006823402924 4.82023189612433
1222 2.82985369767949 2.81968529818348
1223 3.42097568505895 2.02947670000934
1224 0.311714288718695 7.94700139618464
1225 -0.285341532158241 9.15093976427853
1226 0.29469159441738 6.10467917166722
1227 0.681977129768129 6.22169296233911
1228 -1.73983850796098 12.1902313422163
1229 0.963738264830244 6.63619302544063
1230 -1.74000672239743 12.190212849846
1231 2.87283534202099 2.31453565223772
1232 3.47027076451791 2.93009450567141
1233 -0.2578012656668 10.8291714629534
1234 -1.84163946339087 10.6810872808161
1235 -1.7400011016568 12.1901677930476
1236 0.285606945678667 4.90307960580278
1237 -1.94697456903972 9.31397020257647
1238 0.294695995402183 6.10461337945333
1239 -1.98283561029941 8.87952788297866
1240 0.705758631623909 9.94877626405487
1241 -1.73990797218075 12.190861089316
1242 -0.294936586980463 8.5480867056568
1243 -1.73998546128479 12.1904467650256
1244 1.17959883209517 5.22064354484372
1245 4.71818658933233 2.4773169015493
1246 1.87608872227594 3.19688443379901
1247 -1.84154166060974 10.6810090996563
1248 -1.74001899787567 12.1902615568589
1249 -1.94709251162084 9.31413010990176
1250 3.09487008490761 3.22793867745509
1251 2.69412429276501 5.58480811206518
1252 -0.322908245725319 6.89582821842603
1253 -0.3193774111074 7.09992199123993
1254 -0.322955317500079 6.89585654413518
1255 0.965255580384724 6.91508333686909
1256 1.77151574108057 6.11320986872182
1257 0.298058503028204 6.48380132769947
1258 0.303515818453961 7.07247548841217
1259 -1.84166826936896 10.6813223777473
1260 -0.258317757592577 10.8292035607388
1261 -1.88330932524134 10.122098577695
1262 -0.258708126312921 10.829502647794
1263 -1.88326719807565 10.1222673351187
1264 0.68450224440555 6.51038571173922
1265 -1.73985574984341 12.1912620497705
1266 1.1815688086867 6.01450144987767
1267 -1.73991423340811 12.1908444019909
1268 1.51954772947566 6.75120259235996
1269 1.87652191534245 4.69986262483647
1270 3.97676498197822 3.91666708238682
1271 0.303520344582052 7.07242830429639
1272 -1.7398642881967 12.1901293508474
1273 -1.84153934709932 10.6810236328513
1274 1.18035209380239 5.49421581754385
1275 0.677406229238757 5.43739791361846
1276 -1.98272269311025 8.8793643495802
1277 3.22335097020836 3.02546913061569
1278 0.298901250888436 6.60351009508382
1279 -0.285237366146918 9.15102587364012
1280 -0.312715289563444 7.50436856844624
1281 -0.258702241770768 10.8294765424315
1282 -2.00822804692345 8.57814616344834
1283 -1.73993455407229 12.1906601875641
1284 -1.74001754725865 12.19038606305
1285 -1.74024605212292 12.1902849450881
1286 -1.99283740447106 8.7692942132236
1287 1.51636579592899 5.52495290238777
1288 -0.315459870773883 7.35169203440585
1289 -1.8416160583335 10.6810650979319
1290 0.301655346387223 6.89202938204775
1291 -1.74014910395542 12.1902788097376
1292 -1.73995716574991 12.1901841444743
1293 2.42483732353439 6.48603631484998
1294 -1.7399721168172 12.1900017309342
1295 1.18205436068008 6.01430012368469
1296 1.7689757564187 4.28518869220716
1297 -1.739954900368 12.1905624387638
1298 1.77027532378811 5.42773574870849
1299 -1.74049367052987 12.190438647304
1300 -1.93105807088348 9.51632629959347
1301 1.18257906564004 6.19591423113342
1302 -1.88343080703623 10.1219463276548
1303 -1.91056129369575 9.77178490097638
1304 -1.74007644247484 12.1902238043019
1305 0.316334238161179 8.56036986665397
1306 3.92539762231099 3.9681374687014
1307 -1.88339673364692 10.1220204992865
1308 0.962007548441102 5.94168008172754
1309 0.960291062367779 5.52365339924969
1310 0.683315610470849 6.3558922253128
1311 -1.73992243018041 12.1901680373266
1312 -1.74011718570543 12.1901503481837
1313 -2.02894407482659 8.34672538552968
1314 -1.84145997021458 10.6810103292091
1315 -0.309667579641125 7.68323767692055
1316 -1.84143139939646 10.6809874163335
1317 3.56652792830872 2.17102993785718
1318 1.18139124413047 5.85909746276548
1319 -1.91050317158183 9.77177649550352
1320 0.956968829026996 4.57117912812479
1321 1.35926662792606 4.24973173474876
1322 0.307873495917612 7.56701868384201
1323 0.694669983928339 8.18736907601518
1324 -1.73988221150418 12.1904216940647
1325 2.98863253536214 2.89702127215961
1326 -2.01554116407028 8.49515702010047
1327 -1.74007704870135 12.1903515625358
1328 3.16062848510045 2.89244993122939
1329 -0.345498843501813 5.44599647723847
1330 3.90853243766504 7.07854796172058
1331 -1.73997815746447 12.190203738291
1332 -0.309664373991779 7.68312685466605
1333 -0.325703959191366 6.72410608123772
1334 0.676858109005007 5.43783034063269
1335 -1.97230980968761 9.00399106809224
1336 -1.74088851406648 12.1909756728237
1337 2.87125961684711 4.73547244575752
1338 0.311716703841567 7.9471270593653
1339 1.17973402544536 5.22085824811835
1340 -0.258232302334226 10.8295091717139
1341 -1.84166692277542 10.6813409406122
1342 -1.84152778273388 10.6812531497392
1343 -0.258696299776014 10.8294731529819
1344 -0.301316420075403 8.17323658309781
1345 -2.0227550742215 8.41832847960249
1346 2.14513570490734 4.43150745088299
1347 -1.74031585262059 12.1903077148344
1348 2.64487925444891 4.73859611046845
1349 0.705749816387156 9.94855512162191
1350 0.33260887609282 10.2887850853053
1351 1.17813330439319 4.51609298449369
1352 1.17866146095648 4.70793129742795
1353 -1.7399562797246 12.1909728969325
1354 -1.91036204568722 9.77182199587457
1355 -1.84141673064042 10.6810226591929
1356 1.6532596153457 6.61822757470384
1357 2.14549427673133 5.05356926146315
1358 -1.73999847109624 12.1910529776077
1359 0.96277143161857 6.23309172310575
1360 2.42350402344112 3.18496151792341
1361 -1.88331895979571 10.1220949572782
1362 -0.33289150530574 6.27128558026912
1363 -1.74005501283537 12.1905765676037
1364 0.958708282870838 5.09470411952559
1365 -1.84149288318006 10.6810268429078
1366 -1.88326549526857 10.122323611513
1367 -0.301360940195217 8.17303436606527
1368 -0.301028964164488 8.17290339253802
1369 0.962767489253691 6.23315649082426
1370 -1.73993527291534 12.1902510745864
1371 0.963579295109419 6.63635189388371
1372 0.68093636589235 5.99304302469531
1373 0.965356149304433 6.9148489800429
1374 1.64921078154271 4.29073609966672
1375 -1.98281338656027 8.87951667180568
1376 -1.73994821133113 12.1903073426236
1377 -0.258442696643962 10.8294645844335
1378 -0.301095960355202 8.17297468242107
1379 -0.301083801578242 8.17299100298517
1380 0.705699524886745 9.94850840379635
1381 1.76894765925142 3.79936627578917
1382 -1.98334960533751 8.88005028732748
1383 -1.98331044468364 8.88001972929881
1384 1.17772369716336 3.53276332113611
1385 -1.74137482105101 12.1912496344722
1386 -1.74022206900202 12.1911336519021
1387 -0.317720713042853 7.218367713725
1388 -1.84143845795718 10.6810458025607
1389 0.679809437486783 5.89556417501821
1390 2.59368010199415 5.29531255833193
1391 -0.258197323415833 10.8294571724147
1392 2.29276780771821 4.28405457371097
1393 -0.258086116343631 10.8294157773021
1394 0.961328931714258 5.71287823467242
1395 0.305559393627655 7.29052914538715
1396 -1.99216833439758 8.76851903442827
1397 -1.73991124010341 12.1900905496399
1398 -1.8415001830682 10.6811820944073
1399 2.64514102627751 4.96095638092282
1400 -1.73994192575057 12.1904432313874
1401 1.87637972957081 4.6089344617231
1402 0.95964970191237 5.36228648405251
1403 -1.94688772858715 9.31386377470987
1404 0.308189673931639 7.56721614811146
1405 -1.74002795548735 12.1903517497775
1406 0.297097404741589 6.37599946927945
1407 -2.02320749765781 8.41887546643533
1408 1.7684101419905 3.51266783120811
1409 0.965685470626286 6.91430688234013
1410 -2.11682585426444 7.39650893376221
1411 1.87562230281446 4.17834642084022
1412 -0.326882690271172 6.64724214062082
1413 1.64956021631263 4.59993776744353
1414 0.958441872002181 5.03685199821454
1415 -0.294842821726316 8.54795680029622
1416 -1.84148617041306 10.681019261945
1417 1.19514861884342 9.50477779695154
1418 2.87148096859207 5.01887575629172
1419 0.298099668056826 6.48376264428426
1420 0.961044935992365 5.71311703600505
1421 0.962047824635463 5.94161933065865
1422 0.961934276432099 5.94205498387787
1423 -0.319575595900982 7.09978710127987
1424 -1.7403434138029 12.1903159810556
1425 0.299069832943234 6.60328091995452
1426 0.682363438003029 6.22096813595783
1427 2.22226544013763 2.8234296058717
1428 -0.257695799178098 10.8289301002655
1429 2.98867500352644 2.89709369927756
1430 2.59308775699704 3.40239614567802
1431 -1.98281389177788 8.87951389015561
1432 -0.322910106411704 6.89583047299368
1433 0.332672565066545 10.2887383947464
1434 -1.91056730107844 9.77185911595801
1435 2.29277391172293 4.28411093869373
1436 1.36289103417979 5.67783535122371
1437 4.51985042783517 2.52002285780158
1438 0.299086155798575 6.60327094353829
1439 -2.08883010298755 7.69517337051675
1440 -1.74080894355557 12.1908514094643
1441 1.18066932378328 5.60284380803046
1442 0.316268185694702 8.56063159072995
1443 -1.7413292256349 12.1914186933557
1444 0.297054833057912 6.37602031215865
1445 1.77014481651189 5.13552213610962
1446 -0.321515634247816 6.99305080421423
1447 -0.25822158121784 10.8295372885849
1448 -0.25818336653834 10.8294380523233
1449 -0.32297765829435 6.89583510552891
1450 -1.88332159634988 10.1220549789222
1451 -0.309648135305102 7.68315760245573
1452 -1.74038725816722 12.1910094283691
1453 -1.73991637248399 12.1900885825878
1454 0.332355065401309 10.2885102396565
1455 2.98913666077036 5.93068127649345
1456 0.298950446607774 6.6034317204107
1457 -0.312722692765061 7.50437932364723
1458 0.688945716158267 7.18907270711127
1459 2.42384148805059 3.1440206730506
1460 0.685870051988441 6.69147479936223
1461 4.01268542535326 1.17046718209669
1462 -1.73999101680936 12.1902754430796
1463 3.8903068101825 2.50946606137606
1464 -1.74006161933069 12.1908864879677
1465 -1.73995455159568 12.1908371805417
1466 -1.73987909080584 12.1908846442095
1467 -0.258642555383706 10.8294581219293
1468 -0.258010071776408 10.8295461534367
1469 -0.285129757129224 9.15076993271364
1470 0.332512423787056 10.2889837704985
1471 0.681580403041183 6.1010244929338
1472 1.18291141874705 6.19590760654814
1473 -0.319558028892051 7.09980509217945
1474 -0.258140072707538 10.8293861599509
1475 1.51546593540419 4.96956550245491
1476 0.683319528260453 6.35588995015735
1477 -0.317687355612924 7.21835624468087
1478 3.41967754534989 2.518907289435
1479 4.21348897967901 0.67324735286416
1480 -1.74014138966362 12.1902951022254
1481 -1.84175287715226 10.6810566632675
1482 1.64912285221424 3.91886542907461
1483 -1.7400195791803 12.1904121875546
1484 -1.8834314879427 10.121984273932
1485 -0.28538522017245 9.15102216147111
1486 -0.285359801338928 9.15096510693773
1487 0.296202485135358 6.2779139467696
1488 -1.84141966902258 10.6810382009913
1489 1.51775373974507 5.86249441910242
1490 -1.73989540909407 12.1907000924975
