"node" "R" "H"
1 1.30092770541398 5.97639778911872
2 -0.00667695694005498 5.60139496746158
3 -1.44569145600018 11.8232150325694
4 -1.44589581184029 11.823247861499
5 0.0718021529008074 10.4291319641139
6 -1.44560095375099 11.8228043917174
7 -1.44586991799534 11.823093631422
8 1.69942984193598 4.87450700565726
9 -1.60386613944366 9.74312460726736
10 -1.67103272559268 8.93722335884654
11 -1.55946491090372 10.3024759030314
12 0.0427700404739519 8.72730027059525
13 2.75968868130237 4.52195470601103
14 2.10726467168419 3.53341869828119
15 1.85285975421051 4.04288434289109
16 2.48231528332113 4.09238172849063
17 -1.445911210053 11.8230780689133
18 1.51733628549913 4.78276753606654
19 -1.55945505089045 10.3023983763259
20 -1.69759246550167 8.62839533666578
21 1.69877315342695 4.45011645346162
22 -1.7273114885618 8.29507701299995
23 2.81898858734713 3.86478573283059
24 2.31322305142788 5.86097904293824
25 -1.44561296781823 11.8227843580813
26 -1.44564454651903 11.8231846905765
27 1.8541318566379 4.94979620538598
28 0.0273024926310431 7.74423668861356
29 1.85291909781081 4.22734003437669
30 -1.44599921571568 11.8230460756
31 3.12131931644294 3.02716205022601
32 -1.55938211888335 10.3026069635596
33 0.0717327130634108 10.4296634330028
34 0.0429130210911815 8.7272838796795
35 2.98134971192972 5.83663489254556
36 -1.65375060774999 9.13843291775267
37 0.0718709666013633 10.4290299067821
38 -1.55943854545386 10.3026267343267
39 2.40603519559064 8.320544198613
40 2.21461513217035 3.10407075634044
41 0.0426368595848131 8.72754052976514
42 0.637966276767014 6.63704912279805
43 -1.63247901166812 9.39366210255995
44 0.0717690194634851 10.429025292189
45 0.645025258982209 7.51500237851605
46 1.69868805524832 4.25545385774178
47 0.0718557525603256 10.428694398911
48 -1.44602477955226 11.8230759407164
49 -1.44561525566676 11.8230194616628
50 -1.44582590374056 11.8230667023833
51 -1.44560990815614 11.8230390076823
52 0.0718570684841905 10.428862560834
53 0.667187440441412 9.88788688617308
54 -1.44560939331776 11.8230635874617
55 4.83267235503055 0.511379323857749
56 -1.83798487112839 7.08622781520749
57 -1.4456383373219 11.8231560232688
58 -1.55951422042532 10.3026371022528
59 -1.44566619118472 11.8231873566591
60 -1.44567089262371 11.8232116699853
61 -1.44564638451032 11.8230297160401
62 0.667293413240056 9.8873582166882
63 -1.44561591064864 11.8230683589344
64 0.0428822523453974 8.72700359113081
65 2.56076430655293 6.25059738082158
66 -1.44543778131448 11.822682610302
67 -1.44560898227408 11.8230850661608
68 -1.72698708955459 8.29470207304799
69 -1.44564773587482 11.8231796493964
70 -1.69743676299324 8.62822638726832
71 -1.44598416575432 11.8230330882211
72 3.20746457222877 2.30085250066438
73 0.0272551861087622 7.74420875159525
74 -1.44564672559062 11.8228414059143
75 2.76005686032435 2.97578356520052
76 0.0426797122020502 8.72726601871831
77 -1.55955039069071 10.3026264058158
78 2.56337168985276 8.17997310327826
79 1.02482201015652 6.75280134275093
80 -1.63239894089666 9.39356336426123
81 0.0427478738142001 8.72712532314815
82 1.01450832832931 4.93903980254161
83 -1.44587240737192 11.8233331443101
84 -1.63243199170768 9.39360032437793
85 3.24611541994151 4.03586264523363
86 0.667297040492882 9.88735640559935
87 1.30018109725314 5.79456705981512
88 0.0718033473013017 10.4291109327711
89 3.12089372878274 3.56273283193073
90 0.625527708180444 5.16089002593569
91 -1.44562190147034 11.8226676041499
92 -1.5595073028074 10.3026365409555
93 -1.60386822487508 9.74313683845685
94 -1.44563287077972 11.8228062337156
95 -1.55941494634244 10.3026013258427
96 1.99722289432993 8.68658027095718
97 0.0427273776034476 8.72749016953347
98 0.042784176445845 8.7277081896002
99 3.46427295404594 1.71709189229015
100 1.01880092110517 5.78354409735876
101 0.623422935615539 4.80639669607775
102 2.81951041891419 4.9677759417165
103 -1.65387176120272 9.1385560998214
104 0.0719823700927766 10.4286716573066
105 0.667368989724766 9.88717924376562
106 -1.44558327007681 11.8227511396151
107 0.0719648695841866 10.4286332727729
108 -1.44602904047325 11.8230944636172
109 1.85300307386268 4.53131300744894
110 -1.44562783499251 11.8229583295865
111 -1.44561739647736 11.8231155360288
112 -1.44564193761108 11.8229123264909
113 -1.71797321570066 8.39370908039329
114 2.31322590079022 5.86094885116842
115 2.55855232928989 3.74191764419763
116 -1.55952860294481 10.3024364946748
117 -1.71810555376263 8.39388510005853
118 2.93103544999507 2.35152018976066
119 3.49454717493337 2.58407636775314
120 -1.44575545674348 11.8232128066488
121 -1.60363907695744 9.74325725375544
122 -1.44559657165797 11.8226650827258
123 0.642320484445277 7.13291894034043
124 -1.71791585819103 8.39368908966561
125 -1.67106926916801 8.93723637425068
126 -1.44560290503279 11.8230882007685
127 1.3163192785861 9.29977917783496
128 -1.55954771250723 10.3026318247058
129 -1.44563217980738 11.823140897598
130 1.71154406379462 8.94371027327376
131 -1.44570154918008 11.8231237437332
132 -1.72703040287102 8.29472132117223
133 0.667189879003457 9.88793764492497
134 -1.44569415135642 11.8232296851247
135 -1.44562396901463 11.8231395014642
136 0.0331734638084429 8.12119281502393
137 0.00681924697289415 6.46553060423695
138 -1.67100024175731 8.9371607387546
139 -1.44597387237128 11.8230325939855
140 2.10696725861639 3.97345010677192
141 0.0718408158189319 10.4288074784161
142 0.033067274087747 8.12111524157729
143 -1.55948110318706 10.3022704847739
144 3.55974998361105 1.36030386895395
145 1.99720084855422 8.68668195969616
146 -1.44602561959342 11.8230768716488
147 -1.65384722307323 9.13852298877913
148 -1.44560619873175 11.822771077082
149 -1.65388775207811 9.13857017419314
150 3.8739882932767 2.07667537130295
151 -1.73486266629444 8.20413677187632
152 -1.55949545449452 10.3023003271039
153 -1.44564098071087 11.8229956527568
154 3.36036434800647 7.47190222698063
155 5.20699542534685 0.46692062717393
156 2.40041570784058 4.28325266353327
157 -1.63247588131546 9.3936564887246
158 -1.55953623816543 10.3026166707017
159 2.21747356215334 6.58823704659783
160 0.0273005712044421 7.74419024679408
161 -1.44603070601475 11.8230684478715
162 1.30276000153921 6.47682358949218
163 -1.6538924070322 9.13853923835959
164 -1.44602268849498 11.8230678531513
165 0.63153386103506 5.94085613984243
166 -1.55948464288234 10.3025970040939
167 2.31116404158878 4.07341876891649
168 1.02056295226664 6.07338824176647
169 -1.44599446050745 11.8235012923443
170 3.58571783049999 4.59712473945837
171 0.0718055196488874 10.4289350152725
172 3.32298651896726 2.75619876445965
173 -1.44561129492598 11.8231553130568
174 -1.44603764519643 11.8230817455249
175 -1.60379771051662 9.74317017751208
176 -1.44563711261874 11.8231329501576
177 -1.74233562202122 8.12132521242224
178 -1.6324520426896 9.39362600634325
179 0.0272786529647907 7.74422711802751
180 3.72682131951624 1.73911627219051
181 0.627191580289895 5.38732988036194
182 -1.55939297665021 10.3025521836717
183 -1.445613695297 11.8230682530416
184 -1.55949966466979 10.3026047189112
185 0.0331402915772237 8.12117652054414
186 1.71156975878496 8.94337830689428
187 2.75944084704179 3.46280587626834
188 0.0328923053401489 8.12109047949625
189 3.77889672903071 1.50100323296934
190 -1.68540498511269 8.77067549774508
191 2.55887619944299 3.17718104370344
192 0.645280921909492 7.51468334336985
193 -1.55950232586784 10.3025006110237
194 0.667374061809964 9.8880458603258
195 -1.44602555977551 11.8230744886893
196 -1.44581238627394 11.8232413410002
197 -1.44563393751118 11.8229777544059
198 -1.44561545072887 11.8230291299442
199 -1.44569106043015 11.8231007245493
200 0.0718270093705829 10.4286066661706
201 -1.55950642485399 10.3026363690431
202 2.21506029371177 2.90616910636112
203 0.0427625959103377 8.72768792676515
204 1.01520332715647 5.06447014840011
205 0.636290342485502 6.45643811160024
206 -1.44573265708536 11.8231504889374
207 -1.6538934870536 9.1384722776173
208 -1.44564101455864 11.8231947547059
209 1.51710012074176 4.70475823923826
210 3.35902230705096 3.11587050947391
211 -1.69763473464334 8.62844125733398
212 -1.44562629901357 11.8228164584136
213 -1.44561430315652 11.8230055795972
214 -1.44567884678985 11.8232098322975
215 0.07191206691021 10.4285503759835
216 -1.44560030121385 11.8231474025129
217 -1.73524444835638 8.20453820700414
218 2.62976861091579 3.94500640461811
219 -1.825829112445 7.21588305062106
220 1.02312110345095 6.47404525461063
221 -1.44592210720993 11.8230563110861
222 -1.4456295989249 11.8231228538083
223 0.00266275313215724 6.2174369814048
224 1.51592169977028 3.95350416963436
225 -1.44562606204711 11.8229753578712
226 -1.44562568484394 11.8231014228277
227 0.0331184412423778 8.12108296840635
228 -1.44561300698645 11.8229864464304
229 2.40018098044676 3.6800918382066
230 -1.44508817646921 11.8226057118265
231 -1.44604604602357 11.8230886497271
232 -1.44563894417486 11.8232034206807
233 3.1234218880917 7.68181647406326
234 -1.44561493090609 11.8231053407886
235 -1.44573614656761 11.8231547826095
236 -1.44598013933608 11.8230382984249
237 0.0719560701599942 10.4286189734921
238 0.000594703747888727 6.07797099448553
239 -1.44562514193117 11.8229269589131
240 -1.44544073024675 11.8227260962189
241 1.2953010919298 4.3452620771773
242 -1.44566694075371 11.8228743775617
243 0.0166887016527465 7.07413196381596
244 -1.60376239438267 9.74319478397957
245 1.53262034756232 9.10453695018971
246 0.071861390142695 10.4289041688697
247 -1.44561919490621 11.8229444773346
248 2.87868193218058 7.89914616022741
249 2.48258050549346 4.61506198967404
250 -1.55939821367188 10.3026144303273
251 -1.44563971834209 11.8228299082014
252 -1.44570293780064 11.8231701211256
253 -1.7082000013603 8.50403170760445
254 -1.44541449135686 11.822718495474
255 -1.44576302476363 11.8230969662109
256 1.01550198127508 5.13287326760332
257 -1.77365504092702 7.78552868432928
258 -1.44565485389436 11.8229086064992
259 1.51637964133313 4.37925113321473
260 -1.44561443188354 11.8228770592196
261 -1.44561452045753 11.823018584341
262 -1.44564029776138 11.8229347091061
263 -1.44558073624452 11.8227924424366
264 1.98778126379172 4.23434806600119
265 -1.44561701893765 11.8230222225782
266 -1.44563640656381 11.823145905073
267 0.0432023530453987 8.72666447581878
268 1.85498148287647 5.4244174376648
269 -1.44595103660805 11.8230151695267
270 -1.44583153775216 11.8230855210611
271 -1.44563931855945 11.8228315901101
272 0.0718340531547496 10.4287686783108
273 0.0272900766084719 7.7442570888292
274 -1.55953088443512 10.3023688581559
275 0.0718199191274873 10.4288475842295
276 2.4876150958752 8.24764029253089
277 -1.63248146854745 9.39362409845022
278 2.10701991615761 3.73312229542396
279 0.0426490233022748 8.7277010702166
280 -1.44570867111138 11.8230995761755
281 -1.68536555815887 8.77062652141394
282 0.63477842706175 6.30243482241128
283 0.634694051591593 6.30251501054583
284 -1.55949475472086 10.3026027766289
285 -1.44564450627663 11.8228372206946
286 -1.4456543628151 11.823212125623
287 -1.55953495187369 10.3026373203321
288 2.63087324072247 2.83802513325231
289 0.63629463362221 6.45646099434912
290 -1.63248312076882 9.39366121841618
291 0.0718424932771202 10.4288536715522
292 0.667325940182649 9.88727628434071
293 -1.63246954074779 9.39364704288108
294 -1.44560914545926 11.8231176246939
295 1.02304710463624 6.4741301338525
296 -1.77325525581943 7.78511849912531
297 3.72459555514004 4.06557294624652
298 0.637828506702915 6.63724342332138
299 0.0193745917980647 7.25325986982228
300 -1.6538175062846 9.13849516391683
301 3.49384280076187 4.68856280459458
302 -1.44547733734253 11.8226219521154
303 0.0272685257658857 7.7442112913877
304 -1.44569003889383 11.8232206696025
305 -1.63248046013696 9.39365188832919
306 -1.44560342534042 11.8230643243197
307 0.0273113584430912 7.74417814875369
308 -1.55934003376432 10.3025283032476
309 -1.55952611861548 10.3026017212711
310 1.04222090155782 9.54735391715361
311 0.651031621778359 8.1288037477756
312 2.40194113861986 5.7729967419628
313 0.642337243704183 7.13284577312658
314 -1.44564403804149 11.822836208109
315 -1.65372833807697 9.13841424826792
316 0.632679587393604 6.04820178410766
317 0.629330908304423 5.66942745659828
318 0.071806255788613 10.4292225979798
319 -1.44554007871563 11.8227475357861
320 -1.44591033869597 11.8230286975265
321 0.0431681060361441 8.72674400703637
322 -1.44560713191822 11.8230615033782
323 4.28697783325894 3.21732706155068
324 -1.44571125498327 11.8230123258191
325 -1.44565303563405 11.8230432936952
326 1.98780794744731 4.23431165345163
327 -1.44601172671255 11.8230851503031
328 -1.55937205508013 10.3025515408325
329 0.667322195791331 9.88743999471681
330 -1.4456424903599 11.8229790887698
331 -1.65397364581432 9.13861152440035
332 0.0118872360084057 6.78799074856908
333 0.642341278072821 7.13295478858387
334 -1.44566204429851 11.8228624809169
335 1.0268476365544 7.13627878480422
336 -1.44571703120325 11.823176971009
337 0.667276001410541 9.88811336341829
338 -1.4456202366074 11.8228149138912
339 -1.44561643126621 11.8231111898225
340 -1.44566171193763 11.823085157223
341 1.02685175586067 7.13626279089908
342 -1.44576795096455 11.823230121556
343 -1.44559923234617 11.8231636029965
344 -1.63233953117026 9.39350370470427
345 0.645630926526805 7.51417527814428
346 -1.44560964544812 11.8231819556827
347 2.92953778830315 3.08554452146257
348 -1.44563117281827 11.8228596090581
349 1.30768013227132 7.48309280575547
350 0.0118404926792796 6.7881662678387
351 1.85715358956985 6.31326036205385
352 -1.60386959341382 9.74313109119122
353 -1.4460346824714 11.8230790734093
354 0.0717559118081915 10.4295744843729
355 -1.55933092598387 10.3024258307901
356 -1.44577778735856 11.8230401088008
357 -1.4458788444881 11.8231117222493
358 -1.55938879792286 10.302610116342
359 -1.44559192028561 11.82280047449
360 0.667206034820396 9.88793891196427
361 1.30477442963718 6.86064179872405
362 -1.44565744633073 11.82294189978
363 3.61820821342841 1.44041853621519
364 -1.55942829602459 10.3026259465721
365 -1.55950514424536 10.3026358513143
366 -1.44520584629829 11.8226868237883
367 0.667213404956455 9.88767088445048
368 -1.60383482074434 9.74316348865136
369 -1.4451882871123 11.8225273580537
370 -1.55952877312563 10.3026377352561
371 2.48383157653313 5.69182422775367
372 -1.44561515285877 11.823041088009
373 -1.55936591697341 10.3025862046529
374 2.55895558170804 4.72204273072143
375 -1.44604247714246 11.823085894244
376 -1.44564347307122 11.8228379500003
377 1.69862253202526 4.38145988431916
378 -1.67113087935917 8.93738912601751
379 0.0718644608873283 10.4289310731357
380 -1.44563123552439 11.8232047985088
381 -1.67106166036194 8.93722188708347
382 -1.44565102585959 11.8228590681752
383 -1.70830001388663 8.50413037844401
384 0.0193984171895865 7.2531823901215
385 -1.63247595962919 9.39361904027518
386 -1.44602361208155 11.8230692351221
387 2.48466968437186 2.43796549005932
388 -1.60387011734695 9.74312843199691
389 2.55859231140991 3.663666920389
390 -1.69731093735043 8.62815336620878
391 2.63104008536019 5.54592246249608
392 0.0718668625964293 10.4289633644826
393 1.51756133568431 4.86643649982454
394 3.49429437443145 2.65320673124591
395 -1.44572246123339 11.8232318755161
396 2.55992544376117 5.6164070747235
397 -1.44560921958449 11.8230684895791
398 -1.44573156589843 11.8232184104196
399 2.55853388373887 3.8261413554056
400 -1.55944368740726 10.3025859351004
401 0.0429249166042668 8.72694595849702
402 1.98797135061502 4.39638083743858
403 -1.4457149145427 11.8231550351245
404 0.0717951179780715 10.4291986734568
405 2.81957821721344 4.96753282418648
406 -1.63246540536013 9.39364437218986
407 -1.44600524592987 11.8230523284742
408 -1.4459811852933 11.8230498168535
409 -1.67090984106056 8.93703018713916
410 -1.76739416804975 7.84378316511188
411 -1.44546244595262 11.8226789875812
412 -1.44604500969967 11.8230861213745
413 -1.44562890144268 11.823125456295
414 -1.44563586237135 11.8228604475045
415 0.639782668095331 6.85550778544569
416 -1.60387054695117 9.74313158669423
417 3.32461612766478 2.02817880640236
418 0.00821667517030661 6.56295328175575
419 -1.60384709786503 9.74314328392957
420 -1.55954290500835 10.3026352419124
421 -1.60366709677213 9.74325147458116
422 0.645254819066699 7.51480752290143
423 -1.44563487877062 11.8228896615784
424 -1.44562245117187 11.8231313603016
425 -1.44599864864995 11.823045478276
426 0.0329912537280736 8.12110246242126
427 0.0194101084351834 7.25322987869613
428 -1.55953124087834 10.3025875363325
429 0.667270228865134 9.88741149578393
430 -1.44568776089685 11.8229483822604
431 3.16449524788524 3.21983118229627
432 2.48286730094231 4.79808083347216
433 -1.4456387053466 11.8229205113306
434 3.72565782788195 2.225703044464
435 -1.44575369843433 11.8230667697879
436 1.29883404159951 5.50409549376008
437 -1.44526176371296 11.822693583454
438 0.63375708107108 6.16771072569303
439 0.0332397767903035 8.1208844013007
440 0.640063768446295 6.85557494111148
441 2.92914590011194 4.01247970601648
442 1.31629158592808 9.29959484431444
443 1.86409348812251 8.80644134991692
444 -1.63274874327122 9.39392612266997
445 -1.55948446256863 10.3026333716418
446 2.55983854142207 5.61652162392712
447 -1.44582476845748 11.8232793729014
448 0.0193642462156388 7.2532410370268
449 0.627729321830949 5.45157905199785
450 -1.44563911199593 11.8230879019969
451 0.022950583844176 7.46964846039018
452 1.03033334116343 7.75678915921247
453 1.85500730320947 5.4243504952275
454 2.70101621491576 1.93583455379252
455 -1.44589744125874 11.8230426715008
456 -1.44598760947103 11.8230630201575
457 -1.44566641455991 11.8229462672508
458 -1.44562389634776 11.8229797805029
459 -1.44563600191873 11.8232062772074
460 2.63089420413371 2.79840843206099
461 2.48228225953514 4.20136818747545
462 0.0718673635595184 10.4290133811091
463 -1.44561348703126 11.8231063852143
464 -1.44563156162648 11.8229256803192
465 2.40043649710283 4.54063106575047
466 -1.60385960407578 9.74314931194035
467 2.5587383062741 3.52153112702366
468 2.69734191845007 2.89763173660556
469 0.624954199277552 5.0621378621196
470 -1.60381238501809 9.74320492513547
471 0.667392896313603 9.88819886564847
472 2.48231322240007 3.90224734745059
473 -1.44560829545636 11.8230511284867
474 -1.44564485701092 11.8229235448673
475 0.0140376126545238 6.9215057243926
476 -1.44560291329021 11.8230662122262
477 2.21413306093255 3.38126562193081
478 -1.44563397410887 11.8228152320368
479 0.634729146215718 6.30249481992935
480 2.87549870591608 3.80816024137
481 -1.69736484763303 8.62819700395692
482 -1.44553539370789 11.8227480331983
483 3.87284526195485 3.91756004067261
484 1.85302510759574 4.36911498447572
485 -1.44563786366728 11.8229238660578
486 -1.44586217523775 11.8229966217732
487 0.0427194969998205 8.72725488768624
488 0.667395235913485 9.88790425205821
489 2.81932614683387 3.26070492992808
490 3.24600001529274 3.85220576006623
491 0.0718632014484564 10.4288860598342
492 3.03186448465365 2.08819710714999
493 3.96444169439524 1.7676807438408
494 -1.55945824423973 10.3023365690625
495 3.1211255826413 3.35421057704139
496 -1.44563572225383 11.8230819034397
497 0.0718370737057861 10.4287868103496
498 0.639899353331261 6.85538759530965
499 -1.55919758223643 10.3024529738278
500 1.04228174321677 9.54777748863232
501 1.0181306127963 5.66349009105436
502 -1.44564452356153 11.8228769625974
503 0.639885894621348 6.85539346923967
504 -1.60382343755936 9.7431290472672
505 -1.60384926368701 9.74315911623363
506 -1.44577743598865 11.8230158446776
507 0.0428813938925634 8.72698779273841
508 1.69870866735594 4.38134953606533
509 -1.44567360975441 11.8232217453873
510 -1.44563943331917 11.8228300847295
511 -1.63248488588426 9.39365508115045
512 2.21699185364372 2.46436766057551
513 -1.44526187622003 11.822693584542
514 3.55723423101539 7.29829241934272
515 -1.76767473438256 7.84406678944606
516 -1.5594911065371 10.3022852815807
517 1.30277516482185 6.47675585344663
518 -1.5594547314106 10.3026079456347
519 2.98084918611054 5.19859977891555
520 -1.44564437549779 11.8228952824985
521 0.645182484635548 7.51495010986267
522 -1.44570601227038 11.8232321495125
523 0.0719157180092166 10.428561100811
524 1.98892731687731 2.96097710101027
525 -1.65379955788125 9.13850534632527
526 -1.445479002991 11.8227302008656
527 0.651076313468385 8.1287852034795
528 -1.44589127937215 11.8231252167514
529 -1.4456503216686 11.8228705068239
530 0.0718097612512234 10.4291632654062
531 -1.44562071315235 11.8231005712295
532 -1.6538328248062 9.13848055351412
533 -1.4456468989528 11.8229220220199
534 0.0428886132246723 8.72697923754386
535 3.72517426343884 2.57325070974583
536 1.29625220674573 4.78371975932289
537 -1.60379941862183 9.74317957913331
538 -1.67106946081856 8.93723023749039
539 3.02932715739049 3.44595960089461
540 -1.60375982279877 9.74320962871979
541 -1.44553160519188 11.8227641722996
542 0.0718310529669668 10.428742630074
543 -1.44561443431953 11.8230559659635
544 2.31421573539773 6.49328307560383
545 -1.44601302496264 11.8230634963504
546 -1.44560031562749 11.8230890124773
547 3.82594710517903 2.55640669690079
548 1.04228686894365 9.5477923467507
549 1.0303746301424 7.75675502634121
550 0.0330291790444095 8.12122657804034
551 1.03036260629416 7.7568418667333
552 -1.44560197951307 11.8230865094283
553 -1.55941159766123 10.3026202972901
554 0.0718284020855277 10.4285758373962
555 -1.63247911183335 9.39362069344876
556 -0.000494638320615333 6.01438355749935
557 -1.4456902491568 11.823174332268
558 -1.44539657661131 11.8226987749259
559 1.51626491641338 4.37931985005348
560 1.01657924654248 5.36678870239616
561 2.21396306569611 3.57308172628785
562 0.0194645700583122 7.2530945050621
563 3.28511726641276 4.50388075372085
564 3.20660795406305 5.61464456351958
565 -1.445613746198 11.8230060507511
566 2.69737242375097 2.98962051379204
567 0.0101053791166696 6.66946718924654
568 -0.00953272806254296 5.40077472409835
569 -1.44563853678925 11.8230718164568
570 3.24712673831378 2.53847231791895
571 -1.44565078765701 11.8231733040721
572 2.21641859328039 5.95690524205181
573 -1.73485442886282 8.20413256748072
574 2.48292160063211 3.06873842770506
575 3.02923691632186 4.25267507037819
576 -1.44563717968335 11.822917712802
577 2.56078720268177 6.2508797546761
578 -1.55934478682351 10.3025322852457
579 3.12107864469461 3.26318791529856
580 -1.65355651770656 9.13820680695152
581 -1.44575995175688 11.8231823092837
582 -1.44561918787232 11.8229871901313
583 -1.68526595946898 8.770605467445
584 0.0718099729770795 10.4291620744262
585 2.55924482554312 3.03610097711887
586 -1.44563805531427 11.8228885304571
587 0.636266793017382 6.45651955637219
588 1.70561507801328 7.09129843959294
589 1.29684251174985 5.00282761847216
590 -1.685316222462 8.77065555524755
591 3.20604331076967 4.5825166681323
592 -1.44551140537193 11.8227529947088
593 -1.44564155292363 11.8231765667103
594 -1.44562956761118 11.8227951064475
595 0.0718379049274488 10.4287879619895
596 1.69924861741111 4.60100869567774
597 0.0331378874880082 8.12119946434973
598 -1.653810908561 9.13851208868783
599 -1.44592827968991 11.8230214558917
600 0.0194488196107679 7.25317684243374
601 -1.55935110266108 10.3025873398491
602 0.633758379656865 6.1676776855732
603 1.53279694586716 9.10477950975968
604 2.31176445085494 3.07983042996304
605 0.63799980929362 6.63699221908003
606 -1.44562478544634 11.8231744728479
607 -1.44564365068852 11.8229353019068
608 -1.44572896109174 11.823240165194
609 3.16659577731936 7.64377871421327
610 0.0100468955435901 6.66952925613832
611 -1.44565232200709 11.8229125096127
612 -0.00900148545043467 5.43826302799063
613 -1.60375271211284 9.74322943137143
614 -1.63246552948418 9.39364544076074
615 2.5594285074885 2.90943496124012
616 -1.55952854515725 10.3026377742923
617 -1.55950791260039 10.3025725739497
618 -0.015366481639903 4.93865094663329
619 0.0195659105114509 7.25302238166385
620 -0.00229565565304653 5.89669128049546
621 1.53262848760273 9.10439889038072
622 0.0431858144333877 8.72662758880293
623 3.1210198179946 3.68383264264738
624 -1.44586365003983 11.8230850714867
625 -1.44564206746748 11.8231987431648
626 -1.5594654836393 10.302611470628
627 -1.44563912681391 11.8232046974586
628 -1.44598258068046 11.8230415470703
629 -1.44578783744254 11.8231512984898
630 -1.44602953858739 11.8230772467479
631 -1.72703588590851 8.29472464316222
632 -1.44582215876135 11.82326175495
633 -1.44564597184848 11.8228564435437
634 3.16441444401005 4.62415984308354
635 -1.63240090462349 9.39356641183508
636 -1.4456504366217 11.8228650183493
637 1.85714575566348 6.3133293282527
638 -1.44562643599889 11.8227877427102
639 -1.4456377686869 11.8231380434157
640 1.8545460618508 5.08555187859222
641 4.8063125584921 2.47001849692766
642 4.06718972712764 2.61386289035762
643 -1.60378418920689 9.74319735137544
644 3.55921319801356 1.49964363562545
645 0.00664544855679759 6.46578399911837
646 -1.60387036057939 9.74312484147499
647 -1.734767266464 8.20405072453657
648 0.645237940566617 7.51483728597569
649 2.2173856258113 6.58829587862649
650 3.02951836184426 4.75853485212789
651 0.0718091490148452 10.4290994186552
652 -1.69766904725622 8.62851001293461
653 0.650968375891778 8.12900948904483
654 -1.44597722037639 11.8230394817234
655 0.0718621693643688 10.4289118068837
656 -1.44560903907563 11.8231204333916
657 -1.60382328796371 9.74313619836572
658 -1.44581981633757 11.8231333217118
659 -1.70839156544835 8.50418330783997
660 1.29668153259095 4.92495812221895
661 0.638034588582224 6.63692612447846
662 2.21745295217044 6.58821873990562
663 -1.4456542572646 11.822872350709
664 3.32306196866847 2.75616025775045
665 -1.44564229828602 11.8231629881084
666 0.0718672959403031 10.4289625902232
667 -1.63249651908269 9.39366132681154
668 -1.65374546321292 9.13844597169389
669 3.2070692140521 2.52786103442982
670 -1.44601431531533 11.8230632005131
671 0.667396430489184 9.88789859809786
672 -1.44569012914008 11.8229853866625
673 -1.44562286387253 11.8229828124773
674 0.0717718317307314 10.4291607711616
675 2.3112989602069 3.47563170768324
676 2.10708459393035 3.67994305526342
677 2.69828161189027 6.1152817666499
678 -1.44562644767809 11.8230950618029
679 0.650957596266366 8.12888816947876
680 0.0431122046462966 8.7267716818507
681 -1.63246073538138 9.39363736896241
682 -1.44566224365579 11.8230995621605
683 -1.63249303814691 9.39366203976942
684 -1.4456372141189 11.8228214085967
685 -1.63243203995199 9.39360083581336
686 0.0718466348521457 10.4287157944887
687 3.7256577841591 7.14966106608731
688 0.00161029956647468 6.14555807076913
689 0.0718346501450573 10.4285899343398
690 -1.44561488239807 11.8230195539422
691 -1.65367232094451 9.1383244749019
692 -1.4459788491455 11.8230284218737
693 2.63061276799996 5.15617694946394
694 -1.69729661912724 8.62813765910139
695 -1.44563527956167 11.8228281975502
696 -1.55949926529494 10.3025978999051
697 -1.44568829446997 11.8231777048134
698 -1.4459548121931 11.8230314821433
699 0.625657582186793 5.16071816426612
700 -1.44588399333391 11.8230979448445
701 -1.55936509436152 10.3025985080058
702 0.0165111517720973 7.07429403072633
703 1.69931571866568 4.77563468694738
704 -1.60377552457826 9.7431843572839
705 -1.44563420153009 11.8231106501226
706 -1.44562780317412 11.8231595275911
707 -1.4455997909537 11.8231127566574
708 -1.6324330682603 9.39360022227177
709 -1.60371598964095 9.74316009022185
710 -1.44589423895403 11.8231401862289
711 -1.72678128097508 8.2944853352683
712 3.03015458824725 5.78847909206951
713 -1.65376728061926 9.13847641513983
714 2.21430823464005 4.59019897654911
715 -1.60381843869117 9.74317588425662
716 -1.44563744639527 11.8232082154715
717 -1.44602523946143 11.8230765312253
718 0.0718640753219541 10.4290354154846
719 -1.4460144855532 11.8230600508289
720 -1.44562800910589 11.8229634080823
721 -1.65371482528838 9.13841285960585
722 -1.55934723175217 10.3025553530327
723 -1.44576371441462 11.823237380587
724 -1.44561432666286 11.8230538065691
725 -1.69774406404752 8.62854750028888
726 3.64429609840367 2.24899489212562
727 2.6298701902311 4.05391895403045
728 -1.44561431553537 11.8231527060985
729 4.47868667816661 1.25021712091651
730 1.30279316254948 6.47674723064532
731 0.0193435207755014 7.25328616894683
732 -1.60385066789317 9.74314437192758
733 -1.44598455938536 11.8230770625194
734 -1.44565417353524 11.8229714041558
735 0.640054864316493 6.85557199437016
736 1.01814308040049 5.66349284902867
737 1.69946193919222 4.87447473691078
738 0.0718576010771962 10.4285235929068
739 -1.60385724268972 9.74315024275072
740 -1.55945104596619 10.3025852800597
741 3.75070908788469 3.19032096216425
742 -1.44565028370964 11.8228706422481
743 0.022960845044728 7.46957355972209
744 0.0718527518777144 10.4288782320745
745 0.0427497999690397 8.72713089050231
746 -1.44562624807993 11.8231636478521
747 0.0229107129862623 7.46971560697222
748 -1.44566337382752 11.8228740118221
749 -1.6324460593875 9.39361486541973
750 -1.44562757940098 11.82295326736
751 -1.44546146424241 11.822713083121
752 -1.44561633268759 11.8229145418629
753 -1.44569087827006 11.8232267224663
754 2.93088783249233 2.42295651242652
755 -1.76735169708456 7.84374809788339
756 3.87282268414967 3.63265524839674
757 -1.55940552147324 10.3025980068714
758 0.071858738536323 10.4288946567963
759 -1.44561842493338 11.8230863631717
760 -1.60383310163959 9.74318609847541
761 -1.44595134089717 11.8231231975485
762 3.16644533841058 2.08143496358495
763 1.02479046547696 6.75286041427968
764 2.81899579589192 3.86478634301655
765 -0.00603116794805656 5.6458190127344
766 0.642337547280795 7.13295473080021
767 2.62996217982642 4.31143206651998
768 0.0230050824877062 7.46951707420803
769 -1.44562129245542 11.8231030893193
770 -1.44586889935203 11.8231264983555
771 -1.55952692559333 10.3026166066836
772 0.00530951896986847 6.37658800245826
773 2.55881078467432 3.39513578957456
774 -1.55950960241894 10.302309701426
775 2.93066193234748 2.46010355275312
776 -1.44565040299519 11.8228884881539
777 1.01321224661947 4.53876846235879
778 1.51676413958973 4.56343736666209
779 2.40603674955097 8.32055390133935
780 -1.44560724303672 11.8230796357946
781 2.69757649724807 2.77120778256747
782 2.75981757491123 4.74442410424167
783 -1.44601130404261 11.8230571915912
784 -1.63245313195909 9.39363095707347
785 -1.44604533857106 11.8230943462899
786 2.48285289729843 4.79805765231996
787 1.29727004854316 5.08651800438329
788 1.01701008074884 5.45717168582969
789 -1.44560593932639 11.8230549611445
790 -1.55953816861268 10.3024094595972
791 -1.68512760118848 8.77048499573414
792 2.22124633686361 8.48572583159227
793 1.85281859311942 4.22736329415337
794 0.0718768353642613 10.4285177724165
795 -1.44599003455527 11.8230390770038
796 -1.55950577265984 10.3023025984989
797 -1.55954572767133 10.3026227936434
798 4.18206597207085 6.74826092092345
799 -1.44578635850639 11.8231010141999
800 0.0718629295831229 10.4288908323666
801 0.0193701391366961 7.25327695137041
802 2.63087851651595 5.54592978859782
803 1.85893902622015 6.94087439649284
804 -1.55943273643599 10.3026250802124
805 0.0273232548583693 7.74414058473011
806 0.00675933783197528 6.46566762185188
807 0.00393769894167342 6.29387627344752
808 -1.60385861052786 9.74313358071347
809 0.0139854393011572 6.9215245572428
810 3.52559885055965 5.30028227983814
811 -1.44572117063377 11.8230612326081
812 -1.44578523438569 11.8231345839
813 0.00668509058278567 6.46573917297958
814 2.10851332179694 5.39342074742385
815 0.0141034377026682 6.92141631492585
816 0.62833067706444 5.51957590255912
817 2.63057343196016 5.15611070211075
818 3.07652715794339 2.87682653599315
819 -1.44562044357426 11.8228608974736
820 0.651028447693351 8.12880900048378
821 -1.5594643681218 10.3024814662526
822 2.63019108718339 4.87377179442572
823 1.30090466370446 5.97648026228517
824 1.6984350439558 4.25548391175231
825 -1.44572038941019 11.8232350888918
826 3.61497306323322 2.9585664877886
827 -1.60374299254967 9.74316915558581
828 1.30095474646148 5.97635123677946
829 1.02178608957226 6.25462645544419
830 2.5594177322389 5.22700023440182
831 1.02696404414521 7.13634872073509
832 -1.44563077899965 11.8229539301901
833 0.0720091110044036 10.4289376056691
834 -1.44585879672913 11.8230881326819
835 3.24677447517624 2.70616096738035
836 -1.60382274974412 9.74317274576758
837 2.31117645543191 4.07346735299341
838 1.01811096719976 5.66350760984123
839 1.01957256121593 5.91873953085704
840 0.0718780661352951 10.4289714654978
841 0.645123588412404 7.5150197250109
842 -1.55950412638337 10.3026341227213
843 1.69944067125712 4.87450689353866
844 -1.44564135205859 11.8232019182744
845 -1.44564948888124 11.8231961569219
846 -1.55952249296966 10.302637675268
847 -1.65386325907111 9.13844889943138
848 -1.44561017034546 11.8231505399493
849 -1.44597115041407 11.8230449206308
850 -1.44576032332003 11.8232431572927
851 1.51682326902028 4.6319491025357
852 -1.74912374479157 8.04453718095537
853 -1.44567492141767 11.8229849421112
854 2.7633516949467 8.0016273207014
855 4.61065430791538 -0.505697505591654
856 2.69743526480949 2.8119347995536
857 0.00989106247492911 6.6696956593227
858 -1.44561502803679 11.8231136780512
859 -1.55938406293722 10.3025134210891
860 1.01963576645083 5.91869247168049
861 0.0332413697634395 8.12108982478
862 2.63165737376465 6.18073394034705
863 0.0718094492732542 10.4288615735582
864 -1.65368011042456 9.13834983604935
865 1.30011991528707 5.79457046440873
866 -1.44604604933038 11.8230878383509
867 -1.44596668197796 11.8230742906127
868 -1.44563082913313 11.8228143885704
869 0.667207501794786 9.88777989026696
870 -1.55945600597446 10.3025542127694
871 0.667352965175969 9.88833659774871
872 2.31767584499743 8.39950855956257
873 0.634384714588072 6.30283321958932
874 0.0331901626838053 8.12102538829921
875 -1.65383044878823 9.13852263732172
876 0.0431827080114845 8.72669670819699
877 -1.44570615499506 11.8231424572778
878 3.87307051012228 3.06757951754937
879 1.52565521000485 7.26830111542385
880 1.98994857272869 2.71403708200683
881 1.52327325259571 6.64442523938864
882 0.0229150111686805 7.46969383916271
883 2.21757472235544 6.58866583662939
884 -1.55934180116559 10.3025727293185
885 3.24606123472706 3.85221459857479
886 -1.76377828589329 8.05955595737566
887 -1.60386257721158 9.7431484186223
888 0.071858402785043 10.4288693823505
889 0.667213109173116 9.8876589519564
890 -1.44570444927311 11.823231399213
891 -1.60365847377185 9.743198866498
892 3.3953230005623 2.29032010014212
893 1.990354371003 5.79266441903561
894 -1.44583875594264 11.8231024364961
895 1.29833169977943 5.38381369159331
896 -1.60385208924407 9.74315526341952
897 1.51892471407782 5.28434838036771
898 1.53267793782536 9.10480260631364
899 1.0268808627097 7.13625796574062
900 1.29511800906002 4.17423748570372
901 1.85498458475345 5.42439120741551
902 -1.44575350328601 11.8232391488804
903 0.042980716972005 8.72689605213441
904 1.52319204494537 6.6443493993535
905 -1.44581974196818 11.8232511233171
906 -1.44601310278642 11.8230622878735
907 1.5178886403292 4.95686692885018
908 2.63162845120875 6.18092572186327
909 0.627664334373693 5.45164789812519
910 -1.44565039072852 11.8228473473801
911 -1.55954515493157 10.3026341388119
912 -1.5593863203719 10.3026076163516
913 1.04215441538057 9.54823186665776
914 -1.60376827368714 9.74319678631082
915 -1.60378612018686 9.74318818164941
916 -1.67090231558536 8.93710008119492
917 -1.44578747086206 11.8231327370712
918 0.0193856118509668 7.25321399014809
919 3.58647560977421 2.49196901728625
920 -1.55944735490818 10.3026317244688
921 -1.73500368615156 8.20434248183737
922 1.51638263491834 4.37925178513802
923 -1.44589730774992 11.8232146393388
924 -1.445622770429 11.8230030062719
925 -1.44540076112036 11.8226987566582
926 -1.44565620172313 11.8232067850626
927 1.29598597384636 4.65781102235838
928 -1.44560413492404 11.8227466026324
929 0.0718488717193345 10.4288262876908
930 1.70004708870192 5.23982333356775
931 -1.55944633614158 10.3026286546526
932 2.81955843407916 4.96767740172357
933 1.53263312787033 9.10460350892436
934 1.29671016396671 4.92508260012489
935 2.10816949291778 2.92478043751051
936 3.42834594322933 3.1458236048467
937 0.00658213381596144 6.4658347899556
938 -1.65386565259313 9.13844543829507
939 -1.44601689956396 11.8230792897906
940 0.0232288626206936 7.46920601138694
941 3.52512699350941 4.26452349896483
942 -1.70856692707936 8.50434391765714
943 1.2966949492342 4.92494861434016
944 2.63059459188933 5.15607258395167
945 0.071941938069924 10.4285966545317
946 1.70182738774145 5.7982919659752
947 -1.70842819921392 8.50424542409813
948 -1.44561802270199 11.8231272366571
949 2.11534837288121 8.58084889074393
950 2.10754853421204 4.83311220250309
951 -1.44604500017484 11.8230869159734
952 2.87587819659996 4.91149666314859
953 1.29568911145891 4.544186155578
954 0.0718010174436984 10.4291753628367
955 0.0272898550908131 7.74422100679757
956 2.400697846813 3.1089988435176
957 -1.44561734596936 11.8231227037085
958 0.0717600694927882 10.4290682841076
959 1.0268281992646 7.13634167430254
960 0.0330431062547689 8.12117314033141
961 3.12109294411205 4.38373651617307
962 -1.60368139381911 9.74324291168788
963 4.66981212445152 3.51404704218672
964 0.651075289719098 8.12879005903856
965 0.0272963969176385 7.74419428030268
966 2.21398385530868 3.5222071828209
967 2.75971039154508 4.33825564883654
968 -1.65389549933836 9.13847361009022
969 -1.44579599854837 11.8230827684517
970 0.0428215301651514 8.72704697390192
971 2.56339201839113 8.17977087757579
972 2.75957902490894 3.71595382323901
973 2.40101130899472 5.10199366267009
974 0.632568801892223 6.04831012682655
975 0.0228731989071566 7.46971682930964
976 -1.44599413864921 11.8230710197109
977 -1.65374690843374 9.13844981278211
978 0.667230116752255 9.88762040850322
979 3.52655367509514 7.32531212094355
980 3.32494601699641 1.88930606169255
981 1.69862389315767 4.31681585063555
982 0.637876380296588 6.63699534841575
983 0.0718539557026467 10.4289654121857
984 -1.55944353813232 10.3026284971135
985 -1.445608243394 11.8230508989428
986 -1.44569385657395 11.8231694922369
987 -1.44560849604219 11.8231332469151
988 1.98947018276696 5.51201436295852
989 1.52319624471313 6.64434056182573
990 3.36046471163931 7.47211429105821
991 1.3076494599233 7.48316023431607
992 -1.65382682405314 9.13849005529328
993 1.98806377441865 4.69512852676788
994 -1.6037641585593 9.74317241090049
995 1.02481918569407 6.75285703208115
996 3.67216110899893 7.19649003679421
997 -1.4460083656975 11.8230568671542
998 -1.77794071893619 7.72858595890462
999 -1.44560313790133 11.8230607717335
1000 3.61933026396961 1.17447140669089
1001 1.85900950378071 6.94068607912517
1002 -1.44564967292813 11.822916697797
1003 0.0165397142681123 7.07426721425052
1004 -1.73518749694527 8.20453802469148
1005 0.667275027928497 9.88742589365939
1006 0.0332096590535692 8.12115925962112
1007 0.634885005489477 6.30231521109941
1008 3.24671104798337 5.57518685753613
1009 0.0119346394174881 6.78798673669403
1010 1.02172207777412 6.25467786345324
1011 -1.44602368466833 11.8230741478284
1012 -1.44603100848075 11.8230684482671
1013 1.0232061474997 6.47394653792608
1014 -1.44560654188733 11.8231498223293
1015 0.0139534787124912 6.92157839956679
1016 -1.44565079636213 11.8232007176003
1017 0.0718596916668772 10.4288578210154
1018 -1.55937769399605 10.3025861230211
1019 0.0718163864528376 10.4286715885894
1020 0.0166579469650634 7.07415801245957
1021 2.63101320565346 5.54589718121158
1022 -1.44569238974595 11.8231272272808
1023 -1.44562607483547 11.8229717141814
1024 0.634889975171603 6.3023085543371
1025 -1.44588997197824 11.8230801411406
1026 0.636267753443469 6.45645828670437
1027 -1.44568566335085 11.8232261168589
1028 1.29885127954259 5.50411730146343
1029 -1.44573498906098 11.8231451221368
1030 -1.44580379678473 11.8229852806196
1031 0.00162572319163409 6.14563646459422
1032 -1.44590548499387 11.8233730027303
1033 -1.4458292203655 11.8230904256245
1034 0.0718333201622036 10.428824692371
1035 -1.44564723281812 11.823181762264
1036 1.2983171444132 5.38383682355307
1037 2.55881800892233 3.33673611739681
1038 0.0140960462765418 6.92141609475746
1039 -1.4455988098996 11.8230946424305
1040 1.29943844739293 5.63952422290435
1041 4.06893343517569 1.47821235506668
1042 -1.44529286813898 11.8226962725224
1043 -1.44574595056204 11.8232452963768
1044 0.0273154251402824 7.74424016633368
1045 3.42825241664215 4.36122216589272
1046 -1.44561499641606 11.8227890154521
1047 1.5190176652707 5.2843323454
1048 3.35941146087968 2.71971466699033
1049 2.40072534254819 4.87996760729943
1050 -1.44577974642612 11.8231009520289
1051 4.92418779655792 0.156293692764172
1052 1.69943036237214 4.87450493488743
1053 2.55856028692938 4.0160724473257
1054 0.631722339674409 5.94049382731144
1055 3.42849692867365 2.95540981936846
1056 -1.44586414950759 11.8231626790051
1057 -1.6537996908953 9.13849111321594
1058 -1.60384504711981 9.74316321994833
1059 -1.44564978882804 11.8229072062015
1060 0.0428793461357167 8.72699116499017
1061 -1.75560074432312 7.9731474039398
1062 0.0333056499877179 8.12079791262285
1063 2.98076414721286 2.9726805101825
1064 -1.4460060112207 11.8230530602017
1065 1.29831313256012 5.383863111339
1066 -1.44562795554948 11.8228078406968
1067 3.03191745563084 7.7629110036726
1068 0.032901057965644 8.12108914048838
1069 2.63091881568243 5.54612638839045
1070 0.651011065388003 8.12881393992309
1071 0.0718004048351693 10.4292461170016
1072 0.634819450937995 6.30239132147307
1073 -1.44602391828161 11.8230726687928
1074 -1.55944547907083 10.302628825116
1075 0.0718192633932391 10.4288185236117
1076 0.0229203599670152 7.46969985281148
1077 -1.6038420448524 9.74312226817369
1078 -1.44590826508736 11.8231396782747
1079 -1.44568738866282 11.8232183473187
1080 0.0430096511496817 8.72695838869423
1081 2.87543720152998 3.69926775827603
1082 -1.69745380220308 8.62824165545377
1083 -1.63241621473317 9.39358151523727
1084 -1.445868501574 11.8229955420212
1085 0.0229229453693989 7.46969246583169
1086 3.03187419494126 7.76284823700373
1087 0.0423255087649691 8.72802348956978
1088 0.00536050415387067 6.37639922658299
1089 0.0718234163550208 10.4288305792424
1090 -1.55949855074351 10.3022903143408
1091 1.98799200575091 4.48709195387543
1092 1.01880510242297 5.78353821186641
1093 0.0330577792266423 8.12119143974763
1094 -1.44567082338568 11.8231331529739
1095 2.48462589118398 6.32560336372886
1096 -1.69757730839348 8.62837550383927
1097 -1.44604409471014 11.8230960043986
1098 -1.44562822294693 11.8231498764116
1099 -1.44560767500082 11.8231488129462
1100 -1.44564328002601 11.8231321811556
1101 3.55976790716396 1.33413903586552
1102 -1.55951188896202 10.3026327171616
1103 0.626970887727301 5.32642857040778
1104 1.51704981660767 4.70481313208978
1105 1.52189412059251 6.25853309180219
1106 -1.70901649460738 8.50482483505603
1107 -1.44563889116663 11.8232058732214
1108 1.51621803014315 4.27088619789291
1109 0.634423899982767 6.30279673625029
1110 -1.44561503362102 11.8230269121552
1111 -1.44598967566551 11.8230384068399
1112 4.46238150091889 2.10685303139958
1113 -1.71800031019853 8.39380172125556
1114 1.52567453681255 7.26823607876193
1115 -1.68513945029388 8.77049640201454
1116 0.071848340743509 10.4288269661654
1117 -1.7352425305476 8.20459880448836
1118 -1.44602671642537 11.8230774080136
1119 -1.44561517713261 11.8230082472099
1120 -1.44575600518882 11.823052015828
1121 2.98134613261561 5.836608902854
1122 2.76331967186408 8.00174745255769
1123 1.7036431746478 6.46578609584255
1124 0.651064357930898 8.12881418148584
1125 -0.00221871822629541 5.89661136084984
1126 1.02051775982708 6.07342538166462
1127 -1.60382692669586 9.74314922677233
1128 0.0229827398250404 7.46960652224376
1129 -1.44587469950645 11.8231160448907
1130 0.0232497060364964 7.46924372307942
1131 -1.80829192677906 7.40161307446926
1132 -1.44562209256614 11.8231627363338
1133 1.0195984543385 5.91864150661881
1134 2.22120786142916 8.48582918039651
1135 1.01227677108694 4.07923408435244
1136 0.0718083262991541 10.4290755242448
1137 -1.44561317061283 11.8231631628096
1138 -1.44562505941701 11.8228678070969
1139 1.04209083768268 9.54813742783809
1140 -1.68522513960834 8.77056713786327
1141 0.0228932224823203 7.46968901750075
1142 -1.4456170687455 11.8230123134063
1143 -1.44563591394383 11.8228205569461
1144 1.02312504062264 6.47411422682955
1145 -1.44562990130725 11.8231836431242
1146 0.642283980749363 7.13278503747518
1147 -1.44600637639566 11.8231030594382
1148 1.99721873679023 8.68648237826403
1149 -1.44561557635238 11.8231194698543
1150 2.98067066555475 3.09915479127804
1151 -1.44561491153865 11.8230047527202
1152 2.81922425870287 3.40285234768337
1153 4.57764627704954 1.71579224098646
1154 1.0196081728144 5.91871286982726
1155 -1.44562501938722 11.8231072181161
1156 0.071890126802071 10.4285266273605
1157 -1.44562951266275 11.8231717568296
1158 1.04225833511568 9.54804357705607
1159 2.11096937472194 6.69307012531608
1160 -1.44600739344615 11.8230553438905
1161 0.00660332087080415 6.46582103141914
1162 0.00662082253648963 6.46580238178032
1163 -1.77342667225525 7.78527765045994
1164 3.24610368558346 3.22909802897162
1165 0.0429377532583413 8.72714376336983
1166 1.85378002856591 4.82927812668917
1167 0.0429660559891003 8.72688178524603
1168 -1.69765316235043 8.62845446439033
1169 0.0718092257916971 10.4290623341014
1170 -1.4456002582728 11.8227094531075
1171 -1.6324783725835 9.39365913342496
1172 3.02969232949451 2.86540111079269
1173 -1.44569082998973 11.8230135484912
1174 -1.44600847629709 11.8230547095589
1175 -1.44565155495578 11.8230979470782
1176 -1.63248775080956 9.39366744873096
1177 1.69811457641417 3.69372640417346
1178 0.0718632323165902 10.4288913639247
1179 3.80081998753131 3.98931941474284
1180 -1.63244291246165 9.39361351552707
1181 -1.44558814720464 11.8226893803682
1182 -1.44578079396198 11.8232145743782
1183 0.0428620765842758 8.72705927545974
1184 0.667398616806681 9.88795522754769
1185 1.85315596198924 3.57684492581941
1186 -1.55934732642087 10.3025152922458
1187 0.623919296993129 4.88580478508526
1188 0.0428644949442029 8.72748358642136
1189 -1.44593597608663 11.8230373282012
1190 0.667210007959537 9.88808516305118
1191 3.03003370116176 2.70521885519298
1192 0.630140887258262 5.75270521463464
1193 -1.44562809237405 11.8229632314311
1194 0.0329815002069332 8.12114588729701
1195 0.00149940067189499 6.14559664785538
1196 0.650963784326934 8.12886567581742
1197 1.71142870826594 8.94328084048113
1198 0.0332216015736413 8.12099617006291
1199 -1.67092034186164 8.93711793926905
1200 0.627195831609864 5.3873268234438
1201 1.70185260925852 5.79820104716427
1202 1.01583122957797 5.20554606333938
1203 -1.4454996490284 11.8227411508784
1204 -1.60381122132832 9.74315392321406
1205 1.03029906966986 7.75691401219697
1206 0.0718450492534678 10.4290296482535
1207 1.30168268253236 6.19683377324162
1208 -1.55947946211553 10.3026331480311
1209 3.64516448334111 1.86185077859018
1210 1.02167905458751 6.25476479322011
1211 0.637989150614962 6.6369939925482
1212 -1.60383530695753 9.74311833311427
1213 -1.60381477972714 9.74314638441718
1214 1.01469094415963 4.9390323857323
1215 2.48263226189609 3.30421921180343
1216 -1.68559844502506 8.77093315337374
1217 2.1069533977057 4.36837147647875
1218 1.29828779742198 5.38388779906687
1219 1.02679849915766 7.13625136496041
1220 1.70003458417578 5.23983660783756
1221 1.29884393871679 5.50412961107893
1222 2.40015279638693 4.07550899304547
1223 3.02989374629535 2.75628006039724
1224 0.667276187929623 9.88786159365282
1225 0.0718473167706964 10.4287862054594
1226 0.0101027188833185 6.66946354394265
1227 1.01750151679654 5.55546386220434
1228 -1.44564676307908 11.8228870584991
1229 -1.65374906708072 9.138451410768
1230 -1.44562191059533 11.8229207957648
1231 2.63021162441435 3.15648788449334
1232 3.24622722501019 3.2289793031038
1233 -1.44594178809678 11.8231682944181
1234 -1.44560921928023 11.8230541655989
1235 -1.44566511366082 11.8230289850073
1236 -0.00783139921192345 5.51716349159101
1237 -1.65383697210067 9.13853049588941
1238 0.636242654612393 6.45649514462165
1239 -1.65386936512585 9.13844918956925
1240 0.667389958850725 9.88794478312873
1241 -1.44564776799836 11.8228460295041
1242 0.042741582576366 8.72749193493975
1243 -1.44550520930518 11.8227509166422
1244 1.29757713849057 5.17698626958154
1245 4.63089085473655 2.46230290094032
1246 1.69807726718156 3.8119596762885
1247 -1.44603498555724 11.8231076234602
1248 -1.44587028147492 11.8230561993036
1249 -1.60385117246255 9.74315966072111
1250 3.12115084923715 3.45341480316425
1251 2.63056550839493 5.15606961071516
1252 -1.68540087843996 8.77071463178176
1253 0.0118135387129107 6.78820656416191
1254 1.30102261620821 5.97602768275684
1255 1.02177761737676 6.25462892480145
1256 1.7114955163564 8.9431144677599
1257 0.639971399042239 6.85535856784665
1258 0.639926570839388 6.85538879166679
1259 -1.44586483796541 11.8233200080166
1260 0.0718689654441815 10.4289840097415
1261 -1.63243981992349 9.39360835992558
1262 0.042793068006545 8.7270849138724
1263 -1.60382282617363 9.74319670883358
1264 0.642399632970201 7.13291520752168
1265 -1.44565376555512 11.8230392657156
1266 1.02175324584945 6.25465688907315
1267 -1.44530302883786 11.8226829690396
1268 0.0331665854476894 8.1210053235705
1269 1.01878652317898 5.78356673835055
1270 3.52523307274343 4.2645239792746
1271 1.31632872643923 9.29938299620689
1272 -1.44567978580592 11.8231133430578
1273 -1.55950188003872 10.3022989976045
1274 0.0165297488656474 7.07427679672716
1275 1.29694569192174 5.00281498548406
1276 -1.67096620910322 8.93722911243321
1277 3.24610619169769 4.25905948706832
1278 0.0230490461576523 7.46946732540797
1279 -1.44563927543285 11.8228260087209
1280 0.632546183544185 6.04836443119542
1281 0.0717891446391693 10.4292430136525
1282 -1.65395145366942 9.13862420233859
1283 -1.44559944134372 11.8231512202304
1284 -1.446043062961 11.8230981007268
1285 -1.4459349933499 11.8230896582851
1286 -1.67074766914657 8.93691945285493
1287 0.638049882730072 6.63689746579134
1288 -1.68504098217207 8.77027947235953
1289 -1.55937446285879 10.3026015908642
1290 -1.67084388221934 8.93700450698836
1291 -1.55952375009138 10.3026368066809
1292 -1.44563202410158 11.8231277929164
1293 2.40599473099352 8.32030504917427
1294 -1.44571980822089 11.823215501417
1295 0.02303826957538 7.46949195338676
1296 1.69880720154734 4.44991293114154
1297 0.0719003817423962 10.428548579756
1298 1.30477380778346 6.86069629538101
1299 -1.44596413408413 11.8230627815987
1300 0.0273084038895269 7.74415450471006
1301 0.66728855886258 9.88735212546718
1302 -1.55929868108813 10.302385676397
1303 -1.60386907582755 9.74312897578168
1304 0.0718115020871063 10.4289005019561
1305 -1.60385808089463 9.74313110408368
1306 3.82539101045975 4.35840506986732
1307 -1.60376088794046 9.74318640982006
1308 -1.69752078682004 8.62831393923784
1309 0.022884142012587 7.46970201624583
1310 1.02056365285337 6.07338963954367
1311 -1.44562806678374 11.8231809351462
1312 -1.44571124820207 11.8231613289823
1313 -1.70837933931836 8.50420031195915
1314 -1.55948347484729 10.3022698900601
1315 -1.63244517610586 9.39361517042867
1316 -1.44597391988721 11.8230785562848
1317 3.35976851735702 2.53435902348031
1318 1.02167390590182 6.25481011372413
1319 -1.55948655226574 10.3026338087984
1320 -0.00303163582137942 5.84188984379495
1321 1.29584938010542 4.59963085076614
1322 -1.55941373748252 10.3024578934271
1323 0.645098653583741 7.51504540996561
1324 -1.4456250439324 11.8231608645611
1325 2.75964252158447 3.38912700965078
1326 -1.68512525243389 8.77048258522808
1327 -1.44591327859854 11.8230851503437
1328 2.31111629284074 3.7691868896682
1329 -1.83200775216983 7.14917462890419
1330 3.91948374321801 6.97904720436357
1331 -1.44564595443067 11.822840094327
1332 -1.63249177087604 9.39366282139958
1333 -1.69755660196251 8.62835350815025
1334 1.51929593298757 5.41996348282981
1335 -1.63251707477824 9.39366204712897
1336 0.0718527342107873 10.4285074420787
1337 2.63101531756653 5.54589149671252
1338 0.642378834685798 7.13281244327246
1339 1.01651226715376 5.36691791132293
1340 -1.55932335462989 10.3024638229248
1341 -1.55941637292756 10.302615904313
1342 -1.63253164288722 9.39370520881621
1343 0.0718317796241452 10.4287660821231
1344 1.0303732528593 7.75665260350774
1345 -1.71810119669437 8.39388772784201
1346 1.85454743784736 5.08556849741302
1347 -1.44563525249132 11.822928441759
1348 2.48283894661733 4.7980726761572
1349 0.0718137360922017 10.4288734613625
1350 -1.44553151591756 11.8227640558672
1351 1.29631306223938 4.78362124495243
1352 1.01580946412767 5.20555601407465
1353 -1.44581850289393 11.8231780868045
1354 -1.60386587990945 9.74312703260595
1355 -1.55938289558039 10.3025490083989
1356 0.651002465710802 8.12882793580846
1357 2.21483842810055 5.0657353497513
1358 -1.4458682032768 11.8230547868135
1359 1.02168365090164 6.2547459169439
1360 2.4001548939568 3.61533572822493
1361 -1.60386085620443 9.74315750227448
1362 0.6300389025836 5.75281718402752
1363 -1.44561318538287 11.8231593747126
1364 -1.76217434198134 7.90702357306247
1365 -1.55950141382898 10.3024066712267
1366 -1.55954857940275 10.3026289224612
1367 -1.63257047883677 9.3937464667943
1368 0.0718257601486933 10.4287150902384
1369 1.29874758731823 5.50415622753733
1370 -1.4460182775038 11.8230669842639
1371 0.636384290647522 6.45633516015892
1372 1.51935812736433 5.41996204948509
1373 0.0228892910833605 7.46973096384295
1374 1.29648781918972 4.85208741427703
1375 -1.63243049127636 9.39359751099901
1376 -1.44561899576634 11.8230926365545
1377 -1.44562051778483 11.8229078208718
1378 0.0425985464207106 8.72746843142942
1379 -1.63247747185596 9.39361990914857
1380 0.071856924801422 10.4288764659047
1381 0.626450528984957 5.26850449024105
1382 -1.60386859912459 9.74313493532816
1383 -1.69760572277852 8.62841786926901
1384 1.29500821110054 4.02388011268474
1385 -1.55950974969742 10.3023084877713
1386 -1.44553273277397 11.8227070723912
1387 0.0228766226734737 7.46973395098415
1388 -1.65384421855496 9.13852752128961
1389 1.30090563975267 5.97647264529052
1390 2.6983004970265 6.11518758925712
1391 -1.4459963034246 11.8230434652907
1392 2.48230750967091 4.09232908155388
1393 -1.5594562136553 10.3026300980531
1394 1.01704095038935 5.4570922684016
1395 1.02697745842457 7.13631074070419
1396 0.0165438726118099 7.07428004710286
1397 -1.44564051649048 11.8230317801452
1398 -1.44560632342832 11.8231798957373
1399 2.55985599246981 5.61636948760608
1400 -1.44565133769767 11.8229380153379
1401 1.51758697488061 4.86644449707285
1402 -1.71814021548367 8.39377994324548
1403 0.0230000242987869 7.46958835301134
1404 0.642274463539987 7.13277822476374
1405 -1.44596940768454 11.8230826661561
1406 0.63792915673338 6.63710429364822
1407 -1.71835464715954 8.39417868299399
1408 1.98752832999762 3.8526857961796
1409 0.637947346298319 6.63697822315782
1410 -1.80840884342388 7.40168892959462
1411 1.85302443278072 4.36914813465776
1412 -1.68520707625711 8.77054276957583
1413 0.631830496991471 5.94052971392975
1414 0.63170386524043 5.94055655138034
1415 0.0429617834195468 8.72713688890533
1416 0.0429085027088044 8.72696083906654
1417 0.0719428461006566 10.4285998543185
1418 2.7603142311211 5.41745776103081
1419 -1.70823434693766 8.50405945039418
1420 0.640015834656771 6.85537760133825
1421 1.01805525588326 5.66358441584988
1422 1.29938791898246 5.63944591694919
1423 1.01872018455812 5.7836466444752
1424 -1.44601191213868 11.8230605075298
1425 0.00389948472254356 6.29415815538936
1426 -1.55950018136414 10.302636245137
1427 1.85326860734905 3.5015253694223
1428 -1.44569524219405 11.8231482898812
1429 2.81901356748551 3.98602242060633
1430 2.10677580850662 4.19356034533926
1431 -1.65379720324486 9.13842307751096
1432 0.634717065621849 6.30248596571049
1433 -1.44564640508358 11.8230432916225
1434 -1.55940518683467 10.3026154262594
1435 1.99034093965757 5.79269341967057
1436 1.51975258966978 5.57550826426885
1437 4.47681921879761 2.6176717050496
1438 1.29757312968917 5.1769855387279
1439 -1.74985103227085 8.04513401296328
1440 -1.60380688466028 9.74317501787803
1441 1.29938887364741 5.63943841871884
1442 0.667265453600899 9.88743242614784
1443 -1.44573716650354 11.8231259226267
1444 1.02170962099508 6.2547019775108
1445 1.8546376189349 5.08538076720091
1446 0.634918232024515 6.30227791987133
1447 -1.44562400337385 11.8231473429171
1448 -1.44597793416054 11.8231491676177
1449 0.013977945008024 6.92155583506277
1450 -1.55945824579236 10.3026273437938
1451 0.0272799001131848 7.74423363441521
1452 -1.44563060540002 11.8229520510806
1453 -1.44547613548311 11.8227070928529
1454 0.0718729524897859 10.428516659349
1455 3.03196406335459 7.76295627010719
1456 0.63752299371199 6.63735899668463
1457 0.0195954923039898 7.25298606201636
1458 -1.60386886785755 9.74313641429662
1459 2.21395853874381 3.80155687825364
1460 1.30281274185361 6.47677534644723
1461 3.77901115182899 1.5009940259605
1462 -1.44603595556325 11.8231022485177
1463 3.89623602364068 2.78562180193165
1464 -1.44580830252031 11.8232603267067
1465 -1.44589585739286 11.8230343018183
1466 -1.44564439137537 11.8228489249786
1467 -1.44561158355954 11.822780274138
1468 0.0719390232954551 10.4285908212165
1469 -1.44561612712792 11.8231503901564
1470 -1.44563389381785 11.8228134140833
1471 -1.6973798984335 8.62817313002694
1472 0.634850034630227 6.30234936428155
1473 0.0167476539241407 7.0740702365504
1474 -1.44564992131406 11.8228881242683
1475 0.632730480048423 6.04814982270814
1476 0.639798409093874 6.85568101979685
1477 0.642396226846207 7.13290981201337
1478 3.35898601010205 3.02487700396169
1479 3.89930382040725 1.28012897078275
1480 -1.44546855299352 11.8227208641811
1481 -1.4456739991302 11.8231683369565
1482 0.628160741003882 5.51969752127595
1483 -1.44602116061543 11.8230690379332
1484 -1.5594802812286 10.3022687436213
1485 0.0718010761874435 10.4288828748547
1486 -1.44564595948464 11.8228820825766
1487 0.633732876475127 6.16776449787611
1488 -1.55953699733578 10.3026369390982
1489 1.85574716085906 5.64511146019355
1490 -1.55951558250041 10.3023604164945
