"node" "R" "H"
1 1.67719971324506 4.8242919729202
2 0.376849666210269 4.9738280643929
3 -1.99404086959186 12.6046135260479
4 -1.99354944392391 12.6048201701438
5 -0.590337620673785 8.64903050836815
6 -2.09334566862068 11.1181565300647
7 -1.99395083209844 12.6045927916291
8 2.24543997242585 3.92555095623459
9 -2.21802476509086 9.43426142579929
10 -0.611643694146949 7.36574743697913
11 -2.0932461028187 11.1183416522028
12 -0.590242670325088 8.64892532268222
13 3.07821012901659 3.34978138688072
14 2.53885818409962 2.36940950246387
15 1.92639437568863 3.14845303165344
16 2.49357923877987 3.56684615236983
17 -0.57431522821973 9.62388724505466
18 2.12848617206377 3.73706486880585
19 -0.590253963550985 8.64893846615406
20 -2.26577248624166 8.84089118894592
21 1.57910879921898 3.86644051648592
22 0.881561786546678 5.41013149489283
23 3.55168367535586 2.18317158359509
24 2.80461776013364 3.30962807464704
25 -1.99365595892033 12.6047474948148
26 -2.09329678483312 11.118235724196
27 2.29964278667469 4.28192121582063
28 0.00402389587892227 6.96042751225086
29 2.35171427142571 3.09371666370997
30 -1.99384080573182 12.604681198522
31 2.9942827100607 2.55223151697941
32 -0.598709140835733 8.15828888711078
33 0.0231622391579252 9.0360635659756
34 -0.583865199893937 9.02378563953173
35 3.25577589617215 4.31644026577037
36 0.00400579687179431 6.96050664147373
37 0.0383010125479374 10.7322343012236
38 0.0385712219093154 10.7323068985908
39 2.49669055572728 8.5063113716412
40 2.53984072915176 1.99059055378436
41 0.00942447063311579 7.55251484057486
42 0.883589635941379 5.97302961462701
43 -2.17842184023113 9.95058665454589
44 -1.99352304788624 12.6047947633583
45 0.672567299284835 7.77743376659643
46 2.24588295712705 2.90604810099087
47 0.0231542099273161 9.0361173870245
48 -1.99381823668849 12.6046849893378
49 -1.99391483973279 12.6047414260473
50 -1.99353794879924 12.6048040494803
51 -0.548132149638242 11.26992264371
52 -0.548445350014329 11.269834467002
53 1.06927182085517 7.38629355039778
54 -1.99388414940846 12.6045080040455
55 5.31718517040798 -0.914865638299872
56 -2.44023386630406 6.88488114567244
57 -1.99389600187922 12.6046559004797
58 -2.17833330359422 9.9504693977459
59 -0.548095403793136 11.2698358401491
60 -1.99376447665525 12.6048344822626
61 -1.99358427771528 12.6052999178911
62 0.0385209474275739 10.7323556795634
63 -1.99363997740229 12.6047055331975
64 0.669403567881441 7.39730013470615
65 2.73531585885856 6.36915805985262
66 -2.13327703866261 10.5590839479606
67 0.038497576478525 10.7322776890276
68 -2.30148858031744 8.41204112010776
69 -2.13340094381807 10.5590937769448
70 -2.28779691840991 8.57569658385549
71 -1.99371763078911 12.6047117861108
72 3.64545587068291 1.09004963383096
73 0.384542477636232 6.37135648995745
74 -1.99364742893043 12.6047403478506
75 3.08096981841436 1.61641859165212
76 -0.574382676335406 9.62394050979531
77 -2.13328086150864 10.5592462566883
78 2.24982989747843 8.72788187198095
79 0.386033501807025 6.57928285412638
80 -2.19394701522028 9.7469657270604
81 0.011546330113126 7.77104784311437
82 0.658970751578763 4.92386258760223
83 -1.99396782638646 12.604609098598
84 -2.206791589433 9.57842075953858
85 3.27928903135219 3.14838054059867
86 0.410034391947471 10.3927537624599
87 0.884391794467418 6.20375627066749
88 0.683123866528714 10.1442027875464
89 3.15779015192495 2.7528167183325
90 1.35164377579315 4.09402769430135
91 -1.99353646032102 12.6047990241079
92 -0.590200154220449 8.64891223335897
93 -2.13351265638734 10.5591141691385
94 -1.99361136216317 12.6047719177962
95 0.019035047659955 8.42549076625088
96 2.00337282116817 8.94939918946577
97 0.891831053869388 8.18231738164227
98 -0.594979786680282 8.3749137628054
99 3.85989065784311 0.498473677534843
100 1.06217660153356 4.67445339575149
101 0.657286331816503 4.12263964792205
102 3.41157740714551 4.38496361629143
103 -2.1938617965086 9.74694254399623
104 -0.548401749919816 11.269845959627
105 -0.54835181140257 11.2698449374771
106 -0.548045483594002 11.2698303239753
107 0.410069954537528 10.392734448705
108 -1.99407676740367 12.604677227643
109 1.67658856844092 3.90663913576045
110 -0.583705007841716 9.02381978698294
111 -1.99394134981303 12.6045634554921
112 -1.99355732889948 12.6047862049303
113 -0.618074504909609 6.97364072094715
114 2.53781309574483 5.25633903711764
115 2.90320410923761 2.83306470231452
116 -2.09354959770118 11.1181525757644
117 -2.30983866683412 8.31510482220299
118 3.05385132243857 1.4935057136982
119 3.66123756712992 1.81476008715361
120 -1.99392968109302 12.6045695044337
121 -2.23687172101075 9.19623985473619
122 -1.99396020084768 12.6045577826697
123 0.011550491987933 7.77103847266861
124 -0.627194861939096 6.4042184954445
125 -2.17829397992925 9.95043766790582
126 -1.99401419357178 12.6045362852968
127 1.36314530886791 9.52686336556603
128 -0.574385103152611 9.62394650938506
129 -2.09334188611479 11.1182394156709
130 1.9283581195886 6.53435671997065
131 -1.99424852490914 12.6047034087527
132 -2.28771606542427 8.57546160505311
133 0.0383483552087588 10.7322888023807
134 -1.99354475865142 12.6047680712825
135 -1.99403589149877 12.6045978266075
136 1.06609707966934 6.3161378108071
137 -0.627224994868166 6.40420218856306
138 -2.26574394116418 8.84089035977021
139 -1.99428218693934 12.60440148218
140 2.12857550969849 3.49135908390948
141 0.0231611398487892 9.03599749562462
142 0.00772523139302808 7.37134548174986
143 -0.59012362977809 8.64883015570643
144 3.71625082247381 0.474018431119369
145 2.69987602770342 8.3245759397475
146 -1.99386668559797 12.6045650777926
147 -2.19386142823058 9.74695049884304
148 -1.99356745216544 12.6047608366693
149 -2.21801776864064 9.43432142336425
150 4.04349202406019 1.15856058956803
151 -0.624090871377334 6.63098184633137
152 -2.13326001986475 10.5592587688121
153 -1.99415817240871 12.6046730244187
154 3.62538312163694 7.50043648243342
155 5.81260738342286 -0.621031553006577
156 2.53724598163674 3.6336277269134
157 0.00615871295158996 7.21641417690231
158 -0.574403320482275 9.62391143356451
159 2.5379446996328 5.53977738669244
160 -0.620108820581527 6.91009757831541
161 -1.99379089490193 12.6045606258429
162 1.35239305297425 4.9396729418434
163 -2.15915429236927 10.2078340848093
164 -1.99386957279708 12.6045122033096
165 0.882678368830107 5.69747325092155
166 -2.09296798556379 11.1182722705811
167 2.58006776834626 2.83280566521493
168 1.35205191141732 4.60689146364771
169 -1.99401386133912 12.6046232751782
170 3.84003186373901 3.95708305213191
171 -0.54821377811583 11.2697761398933
172 3.474059536467 2.14398757805043
173 -2.09328946087829 11.11825206958
174 -1.99375345247198 12.6046098973389
175 -2.13333840572145 10.5591539265435
176 -1.99412377065538 12.6044585558344
177 -2.34685294268827 7.8923334509698
178 -0.598392890908034 8.15779295438356
179 0.00396674350041897 6.96045793897041
180 4.21090283923592 0.502460848469967
181 1.21611182661998 4.07516491598922
182 -1.99363167834793 12.6047509674032
183 -1.9936115124552 12.6047581884455
184 -2.09321194807153 11.1184315732267
185 0.392326593871224 7.39176447611332
186 1.85569970196894 9.08235607059846
187 2.6596652139235 3.03661399001252
188 -0.594859886058507 8.37464042434754
189 4.03056046998749 0.966206371206529
190 -0.608355015168667 7.57151313089322
191 2.62188333144598 2.22007632717596
192 1.35696266897833 7.10123748389751
193 -0.583844181156103 9.02378610015226
194 0.673126901331796 7.77631991164816
195 -1.99350507231978 12.604802740206
196 -1.99384946251499 12.6047079664074
197 -1.99417974611376 12.6047402396117
198 -2.0933075073963 11.1181359099198
199 -1.99351488165353 12.6048060957985
200 0.410155276933067 10.3927085774225
201 -2.09337881673269 11.1182111422915
202 3.054313111932 1.4058737767017
203 -0.574285092277533 9.62393595390748
204 1.92579666891523 3.89544023862648
205 1.47166929359526 4.53690920729095
206 -1.99363265320626 12.6047692242544
207 -2.22795067766305 9.3082704304728
208 -2.09334158161154 11.1181354609986
209 1.3519780246559 4.5592782799353
210 3.62521148633352 2.23844773528588
211 -2.24503648438476 9.09542649872828
212 -2.093570834317 11.1182251393902
213 0.0384598636409784 10.7322068738187
214 -1.99399773583771 12.6045818051201
215 -0.548257856995107 11.2699885681757
216 -2.09331568181372 11.1182560005359
217 -2.31353257241246 8.26942692871579
218 3.105746571862 2.51331982707212
219 -2.38648260254065 7.46004338008633
220 0.884327958672352 6.20363619750193
221 -1.99394895356747 12.6045946825268
222 -0.574279213654902 9.62394451960048
223 -0.631444360922379 6.1431749904377
224 1.84948705400944 3.15215748515571
225 -2.09332626309399 11.1181975838825
226 -1.99370973402334 12.6046449543541
227 0.886955397121782 6.90006914837722
228 -1.99384677745091 12.604647306542
229 2.62055733616811 2.89158333902824
230 -2.09330358183128 11.1181195466661
231 -1.99351309252349 12.6047965879528
232 -1.99391116576332 12.6048314698671
233 3.28056994019452 7.80700318377187
234 -1.99410451307677 12.6047332394749
235 -2.09332443036169 11.118191444596
236 -1.99356938528197 12.604779137879
237 0.0384966300608647 10.7322213708339
238 0.376138016509837 4.77599102313404
239 -2.13353880075387 10.5590296488527
240 -1.99357091775075 12.6048020252098
241 1.47116637142693 3.79114164940741
242 -1.9939518692257 12.6045969276109
243 0.38516267897441 6.47048067946668
244 -2.1332798037442 10.5591245321946
245 1.22487953594619 7.8551023361402
246 0.0383395392004082 10.7322942732756
247 -1.99390231644444 12.6046498181739
248 3.13295879946966 7.93810783737147
249 2.35137702384432 3.87880063783275
250 -2.178345845125 9.95060116438489
251 -1.99396233751024 12.6046096374404
252 -0.548215098369212 11.2698867162929
253 -0.619227982115426 6.90915669748597
254 -1.99360396979079 12.6047631256771
255 -2.09344685356105 11.1182098025758
256 1.35172930115556 4.1957330400551
257 -2.34957154114227 7.86022037259777
258 -1.99376573582979 12.604690124257
259 1.47116824111632 3.735092441958
260 -1.99380363995587 12.6046793587526
261 -1.99393598797724 12.6046041657428
262 -2.19380255781074 9.74698570932733
263 -1.99373023186293 12.6047199057017
264 1.84919469224727 3.62959445658365
265 -1.99345150763748 12.6048566250436
266 -1.99371198401468 12.6046440601011
267 -0.583601947235754 9.02363701126517
268 1.76671886499128 4.66110618116491
269 -0.574273483527375 9.62398041410058
270 -1.99377217582235 12.6045750843345
271 -1.99399237189549 12.6046963496071
272 -0.548230240463996 11.2698668341383
273 0.664591605251481 6.30121716173444
274 -2.15911204757487 10.2078382712418
275 0.889889003897719 7.56272051583309
276 2.84043782261499 8.19924896751061
277 -2.19388098847653 9.74694742867967
278 2.30045571372009 2.79943924037434
279 0.0189106461445792 8.42549732687835
280 -0.583895192217396 9.02390295653884
281 -0.611800881243309 7.36580196263592
282 1.06319877319761 5.2945089717878
283 0.882545350620544 5.69749877085797
284 -2.09298561452295 11.1185913201676
285 -1.99388988197537 12.6046602433462
286 -1.99384569199979 12.6045496526033
287 -0.590193077305097 8.64890294533473
288 2.77136068246424 2.22914101431362
289 -0.00217513261993015 6.23056341672708
290 -2.1938642566507 9.74694224134988
291 -0.548491616896444 11.2697856881921
292 0.898822520865016 9.94805334973234
293 -2.22794937091929 9.30827076963751
294 -1.99420822448289 12.6047160601436
295 1.0647486910593 6.02404043776743
296 -2.3606450751913 7.74047478016927
297 4.18305582896831 2.90710577783246
298 0.00227897288598173 6.75288251070764
299 0.663676359453977 6.09272942082218
300 0.666305728388429 6.71478311332082
301 3.69437700206187 4.38760679173173
302 -1.99348814390403 12.6048581584022
303 -0.606416552874055 7.69080133564053
304 -1.99377244538702 12.6050144225474
305 -2.20678609294353 9.57836740094984
306 -1.99367151343303 12.6046733560663
307 -0.603965830343967 7.82487527138989
308 -2.09328149462383 11.1183315515425
309 -2.15903854591328 10.2077462706212
310 0.674831891569133 8.3945123341271
311 0.395655121144235 7.66752192377263
312 2.35232109274727 5.7246883621898
313 0.385169164969356 6.47049453838264
314 0.0385055524934537 10.7323697295136
315 -2.24510342497213 9.09556445577535
316 1.06375615821763 5.6016001361745
317 0.377279652703959 5.13508455607361
318 0.683046370136992 10.1441652762228
319 -1.99363261683222 12.6046898694091
320 -1.99345687388348 12.6048886793019
321 -2.15912470645489 10.207848880157
322 -1.99364197248579 12.604688749423
323 4.67280789443658 2.29222985473627
324 -1.99383325365906 12.6046560343641
325 -1.99395282047613 12.6046258257629
326 1.47122038837598 4.04138277650686
327 -2.09345118626434 11.1182724680056
328 -2.19379302291019 9.74697586953496
329 0.400187342245829 8.66377561098419
330 -1.99387052451054 12.6045953444512
331 -0.594727811961199 8.37449311963304
332 1.06285407564013 5.10753158307222
333 0.667843320762333 7.11828043724127
334 -1.99377106859951 12.6046932734549
335 1.35425445128701 5.73472251021206
336 -1.99358185128408 12.6047530457543
337 0.886942908566068 6.90005905672875
338 -2.09329497913018 11.1183054812255
339 -1.99386406769079 12.6045433658612
340 -2.13332410582864 10.5591969336581
341 1.06678601562473 6.49901688832365
342 -1.99345777118386 12.6048568737016
343 -1.99377387849016 12.6046839743674
344 -2.24493129430623 9.09525647968579
345 0.00758006389374458 7.3714852864175
346 -1.99345677327534 12.6048629373045
347 2.96515825447592 2.35481605229747
348 -1.99396370436447 12.6049078281105
349 1.35547035157638 6.43375664749601
350 0.380726297252987 5.73270842326821
351 1.84995229434548 5.00801992190616
352 -2.1783363044592 9.95057867369116
353 -0.548416582683005 11.2698303840584
354 -0.548221439547808 11.2699278513399
355 -2.13324737536812 10.5592207804421
356 -2.09326959190593 11.1184791003553
357 -0.606207962390854 7.6906694836376
358 0.0383700189731131 10.7323047501511
359 -1.99358249870209 12.6048035818541
360 0.0383156501280702 10.7323024949005
361 1.47271209253567 5.28513020144353
362 -2.09330384883396 11.1184591457529
363 4.01920663113294 0.0983006732586049
364 -1.99341422151105 12.60489685293
365 -2.1590811311679 10.2078045262134
366 -1.99392402024925 12.6048275075345
367 1.22990426858924 9.64751530273104
368 -2.159114923942 10.207837879459
369 -1.99402579970466 12.6046243734729
370 -2.09321262724153 11.1184747976239
371 2.40127518417586 5.39243627572879
372 -1.99389671291822 12.6045819074783
373 -2.13327071445886 10.5592766629817
374 2.65955789061884 4.43200920929719
375 -1.99436611292387 12.6044776826925
376 -1.99407744862516 12.6045527056537
377 1.76662023729744 3.58427300523478
378 -2.2593079456454 8.91903294428542
379 0.39463770624456 7.66896857909766
380 -0.574366572496148 9.62377265155862
381 -0.60140121877975 7.9783166117859
382 -2.09319314979452 11.1184362509367
383 -2.26570122703846 8.84081106509255
384 -2.193901240826 9.74695196946274
385 -2.19380193865308 9.7469593245255
386 -1.99391863447016 12.6046067616675
387 2.97007070838896 0.924213073791024
388 -2.13336430723062 10.5591935653343
389 2.871559207351 2.60638341811631
390 -2.27159771034662 8.76807377301482
391 2.35178557119957 5.03394170805268
392 -0.547982833003572 11.2699157300785
393 1.47181207981184 4.64241366337771
394 3.37017754396332 2.10689714246538
395 -1.99393317280078 12.6045039103569
396 2.76989694065176 4.08936694918769
397 -0.548010540609699 11.2700555880315
398 -1.99398668400814 12.6049290822954
399 2.49396016641447 2.98459560127414
400 -2.09326310396228 11.1182231409783
401 0.674870603279449 8.39482682594813
402 2.44808164316572 3.61238089399412
403 -2.09331481624332 11.1182249314769
404 0.0384714942597263 10.7324122846739
405 3.7282108609202 3.5011366038802
406 -0.617305694456256 7.04229413321748
407 -0.548028733084501 11.2699181677145
408 -0.548532026352551 11.2698266969099
409 9.73471841225497e-05 6.49970969799206
410 0.378004390610535 5.24149683002002
411 -0.548244176977781 11.2699257796641
412 -1.99438162244348 12.6045882234653
413 -1.99383991706118 12.6046788404192
414 -2.13332302530472 10.5592656713377
415 0.00772499482570215 7.37131295736694
416 -2.2279652695558 9.30827662050169
417 3.25886842605826 1.36125523507984
418 -0.00305138218006641 6.11605133914188
419 -2.15906306348484 10.2077770980854
420 0.0115000082003924 7.77109298711455
421 -2.19387597887986 9.747015573566
422 0.00623808514313727 7.21648494872497
423 -1.99376181327212 12.604584027633
424 -0.574289797182716 9.62390530914173
425 -1.9939832249181 12.6045820113901
426 0.0190639831232067 8.42539087515342
427 0.38789800460896 6.83563711262583
428 -2.21805597619031 9.43442996710155
429 0.410096694073414 10.3927328184232
430 -1.99368811094877 12.6046464603971
431 3.13243190583525 2.37904159082446
432 2.4939102136711 4.59726136935167
433 -1.99362490642198 12.6047405188584
434 4.17249674110669 1.17359160008811
435 -1.99386035909821 12.6045347394181
436 1.47171922034559 4.53708876972636
437 -2.09333736470471 11.118076368683
438 0.882879128631548 5.78210008043991
439 0.019021917861011 8.42524408991923
440 -0.59859945911975 8.15808720293821
441 3.36907393002417 3.13280646768433
442 1.85570042981763 9.08237482849236
443 2.0033616139489 8.94948699000395
444 -0.617114202433183 7.04216716877432
445 -2.09319863655029 11.1184035928939
446 2.73471187208418 5.34402605194001
447 -1.99371705811307 12.604716662865
448 -0.601632438657768 7.97866265930815
449 1.67674513721975 4.1443843552479
450 -2.09345089151505 11.1182514645853
451 -0.611651169250465 7.36583249110728
452 0.667712347789008 7.11843589897775
453 2.49386149763878 4.73500510218933
454 2.90978551476934 0.792362494231414
455 -1.99422776709403 12.6047016321707
456 -1.99385525844972 12.6046738838796
457 -1.99354897395688 12.6047997124483
458 -1.99378576808017 12.6046829582766
459 -1.99388288562223 12.6046106688337
460 2.99589479370702 1.82423212287518
461 2.87099751955933 3.24304473970282
462 -0.548260684527747 11.2698567720652
463 -1.99384838238409 12.6046367735993
464 -1.99320608365972 12.6053693457171
465 2.73440810998659 3.17673545224342
466 0.0141069570921168 8.04851499558754
467 2.83957409788345 2.2342244761874
468 2.93637338440846 1.80107942693556
469 0.878265134586199 4.07613785826909
470 -2.13327322890888 10.5591246012522
471 0.410096869127769 10.3928112861446
472 2.44836774980062 3.2481772168546
473 -1.99389820223445 12.6045835433622
474 -2.0932253931074 11.118413577889
475 0.883246172022826 5.87353465424952
476 -1.994127682652 12.6045384131097
477 2.40168262420005 2.62342722229452
478 -1.99348089063257 12.6048450652565
479 0.879591385909023 4.77796492924903
480 3.18292156213347 2.82519209078189
481 -0.00162473537101346 6.29217426598578
482 -1.99392858649212 12.6045962497638
483 4.21956724781075 2.74786377036974
484 1.57936013530494 4.19896367163929
485 -1.99400782985748 12.6044819942894
486 -1.99425106609783 12.6044133117833
487 -0.574299490033294 9.62373706791897
488 0.409971214208672 10.3927851656226
489 3.07915474670287 2.33292486563812
490 3.51302302343624 2.60008619751637
491 -0.574333263039157 9.62385077046654
492 3.21077100504146 1.35431590088743
493 4.29252702839513 0.963989944239349
494 -0.590235487471298 8.64895994754292
495 3.53292311780978 2.08502588511835
496 -2.09319833686302 11.1184251097596
497 -0.548105951929919 11.2698557741132
498 1.35288913436903 5.22783975488512
499 -2.20685177170567 9.57831013668838
500 1.22479072068221 7.8557564478267
501 0.659978540661839 5.20488888858835
502 -2.09328801555822 11.1184777239877
503 0.66253906631179 5.83817344166817
504 -2.19392638200205 9.74697154539303
505 -0.59021893649662 8.64890718922344
506 -2.09324050532442 11.1183856729842
507 -0.590350407472512 8.64911288966179
508 1.47113364845819 3.79111465656963
509 -2.09330608797606 11.118259476753
510 -1.99365778229083 12.6046827854329
511 -2.22808559457394 9.30833705036978
512 2.00295712776965 1.83115949226608
513 0.0384182182455853 10.7321867464744
514 4.08173231314486 7.09697310501171
515 0.378157940956567 5.2791881618761
516 -2.09329677149063 11.1182541309093
517 1.58166880115805 6.20881753368269
518 -2.17831807624753 9.95045257742622
519 2.87102973023684 4.70064041652446
520 -1.99427712157843 12.6043973850771
521 0.0111966389993461 7.77135024203617
522 -1.99371244357161 12.6046889681717
523 -0.547929254458845 11.2698438808452
524 2.06880248056013 2.067232925029
525 -2.15913101700755 10.2078157194763
526 -1.99395766626634 12.6045220358938
527 0.0146809735121463 8.04747982181303
528 -1.99370184646687 12.6046298121987
529 -1.99373986031473 12.6046314862036
530 0.682867471531127 10.1442686564588
531 -1.99383346437492 12.6046498607499
532 0.00603959401079375 7.21662906899437
533 -1.99372514698499 12.6047130824082
534 -0.574309288217225 9.62386382130052
535 4.19642566543122 1.57741840195741
536 1.06200379520888 4.59560570900042
537 -2.13324973447905 10.5590745527144
538 -0.598679129613621 8.15827973874357
539 3.39084136001518 2.61681766525573
540 -2.15907316799256 10.2077936133958
541 0.394771464092789 7.66885711401375
542 -0.548398579938932 11.2698487813532
543 -2.09333172603627 11.1184079248992
544 2.4493489000336 6.01809463509335
545 -1.99363594851635 12.6046907004564
546 -1.99354554741568 12.6047843416988
547 3.88753993462641 1.37087563524266
548 0.898783463374652 9.94807304529534
549 0.672926575866801 7.77692998035413
550 0.886931983005953 6.90008488970715
551 0.410077691277287 10.3927016089712
552 -1.99395122159961 12.6045602363958
553 -0.59034301842455 8.64902861226684
554 -0.574328482221191 9.62389533813649
555 -2.19378998299046 9.74696290733146
556 1.06210228133599 4.6745345141932
557 -1.99390559317478 12.6045176740448
558 -1.99379653581062 12.6046683153806
559 1.06156291402546 4.09066747580678
560 1.35188363845695 4.42631544227197
561 2.69803628083556 2.71461958957625
562 -0.611822580079552 7.36604898601591
563 3.62451402608217 3.2342457898692
564 3.53193052991734 4.94344162325679
565 -1.99391291088083 12.604570228411
566 2.9038661914463 2.32906774975966
567 0.380899346303189 5.78892635619826
568 0.878265713077844 3.70737493418603
569 -1.99382898169042 12.6046574049948
570 3.45459432732164 1.72194174993939
571 -1.99399739097975 12.6046168541717
572 2.77062503795767 5.69953866563389
573 0.379147210872385 5.44141876209952
574 3.0245143942153 1.83850756957323
575 3.07824133141948 3.42401852983106
576 -1.99397881737117 12.6046632680147
577 2.90278753543348 4.32644887210651
578 -0.590199112843678 8.64883735942233
579 3.15757511799843 3.07222944998211
580 -0.595134951326965 8.37487939916172
581 -1.99350015428933 12.6048086630793
582 -1.99393042898197 12.6046033945506
583 -0.608283982694215 7.57146217249013
584 -0.574273674683673 9.62396316218007
585 2.66079388355826 2.33981329677279
586 -1.99393859294387 12.6046000357808
587 1.06388904796044 5.79315073779579
588 2.13098263794357 6.96296099583623
589 1.99754482539622 3.96154280131566
590 -0.611809421290591 7.36579901751143
591 3.64230235940978 3.32611939379987
592 -1.99366538081112 12.6046613398621
593 -1.99355673511528 12.6054138389078
594 -1.99350711869505 12.6048242802805
595 0.0384426791226869 10.7322026588275
596 1.76634952255282 4.14502225885839
597 0.393083405395787 7.39074084595705
598 -0.583790151462758 9.02374554208495
599 -1.99395490767369 12.6045962421583
600 0.664581539129997 6.30121754695809
601 -2.09346637797993 11.1182067253923
602 0.660958779889801 5.45265878289507
603 1.58437421643943 7.50157261556483
604 2.2477996504854 2.24803579247546
605 0.00622754083787972 7.21637002560116
606 -1.99391557760599 12.6046168286572
607 -1.99349607818478 12.6048222475721
608 -1.99373928312579 12.6051192458302
609 3.37023652737649 7.72735951433041
610 -0.62302206841766 6.68156254103854
611 -1.99346322731934 12.6048484330164
612 0.87799286415111 3.88137290094663
613 -2.15913047492001 10.2078497481051
614 -2.19382917545427 9.74701207151324
615 3.02507078067944 1.67247464771284
616 -2.09344790897483 11.1181815649245
617 -2.25240874882109 9.00337348896416
618 0.373830454416163 4.03810316247826
619 -0.615737937653231 7.11468913568763
620 0.658324688862248 4.69239178510504
621 2.40419003589962 8.58927786555091
622 0.395144188152167 7.66824729302432
623 3.45297009918248 3.21347623604908
624 -2.09334263933573 11.1181632484231
625 0.0189219765502976 8.4255808496951
626 -2.2279491016531 9.30825373244005
627 -1.99348012216479 12.6048659099234
628 -2.09312535404203 11.1182514721156
629 -1.993665789533 12.6055864393217
630 -1.99351400765775 12.6048050502516
631 -0.00727109979013574 5.51945841926364
632 -0.548229373113529 11.269971173594
633 -1.99387001274252 12.6045775626235
634 3.36889131496547 3.38975433508103
635 -2.20679740315243 9.57853209445383
636 -1.99360062271256 12.6047703076388
637 2.30009883370516 4.92822387502789
638 -1.9937188954871 12.6046797602929
639 -1.99397869972902 12.604584968014
640 2.65937931638083 3.9222629748741
641 5.45070075209359 1.03746502382822
642 4.41354660984477 1.75259335715689
643 -2.13325447151352 10.5592001378102
644 3.87412369871336 0.725423783453931
645 0.661584509734188 5.62974964351849
646 -2.15915658185554 10.2078161736857
647 -0.630134636493913 6.24897527326204
648 1.06499353072051 6.02360918860842
649 2.12984918074761 5.94593754660846
650 3.34703938966156 3.74469054141392
651 -1.99358369614617 12.604765465146
652 -2.27172123387139 8.76820054073601
653 0.395399126937662 8.05338629421633
654 -0.548187012309799 11.2699201394085
655 -0.548021625911535 11.2699214436311
656 -1.99387047842028 12.604518129335
657 -2.17834535758658 9.95056015867142
658 -1.99383576983708 12.6045317655064
659 -0.00155991466312939 6.29226921570077
660 1.35213685755955 4.76193112397093
661 1.06321704265484 5.60193325721251
662 2.06645009755464 5.72555452419237
663 -1.99380646213828 12.6045501584968
664 3.76299356421964 1.43998373602908
665 -1.99366007291195 12.6047299296431
666 -1.99358907481677 12.6048146008478
667 -0.59874144253715 8.15805448877044
668 -2.17834833617242 9.9506071356009
669 3.43413622514656 1.74250573991954
670 -2.09336152643613 11.1182770133534
671 0.891878257665952 8.18225112439542
672 -1.99396050972436 12.6045693948134
673 -1.99404028624071 12.6046942383131
674 -0.547945431406641 11.2698056203159
675 2.73576004039814 2.19488196881865
676 2.80645092528745 2.10133394623931
677 2.65978743098647 5.13517714011443
678 -1.99387973561507 12.6046311392571
679 0.887522487961029 7.18075244280216
680 -0.574302438892058 9.62390562462737
681 0.00500761878951791 7.08097528751617
682 -0.548277157671462 11.2698719712387
683 -2.20687969342808 9.57835330134297
684 -0.583749690514259 9.02373919555031
685 -2.22800522382855 9.30829548937555
686 0.038594924909995 10.7322619129285
687 4.08142577637755 5.04236147960482
688 0.879555233936736 4.74028698008303
689 -0.548144080082808 11.2699771900793
690 -0.547991518995497 11.2699203781836
691 -2.22794968394492 9.30826848505245
692 -1.9937036656144 12.6047102548601
693 2.87096519993815 4.51604806584758
694 -0.615833241557303 7.11482566100237
695 -1.9940610406418 12.6044427295162
696 -2.09335299245838 11.1182783905298
697 -1.99408145927559 12.6046629551145
698 -1.99391851987947 12.6046538411586
699 1.06209514102779 3.82468891064353
700 -1.99373488666793 12.6047080538001
701 -2.09330850270441 11.1182385873394
702 0.000168225789820815 6.49969337121013
703 1.84927859459462 4.06212357866025
704 -2.0931591888185 11.1185069771491
705 -2.09326595617114 11.1183045238948
706 -1.99346834362154 12.6048475860138
707 -1.9939949874484 12.6045853674434
708 -0.594733796635749 8.37459761651291
709 -2.13325393249151 10.5592414802572
710 -1.993990760963 12.6045878941614
711 -2.2927231801953 8.51841667266588
712 3.30210984367864 3.92746550159527
713 0.392911501701324 7.39101821002187
714 2.12880932662216 4.83985402198438
715 -2.19379334602834 9.746929566486
716 -2.09334305316166 11.1181198047169
717 -0.548187658579959 11.2699625393073
718 0.0385452446469336 10.7322471161717
719 -1.9939865043761 12.6046946348246
720 -0.574288776540414 9.62385802366522
721 -0.59857735680144 8.15794413404438
722 -2.1590717953914 10.2077858990325
723 -1.99400831652268 12.6046521665488
724 -1.99402394145117 12.6046067467004
725 0.00221918313014115 6.75297057933051
726 3.66134628954123 1.68696129515053
727 2.83834564262652 3.07273874767891
728 -1.994037926033 12.6045067370947
729 4.97019989380853 0.0953913657277829
730 1.06728762964677 6.72044655854507
731 0.666335649112557 6.71473452843369
732 -2.13349636978712 10.5590453187219
733 -1.99388580233139 12.604517002787
734 -1.99343130845216 12.6048851005836
735 0.00220898903411032 6.75296955540002
736 1.21712329232442 4.79130694741024
737 2.06503706881963 3.67184568293612
738 -0.548248955335915 11.2697536620496
739 -2.20678607547696 9.57848932215579
740 -2.09330467090572 11.1182425655732
741 4.18354049699774 2.10577683024869
742 -1.99362291117314 12.604735870332
743 0.660957169380932 5.45266818529381
744 0.0232026182708132 9.03587873520094
745 0.0232108172367116 9.03587497422247
746 -1.9943748220042 12.6044673023066
747 -0.610088933108858 7.46373976449296
748 -1.99400721402161 12.6046086502423
749 -2.17833125979162 9.95051005549799
750 -1.99420853279171 12.6047252339638
751 -1.99371682005899 12.6046320794759
752 -1.99409012395281 12.6046687980737
753 -1.99403152572402 12.6046146633673
754 3.59129708350785 1.16451502377552
755 -0.632886669948885 6.04533593540138
756 4.34716837030568 2.31607572798754
757 -2.09321796460142 11.1183862920923
758 -0.548209079047494 11.2699059699792
759 -1.99409810343593 12.6047422656164
760 -2.19379544526176 9.74692879269613
761 -2.13336749705378 10.559192978294
762 3.51555394156031 1.20039448346157
763 0.885330477911675 6.49647312995479
764 3.20749560318444 3.65153245897318
765 0.374472706004539 4.28622156186242
766 0.667609317824049 7.118612871794
767 3.0225606572569 3.64445142987437
768 1.06420815761791 5.90264601801316
769 -1.99390013296766 12.6046210797098
770 -1.99386912540187 12.6045332680041
771 -2.13350052425651 10.559038986484
772 1.21729167723173 4.84300318663439
773 2.40198240237641 2.50646179670522
774 -2.15915113407958 10.2078633678862
775 3.08037265363414 1.76086094447775
776 -0.574310937682594 9.62389200340311
777 1.47116479607452 3.8495383982021
778 1.67669352137752 3.98114274785863
779 2.90467642680136 8.14164446632979
780 -0.548032351930777 11.2699243829534
781 2.84010989371385 1.98023975558005
782 2.8381606205453 4.25344330695231
783 -1.99385688805275 12.6045180808597
784 0.00934741265115326 7.55259091040102
785 -1.99368048165752 12.6047255060443
786 2.49390267162073 4.73504747995402
787 1.06250299359452 4.75813225042881
788 0.378095009062678 5.27916505939829
789 -1.99393634694171 12.6046021097314
790 -2.15902638679575 10.2077266004234
791 0.00218438203638147 6.75292779381205
792 2.6980931633852 5.77132174540422
793 2.12895128670624 3.19166536729603
794 -0.547668055816768 11.2701663587436
795 -1.99397716620702 12.6045929231463
796 0.00301348636406198 6.85184664576257
797 -2.13349749176442 10.5591327801852
798 4.46592916615204 6.75899566104351
799 -0.548152577983244 11.2699279044802
800 -0.548119614422166 11.2698619920914
801 0.383885342377147 6.28040154195156
802 2.77063343329041 5.69945768587668
803 2.06556001689377 5.02470298841452
804 -2.13325226416464 10.5592537680138
805 0.885254748737624 6.49647036223621
806 0.66034731494423 5.29812571629673
807 -0.00683716182320646 5.62602473640613
808 -0.604171429499432 7.82506450291572
809 -0.61460318317106 7.19242711584752
810 3.66009472085468 5.45792237544526
811 -2.21801204366097 9.43424293923814
812 -0.574373182331281 9.62378461622132
813 1.06281079134984 5.05107989244383
814 1.84956471322743 4.81660868013822
815 -0.00214702762290136 6.23052901271601
816 0.878653646115206 4.35522299835107
817 3.07806036123365 4.15126938421559
818 3.30391113787846 1.7690429059485
819 0.410000332451014 10.3927644059487
820 0.0187954143647763 8.42550315795067
821 0.0231877429378029 9.03601433736243
822 2.62013898821905 4.23887410912254
823 0.38295838045595 6.11744615909055
824 2.065446546647 3.0604526778183
825 0.0382985982776713 10.7322527016901
826 3.94489679755501 1.96321146989379
827 -2.15915092643736 10.2078577809672
828 1.21973482488333 6.00625134734291
829 1.06318751045369 5.36390574893627
830 2.53783170568012 5.25649450392558
831 0.672574225664796 7.77737352250078
832 -1.99376161902982 12.6046919052903
833 0.0231504832373249 9.03617503230554
834 -0.548118590275018 11.2698272895982
835 3.37016662630138 1.94872006880781
836 -2.24494036872726 9.09528791686436
837 2.53727890937587 3.69303394331737
838 1.76668324108317 4.59151392981607
839 1.47213920244646 4.88577203771344
840 -0.583837195820438 9.02378293523069
841 0.394526694837335 7.66932307047883
842 1.06674651174283 6.4990416898396
843 1.76639837534655 4.0991014364157
844 -1.99380684657408 12.6045743753062
845 -1.99385240095526 12.6045734032032
846 -2.0932173337481 11.1184225376397
847 0.00625845023696036 7.21644388821187
848 -0.548100769375811 11.2699230122846
849 0.410037763245292 10.3927501611702
850 -2.13327048911433 10.5591767839953
851 1.35152853223196 3.6984295439612
852 -0.634747811678396 5.92534783945696
853 -1.99392951197823 12.6029759871722
854 3.13193606494238 5.34089362576898
855 5.02114287818832 -2.25897217865312
856 2.77262093359419 1.81152684992751
857 -2.28780220428311 8.57559839452779
858 0.399772367659444 8.66496091894083
859 -2.20682131172453 9.57831809549236
860 0.381273355884076 5.84779460369534
861 -0.601469248361495 7.97842076544897
862 2.49679604455532 8.50644598086087
863 -0.574281226179198 9.62398198444063
864 -0.606205086892594 7.69069242103484
865 2.06502143697324 4.22755790157465
866 -1.99404230822729 12.6046995835724
867 -1.99399602514665 12.6044819829706
868 -1.99388565621977 12.6045014524501
869 1.36309449249626 9.5268144709906
870 -0.594729372208649 8.37447718687463
871 0.898810393867285 9.9480469748042
872 2.30367631654819 8.6794951033131
873 0.00154992829273382 6.66200266792397
874 0.883918357965134 6.08227660841372
875 -0.594783008884552 8.37470215585719
876 -0.594786729979145 8.37454081271715
877 -1.99422476496482 12.6046191629585
878 4.19558809887177 2.22945355238304
879 1.67796686738623 5.28983264097043
880 2.13299413448525 1.86604797372586
881 1.47362109630867 5.75295768330854
882 0.00302334776256796 6.85186479630752
883 2.9028651732126 4.66876410681695
884 -2.09337644823856 11.1182191450247
885 3.53185810421984 3.13445413237927
886 -2.35002142930516 7.86063490129996
887 -0.594950138235646 8.37486179283288
888 0.0384852804885707 10.7322283184018
889 0.410119971462992 10.3928172057768
890 -2.09334277724111 11.1181955045149
891 -2.19392986633186 9.74696025056494
892 3.49480980235899 1.57764197453572
893 1.92665789577058 5.16364550146053
894 0.0190754627205135 8.42538230844973
895 1.47152301896401 4.4399149199488
896 -2.1335267691078 10.5590225414728
897 1.35394159180126 5.61317394759814
898 1.77060696400343 7.31837327436886
899 1.06540073354573 6.16003545826377
900 1.21676993774255 3.21177079896338
901 1.67817607656521 5.54881357236311
902 -1.99385009363257 12.6045468252725
903 0.0232144127763247 9.03594573416155
904 1.35289563720875 5.22782894900069
905 -1.99411389442427 12.6046794025766
906 -1.99400653396318 12.6046727533536
907 1.35184390799754 4.38497915874534
908 2.93462369170374 6.17259915007936
909 0.65859933856224 4.78676608509284
910 -0.548345387966738 11.2698425830965
911 -0.583655358638622 9.0236451402007
912 -2.09320955266189 11.1183865035557
913 1.58813603912043 9.32366006812637
914 0.0113594768134386 7.77128620225609
915 -0.590072240417266 8.64869374123654
916 -0.00219751702452031 6.23055635693369
917 -1.99363550579399 12.6047803928657
918 -0.613217816622694 7.27582817896365
919 3.71233983136943 1.90499589957333
920 -2.15905705709845 10.207767096065
921 -0.625978587476342 6.48999159159971
922 1.57906543978493 4.00401843166357
923 -1.99348335230158 12.6048442433659
924 -1.9943744944118 12.6044555531857
925 -2.17832730137402 9.95045781239009
926 -0.574431703374227 9.62390367431155
927 1.21596842546483 3.91004433820468
928 -1.99403126818982 12.6044599052654
929 0.0382935571415562 10.7322577090827
930 1.21908021525754 5.44602798856705
931 -2.13329513938312 10.5592624344964
932 2.93386466916001 4.63795268952655
933 1.8504273008899 5.71834614381712
934 1.35165818245986 4.19570769907447
935 2.06759585287606 2.32723991288331
936 3.51320655095437 2.3965520454641
937 0.662217384250825 5.76445778109104
938 0.383779545427645 6.28043784152193
939 -0.548282464337936 11.2699701601566
940 -0.619107804567834 6.90902679506022
941 3.85530311010727 3.37353347024057
942 -2.2772375520001 8.69988419160465
943 1.06186851241576 4.28898472517766
944 3.05070905103379 4.52114676032669
945 0.0384887553977727 10.7322269030286
946 1.06420612795887 5.79281197345915
947 -2.28778709186354 8.57553210640689
948 -1.99391033397217 12.6046154166156
949 2.49669592830995 8.50637136892733
950 2.0649490832675 4.22770157501336
951 -2.15912901438077 10.2078474726119
952 3.27919519300032 4.29306477708448
953 1.21628010347274 3.48305584531599
954 0.409976039617683 10.3927786938308
955 0.886069783113118 6.67931444272794
956 2.30123641484545 2.47789293405955
957 -1.99360907891864 12.6047106346574
958 1.07140786094535 8.00605674780433
959 0.664608006323397 6.3012117463886
960 -0.583608992634439 9.02362739154536
961 3.27916964014578 4.29283415640948
962 0.395841037077372 8.0527601648528
963 5.22737372381941 2.33801735302392
964 1.35620848411373 6.71456339824671
965 0.00768166817909367 7.3713878340876
966 2.53847273010396 2.53586140666863
967 2.99366560396458 3.23611611601098
968 0.384485701945217 6.37133850201129
969 -1.99387038578129 12.6046352540654
970 -0.590326492871821 8.64896736474555
971 3.02262168399308 4.5493758377317
972 2.62073829721567 2.79217595474841
973 2.73421454454855 4.35733285732073
974 1.21817525718673 5.20904231099003
975 -0.598590514672354 8.15803710713499
976 -1.99390207910524 12.6047576972667
977 -2.2523351264535 9.00333673083117
978 0.038606409566402 10.7322685488823
979 3.62541509963414 7.50083816228786
980 3.41550454263917 1.02664483131629
981 2.30028592402839 2.87835727551192
982 0.882913848768071 5.78208807689044
983 -0.548078500890811 11.2699224375241
984 -2.13359147699338 10.5591045286618
985 -1.99399663356548 12.6045468956974
986 -1.99409819118415 12.6045541797791
987 -0.548412299705067 11.269775868404
988 2.62012809960783 4.34912662904897
989 1.35464931884981 6.2127167137256
990 3.72907576002305 7.40911700691018
991 1.35708178616353 7.10073287242118
992 -0.603987259391727 7.82491519477849
993 1.76631981004828 4.05483294360802
994 -2.19380051935408 9.746923589033
995 1.47429144792579 6.09310554465024
996 3.79400215518463 7.35150596127954
997 -1.99413960403787 12.6044711617862
998 -2.3015028136619 8.41205531066571
999 -1.99402319611606 12.6046313179806
1000 4.00523656950385 0.213506505647487
1001 1.85062366875151 5.71843752784262
1002 -1.99393144487913 12.6044880580071
1003 0.00304668951082506 6.85188938216263
1004 -2.32134851944414 8.18379845077368
1005 0.0385126823378184 10.7322272467204
1006 -2.13327902788921 10.5592674280886
1007 1.67735081914195 4.68081570677545
1008 3.62448605509184 4.45714586534272
1009 1.21734199682055 4.89667471396649
1010 0.661688182586252 5.62977106276501
1011 -1.99393081742418 12.6045401996431
1012 -1.99420531832396 12.6047228660985
1013 2.06537356206417 4.79313601393924
1014 -2.09333209495862 11.118170010267
1015 -0.618340395082241 6.97373467260865
1016 -1.99386363401733 12.6046799750367
1017 -0.548051746243117 11.269921750926
1018 -2.09337473279344 11.1182276955536
1019 0.0384135419157422 10.7322172093874
1020 -0.616923110592418 7.0419568651239
1021 3.07813107623532 4.49360760203104
1022 -1.99403097096662 12.6046626523017
1023 -2.1332756454391 10.5591178138288
1024 0.383529599639877 6.19606456690756
1025 -2.09328245838014 11.118271439865
1026 0.884344351224087 6.20355244428471
1027 -1.99409052229252 12.6046147488515
1028 1.47242067709133 4.95534415451998
1029 0.0385054174395553 10.732373470853
1030 -0.548073125804342 11.2699160480828
1031 -0.00571665134431754 5.7831338406301
1032 -1.99432807194724 12.6044005004327
1033 -1.99378539974187 12.6046895667766
1034 0.410194800146967 10.3926835341245
1035 -1.99358142862597 12.6047528979322
1036 1.47179819967545 4.64245932482818
1037 2.87148913105881 2.67526467237933
1038 -0.610048268808501 7.46370542296062
1039 -1.99404211025408 12.6046009292938
1040 1.2168653761792 4.69427543562812
1041 4.58990498488285 0.182548666880422
1042 0.0383629264026986 10.7322977803429
1043 -1.99434645641617 12.6045557090171
1044 -0.604310644933812 7.82517414353094
1045 3.71148556256764 3.04658886563352
1046 -0.548232002081221 11.2699306892418
1047 1.8490737624616 3.50186246201347
1048 3.55244885996327 1.79607560155798
1049 2.40068826674475 4.56795431619742
1050 -1.99345896759179 12.6048559804262
1051 5.41330830124311 -0.994930486296056
1052 1.84923435142183 4.26506270822622
1053 2.65966711059783 3.1183312614177
1054 0.65834766916676 4.69241662684794
1055 3.62520669305152 2.23838952646176
1056 -1.99393162344816 12.6046241809133
1057 -0.601567177724197 7.97847072468406
1058 -2.21802378735549 9.4342411291113
1059 -1.99389714364858 12.6045497849318
1060 -0.58363561554612 9.02365181132845
1061 -0.00559840740517295 5.78293095281957
1062 0.383709413777198 6.28053233026167
1063 3.18367027837593 2.19654421389726
1064 0.03843788462485 10.7323081853894
1065 1.57927815357269 4.33208752006708
1066 -1.99398528802207 12.6045944635313
1067 3.10678745718692 7.96165552838677
1068 0.394969218783292 7.6685197143257
1069 3.13162916148761 4.94836479329195
1070 1.06926601577635 7.386352481447
1071 1.68480826613085 9.23643117720445
1072 0.0050434703737491 7.08094336176222
1073 -1.99377112504474 12.6046903121614
1074 -2.17830896170975 9.95044624846032
1075 0.0383751435046974 10.7322664132655
1076 0.00618730774136973 7.2164708861275
1077 -0.59864316888758 8.15799969042597
1078 -2.09348329368666 11.1181611752439
1079 -2.09352604272872 11.1181607199997
1080 0.394166302307482 7.66979687920872
1081 3.07855184529545 3.0353838042873
1082 0.00301686681865545 6.85182948340796
1083 -2.24492490429776 9.09526066098317
1084 -0.583797178292925 9.0240694597411
1085 0.6646124392624 6.30122637515823
1086 3.30338844141316 7.78661353776555
1087 -0.58392457811154 9.02391701675979
1088 0.66022253707724 5.25089155667188
1089 -0.54786906855661 11.2698747181352
1090 -0.583578551220394 9.02366099645254
1091 2.35134874774484 3.51416743212434
1092 2.18846380557259 4.04168593442413
1093 0.885362302445372 6.49656032012811
1094 -1.99377101211391 12.604575602286
1095 2.87146931992235 5.59932773082423
1096 -2.28776851330775 8.57572269504553
1097 0.0385429602942183 10.7322417314466
1098 -1.99368213990154 12.6047277586933
1099 0.038450129959397 10.7323362581714
1100 0.0384559715994706 10.7323023460352
1101 4.0463990682412 0.113800485593916
1102 0.0232496365254883 9.03592306255063
1103 1.06169883818403 4.22948043602173
1104 1.06190385165067 4.28896670019046
1105 1.47431227304871 6.09295188155562
1106 -2.27161668426579 8.76812851189491
1107 -1.99391238581708 12.6044895167257
1108 1.47140391333434 3.46001239219409
1109 0.000729749865771145 6.57796235739606
1110 -1.99377541792245 12.605426151454
1111 -1.99361852151812 12.6047420631233
1112 4.75606067571298 1.05716766561038
1113 -2.30607828723245 8.36282150130806
1114 1.35696665584699 7.10119746506125
1115 -2.29246361289374 8.51825392886917
1116 -0.590248492212336 8.64893156995161
1117 -2.3015006643835 8.41207527892898
1118 -1.9937336706186 12.6046197340015
1119 -2.13355828888089 10.5590205730107
1120 -1.99398219494671 12.6045776815368
1121 3.36908223526746 4.71217942958138
1122 2.77224503974162 8.26002713714255
1123 1.58175433528789 5.98550996420339
1124 0.669394623058301 7.39731588244411
1125 0.377351018832316 5.06796230183269
1126 1.35290332603431 5.22782005945825
1127 -2.17836064499368 9.95051482136848
1128 0.00222561858927732 6.7529801536533
1129 -2.13326706093614 10.5590888448244
1130 0.882018411177118 5.5449186464435
1131 -0.641434372628414 5.46269719183516
1132 -1.99389272377023 12.6049197274335
1133 0.881097227500014 5.28912486293011
1134 2.62271980520903 8.39351653257778
1135 1.67808430133186 2.85343252466492
1136 -0.547954411547434 11.2698640686306
1137 -1.99398546646983 12.6045778920713
1138 -1.99398140116869 12.6046579102307
1139 1.48140531445551 9.41985662800006
1140 -2.25932992945015 8.91898622753886
1141 0.383963324923154 6.28029874222819
1142 -1.99378829761898 12.6045669281141
1143 -1.993511587166 12.6048002375607
1144 1.06327327981802 5.6019031663154
1145 -0.548448824694785 11.2697884263081
1146 0.663239572809079 6.00134671579687
1147 -1.99377329779802 12.6048804074621
1148 2.66183911488389 8.35857393070989
1149 -0.594824754603017 8.37465931731208
1150 2.96456804471841 2.73149134456911
1151 -1.99394075071528 12.6045887302263
1152 3.05134157366018 2.46040570671451
1153 4.95268040343454 0.816119707404299
1154 0.66190109417569 5.69514571669013
1155 -2.17833026414836 9.95048397150105
1156 0.898872124919703 9.94803818213022
1157 -0.548324658153283 11.2698268512358
1158 0.683006721616875 10.1442040503509
1159 2.49526525826778 6.6052600031574
1160 -0.548436448021932 11.2697816726948
1161 0.879066642290226 4.5995588420637
1162 1.0619720412407 4.48529601117658
1163 1.47140854602982 4.34965872566236
1164 3.39062502738864 2.90101721327774
1165 -0.590354267148161 8.64903076421215
1166 1.57933516261961 4.37966175115187
1167 0.389326048058962 6.99062764046824
1168 -2.28276328647431 8.63596292292453
1169 -0.574348364094842 9.62383143437887
1170 0.0387930477993096 10.7323812847148
1171 -2.17827520725494 9.95044524472722
1172 3.07928100928564 2.27031092089914
1173 -1.99381070551034 12.6046695804361
1174 -1.99390316985822 12.6045559070673
1175 -0.583797185725641 9.02372900977548
1176 -2.15917724223016 10.2078414970955
1177 1.76723913049178 3.05426176912902
1178 -0.547863899309442 11.2698642948365
1179 4.42345721630818 2.80385128586445
1180 -2.20678947517772 9.57849483718176
1181 -1.99401954110774 12.604587233587
1182 -0.548179958169554 11.2699942618811
1183 -2.13362689803932 10.559070795356
1184 0.409958852086779 10.3927966677777
1185 2.30157902766573 2.35818979674094
1186 -0.583710237785737 9.02367296344127
1187 0.657806917919677 4.46814562198413
1188 -0.574239277025495 9.62388956206934
1189 -2.09323308707422 11.1185247891965
1190 -0.54798664416753 11.2699179227219
1191 3.41380588003102 1.49279793353824
1192 1.35187988408584 4.42630523474291
1193 -2.15909626147007 10.207819653474
1194 0.00629003464023473 7.21641586302707
1195 1.06203991417218 4.59557061698742
1196 0.400157627423426 8.66378019444577
1197 2.00346239300539 8.94933404320061
1198 -0.583610816285907 9.02370491768261
1199 0.38929511453313 6.99066719232244
1200 0.377591627242478 5.16943506941802
1201 1.58174936259458 6.20851266252933
1202 1.06220334786822 4.75862903182807
1203 -2.15911519863705 10.2078286891117
1204 -2.13328024342588 10.5590944637384
1205 1.06729182906257 6.72048206960702
1206 0.023134514442861 9.03621394661308
1207 0.883891202763619 6.08222974487199
1208 -2.09325236972197 11.1183449905799
1209 3.90325194490761 1.0240285291035
1210 1.35323077589094 5.40429730343894
1211 0.382838950966435 6.11755389269316
1212 -2.26563645590626 8.84073329394293
1213 -0.590287053621485 8.64902279400976
1214 1.76653415099494 3.61518625859424
1215 2.44904775839049 2.57589698637925
1216 -2.25242066035542 9.00340810442827
1217 2.69759187174992 3.08023177306814
1218 1.47219639341861 4.95523079057592
1219 0.889645569533088 7.56335440521683
1220 1.58053863934631 5.38715745572394
1221 1.47169309301162 4.58857120263126
1222 2.90371208258967 2.47716178781277
1223 3.43420912505621 1.68948010910645
1224 0.393980669796624 7.67006201184565
1225 -0.583852863194694 9.02388907372555
1226 -0.00165721887695981 6.29222239063881
1227 0.660954339220066 5.45266562284128
1228 -1.99377721498277 12.6046828241556
1229 -0.604060269942874 7.82503605542983
1230 -1.99358737422497 12.6047737349486
1231 3.05235446513173 1.99627333694358
1232 3.71193894328192 2.40098055685555
1233 -0.5478969668553 11.2698721884808
1234 -2.1590746859629 10.2077946781365
1235 -1.99352180493219 12.6048038527038
1236 0.657724313436806 4.41722077561805
1237 -2.2180338581122 9.43423407653834
1238 0.383417184206672 6.19616717931338
1239 -2.28261028906041 8.63586379007433
1240 0.400138913583201 8.66375577390873
1241 -1.99433438415734 12.6043831483966
1242 -0.574305848812755 9.62390449891663
1243 -1.99358041678948 12.6047370994819
1244 1.35202928394419 4.65646668263744
1245 5.04748173828567 1.44564486382064
1246 1.76735029813391 2.95146574947993
1247 -2.09319894318921 11.1185108065701
1248 -1.99374351615293 12.6049382246591
1249 -0.598507242264481 8.15786521275036
1250 3.34738706086016 2.51691578159001
1251 2.87128555671494 5.20789960402099
1252 -2.25249749379924 9.00349910673181
1253 -0.615800246391329 7.11479246410004
1254 0.662226150177619 5.76446087398286
1255 0.666322099917635 6.7147332119788
1256 1.92948660842495 7.16199690512576
1257 -0.000512257061105438 6.42637344565406
1258 0.385900343574222 6.57965458424397
1259 -2.09344738519229 11.1182612454255
1260 0.0383073246795131 10.7322681431391
1261 -2.15903881048392 10.2077420227845
1262 -0.590068392721352 8.6487835420983
1263 -2.17832615139562 9.95049699161981
1264 0.387992568824442 6.83549662662659
1265 -0.548250030749584 11.2699694964481
1266 1.21942342834596 5.74747838340308
1267 -2.09328884516643 11.1183489655924
1268 1.4745675454662 6.31552435319686
1269 1.35217673262437 4.76190716229719
1270 4.19532745788639 3.88513011292042
1271 0.665744602772993 6.558716347524
1272 -1.99356746057043 12.6053172722352
1273 -2.1333601304432 10.5593100356589
1274 0.882869064452954 5.78208954397934
1275 1.06285521030909 5.05122011410167
1276 -0.614613909658653 7.19245267973494
1277 3.43295443705662 2.47715070140006
1278 0.385011156277298 6.47073003204501
1279 -0.574226523176666 9.62389249406533
1280 0.00147911633362645 6.66213385336795
1281 -0.548239117781598 11.2699214007988
1282 -2.28253454890125 8.63593383007053
1283 -1.99388145745349 12.6045688548753
1284 -1.9940163482665 12.6044541751099
1285 -1.99385198877921 12.6045506495207
1286 -2.28254681162242 8.63595255680207
1287 1.47268010614968 5.28511660009069
1288 -0.60620734883577 7.69061929042428
1289 -2.09338739040258 11.118207629784
1290 0.384455698662536 6.3714672951178
1291 -1.99368715465346 12.6046954828212
1292 -1.99403456772283 12.604715188995
1293 2.66059626312826 6.44222071443435
1294 -1.9938141400108 12.6046639909117
1295 1.06391890189301 5.69320532576891
1296 1.4713696821335 4.26548652011227
1297 -0.547905388945996 11.2700802425253
1298 1.47414731241109 5.90903197259976
1299 -1.99401129108313 12.6045894763518
1300 -0.598633822728769 8.15788413981781
1301 1.99918597305761 5.79232771993253
1302 -2.13343045809988 10.5591277963033
1303 -2.15902508255416 10.2077225752085
1304 -1.99346051380683 12.6048483563588
1305 -0.583657364765938 9.02364667121485
1306 4.1707548971873 3.9121506194139
1307 -2.17827706439602 9.95045078977021
1308 0.884324812874784 6.20362793508982
1309 0.663669031399788 6.09269359968377
1310 0.665169653493629 6.42239706238946
1311 -1.99360414401104 12.6047201765238
1312 -1.99349449880501 12.604827921433
1313 -2.32463615585205 8.14291120203618
1314 -2.13323534210619 10.5591739476032
1315 -2.17828789426313 9.95045302765248
1316 -2.13330474071085 10.5591934493474
1317 3.74590170394682 1.83450079576259
1318 0.88359370776545 5.97303391334979
1319 -2.15903173034957 10.2077285961762
1320 1.35150437431912 3.91074656091524
1321 1.2165012822082 4.441210364448
1322 -0.590313488239881 8.64906479238899
1323 0.887524753641497 7.1807692749114
1324 -1.99369555733699 12.6055071637115
1325 3.05163909469347 2.29814776800022
1326 -2.27723902953839 8.69997285418614
1327 -1.99409793806149 12.6045413220659
1328 3.13225719999834 2.45000123132562
1329 0.374963720578827 4.42561518110757
1330 4.13294415172437 4.99046453213638
1331 -0.548214280898979 11.2699458413127
1332 -0.58999363500138 8.64869191454312
1333 -0.624038311132939 6.63093806385947
1334 1.35226553950348 4.70795517243644
1335 -2.21803213346719 9.43423385083953
1336 -0.548153521129937 11.2699342177587
1337 2.87137646631616 5.2078983138353
1338 0.669269259278833 7.39747488850133
1339 1.21701416950699 4.79135302320539
1340 0.0231056757502264 9.0362553306846
1341 -2.09328036717459 11.1181813113725
1342 -2.1783647990713 9.95051803208551
1343 -0.548147994182302 11.2699267624877
1344 0.390880205354502 7.17192909005087
1345 -2.29266834316634 8.51846695678726
1346 2.29959246470454 3.99304193799969
1347 -1.99357175147681 12.6048034551208
1348 2.69738063327924 4.53144416964185
1349 0.674786404482909 8.39479772408286
1350 0.0183790786940552 8.42610157762572
1351 1.35151843739722 3.91072689089241
1352 1.67669077287125 4.02008764263042
1353 -0.5481097051282 11.2699362322174
1354 -2.15912765802212 10.2078057297046
1355 -2.15913196025923 10.2078552973688
1356 1.68057569296803 6.78036805893619
1357 2.44835871566425 4.52072662931531
1358 -1.99394098108815 12.6046077995422
1359 0.88292760941948 5.78209631327689
1360 2.62074902223099 2.729691242311
1361 -2.1332532298486 10.5592003055974
1362 0.378331175264251 5.27903520338044
1363 -1.99352760063218 12.6048005999449
1364 0.659563105594524 5.07694477663203
1365 -2.09341558716008 11.1182000714593
1366 -2.20689371159021 9.57834804286435
1367 -0.583619419614371 9.0236249198464
1368 -0.590176683610767 8.64887919113036
1369 1.06305248322171 5.2286790939797
1370 -1.99399740719713 12.6046790991214
1371 1.06522235066119 6.16030687547624
1372 0.383950166944993 6.28030042003012
1373 0.884408243724242 6.20370791595474
1374 1.67679862325642 4.18853719834113
1375 -2.27731787750257 8.7000418374764
1376 -1.99358839828009 12.6047346734255
1377 -0.548283849840396 11.2699628445724
1378 0.0114746150238612 7.77106954529855
1379 -0.590371291531174 8.64904075520369
1380 1.22992812965548 9.64746787978406
1381 2.06512673886392 3.31652354947514
1382 -2.26593878728764 8.84106386217464
1383 -0.614885899551518 7.1927774768274
1384 1.67893376486229 2.58994010025795
1385 -0.54793884565234 11.2699190269518
1386 -1.99370039435002 12.6047132013063
1387 0.384518152638544 6.3713559795697
1388 -2.15903352755462 10.2077383335721
1389 1.21878779706456 5.36160329822611
1390 2.62044198001928 4.95079067873446
1391 0.0386987918752196 10.7323127044484
1392 2.57943582858772 3.65081075044895
1393 -0.574304296248139 9.62387234393466
1394 0.661189637098031 5.50883511542217
1395 0.388046908516657 6.8354400784546
1396 0.00300500691714156 6.85177836235878
1397 -2.09330376364156 11.1182609205126
1398 -2.09329402703952 11.1181311369334
1399 2.62024792637369 4.76599952605934
1400 -1.99368591867015 12.6047864840533
1401 1.76640743787077 4.19274808376022
1402 0.660705293237805 5.39901796660398
1403 -0.608839733809374 7.57184248511581
1404 0.00772227070255108 7.37139133344
1405 -2.09334013799722 11.1181722541334
1406 0.662937558294621 5.91688906733156
1407 -0.620189017770476 6.84786540693453
1408 2.30107476335792 2.56319938383604
1409 1.06493715395952 6.02363767958457
1410 -2.38836237480085 7.4370730799688
1411 2.24567677692942 3.4909731698657
1412 -2.30574121502838 8.36256993670575
1413 1.21838154130958 5.28294362939731
1414 1.35190107330317 4.42629350092339
1415 -0.583751480926139 9.02370386095708
1416 -0.57427562451956 9.62386935860975
1417 0.898808813879376 9.94805863233829
1418 2.99373422222439 4.80154962964045
1419 0.00222702374939925 6.75297235948381
1420 1.0631542379036 5.36412399269654
1421 0.661898168122164 5.69514165648301
1422 1.47282645961846 5.28503046930689
1423 1.06278167926931 5.05124354023042
1424 -1.99401696150025 12.60462130813
1425 0.380876475140216 5.78894653496357
1426 0.664110617779377 6.19208460732668
1427 2.40250414944678 2.29601600515218
1428 -0.548036739116098 11.2699307200266
1429 3.1578722324207 2.57806305325042
1430 2.8386822457891 2.8185277967147
1431 -2.28254018402871 8.6359475010152
1432 0.661636341708867 5.62974264747452
1433 0.023276603624939 9.03591173442692
1434 -2.15909240967919 10.2078043506118
1435 2.12848527545383 4.29969400678765
1436 1.06481492654868 6.02380398442473
1437 4.87704367437405 1.54325831268701
1438 1.06308250417007 5.36399295877742
1439 -2.36821542490659 7.65791784780171
1440 -2.13324393523825 10.5590588468627
1441 1.21806362710813 5.13964431903188
1442 0.023178276170053 9.03596696007848
1443 -1.99397463215789 12.6055748572706
1444 0.383870962807473 6.28039973739262
1445 1.67752583109369 4.90337185896231
1446 -0.615792606264853 7.11473066663345
1447 0.41006267830189 10.3927391271364
1448 -0.548242696630649 11.2699395597454
1449 -0.620107213439711 6.84785905631256
1450 -2.15905548261959 10.2077591250969
1451 -0.610179030688946 7.46382053973079
1452 -1.99349362553524 12.6048346104782
1453 -1.9942724521433 12.6044114295183
1454 0.0383883667855666 10.7322351259722
1455 2.99427061161334 6.11417573234029
1456 0.38281511344664 6.1175674073356
1457 0.387987894970314 6.83550946438476
1458 0.667621326541379 7.1185559164802
1459 2.66020867248151 2.60144504726751
1460 0.664668924041598 6.30121650944216
1461 4.0445298453449 0.793500483390059
1462 -1.99423226660874 12.6045075087582
1463 4.08201298316483 1.97523001686603
1464 -1.99370751989292 12.6050409737467
1465 -1.99405546044976 12.6046909340631
1466 -1.99382981059273 12.6046618100978
1467 -0.548463194186315 11.2698363046351
1468 0.0385132267311777 10.732389705565
1469 0.0231780535875604 9.03584611389096
1470 0.0384938848095981 10.7322026985881
1471 0.382358765227145 6.0442326355401
1472 0.665184732726838 6.4224030847828
1473 -0.615696234591543 7.11466647918189
1474 -0.548229218619504 11.2699477523464
1475 1.57962337024514 4.92213928183339
1476 0.664598111100414 6.30122635619084
1477 0.385214904541082 6.47047076642962
1478 3.71245111428422 2.10662597805593
1479 4.43803319447851 0.0692716821568116
1480 -1.9936779763245 12.6046502573881
1481 -2.09332173574399 11.1182439714921
1482 1.47121214448501 4.00750595750213
1483 -1.9938048542708 12.604668790887
1484 -2.13334235505747 10.5593126442449
1485 -0.583651788131222 9.02365317654525
1486 0.0230245265200116 9.03626758297827
1487 0.662541634811041 5.83816497406059
1488 -2.09339298079653 11.1182264736632
1489 1.85000317390461 5.24033326117352
1490 -2.09321352689971 11.1184014653201
