"node" "R" "H"
1 1.68464828465804 5.32630286876215
2 1.34591985439935 4.4106939722633
3 -1.59266386944075 12.0263780901577
4 -1.59265675056519 12.0261658447396
5 -1.76950231707777 9.60128680895705
6 -1.59267780251216 12.0263330962172
7 -1.59267632982725 12.0262988863129
8 2.31383899232674 4.56138575875437
9 -1.79053159796419 9.34585956685348
10 -0.151858791506861 7.15814134579394
11 -1.59263475988979 12.0261224441666
12 -1.69861299429025 10.5101756120729
13 2.908491231057 3.96737844754273
14 2.46156128398991 2.85570633958908
15 1.81742283608051 3.64297775706817
16 2.38928726883116 4.06588355378648
17 -1.69872084811594 10.5103252590205
18 2.23081641368953 4.13991930134657
19 -1.69878835831406 10.5103508430469
20 -1.79041352645284 9.34573500378233
21 1.12660332151871 5.09192164792024
22 0.847972366648193 5.6964857103996
23 3.15592343063214 3.21458824590473
24 2.3897624273833 4.77911236383674
25 -1.59259287679058 12.0259832350641
26 -1.59277954188247 12.0264874361791
27 1.81966525877924 5.53095517774795
28 0.467611766421009 6.69597678920467
29 2.31256983427849 3.90684006397323
30 -1.59270002228232 12.0262812458175
31 2.95380196126557 3.19618569850356
32 -1.69861321051793 10.5103142046403
33 0.498936061260753 10.1075345477839
34 -0.131905440270573 8.35587690378481
35 2.90899001740189 4.95064744721095
36 -0.142803896086863 7.70614373775932
37 -0.093979756224298 10.6482720610202
38 -1.59271554207977 12.0263017537837
39 2.31871438834241 8.46423035005878
40 2.46242993722838 2.63760732753911
41 -0.138060016296083 7.98023729946231
42 0.469158910563907 6.87679628886321
43 -1.76977317726858 9.60176706134102
44 -1.59265257646958 12.0263550791603
45 -0.121611050840111 8.95954405604851
46 2.23061086805692 3.52607729617669
47 -0.0939828668097723 10.64826772075
48 -1.59264159677691 12.0260807416125
49 -1.59271696565214 12.0261541448372
50 -1.5926865831161 12.0263640689438
51 -1.59284583017158 12.0265087848617
52 -0.0939262793275528 10.6483699559391
53 1.13828796529026 7.72084754514988
54 -1.59266012626146 12.0263563550112
55 5.00730372179915 -0.153500936168434
56 -2.02396069774809 6.77174457039261
57 -1.59269232310193 12.0262971748437
58 -1.74234762484841 9.95018904243836
59 -1.59267337235542 12.0262228246197
60 -1.59271739182868 12.0260823339815
61 -1.59272017098385 12.0262877359881
62 -0.0939028779530971 10.6483248602983
63 -1.59288939801095 12.0263139757108
64 -0.132003278064755 8.35590537243232
65 2.53230256505313 8.27303531017701
66 -1.74174413594001 9.95107881224178
67 -0.093929669918888 10.6483222900765
68 -1.89700834238131 8.11162062471229
69 -1.59267003158347 12.026172550804
70 -1.85392550881714 8.60016498713586
71 -1.59270858986518 12.0262416711153
72 3.48049217737732 1.70627912309424
73 0.470879392638364 7.09530638238964
74 -1.59266491994286 12.0263553237241
75 2.95527099869856 2.32792633233288
76 -1.69865485306038 10.5102504273778
77 -1.69871039985219 10.5102942361469
78 1.8275098664135 8.90498546297701
79 -0.149293688468272 7.31082074309903
80 -1.76968799795553 9.60137252442764
81 0.470908397996449 7.09527979145504
82 1.12561114156638 4.73060440778496
83 -1.59267659432598 12.0263277834855
84 -1.80750826359774 9.14447448845827
85 2.95397581204696 4.21451643620089
86 -0.0939175446553007 10.6483799016696
87 1.13234828151318 6.43708481067711
88 0.87317296822189 9.76763592012612
89 2.8615320027959 3.28855462261931
90 0.456768215401762 5.34806677679243
91 -1.59279924913904 12.026467525512
92 -1.74182665580958 9.95098979649427
93 -1.74226169531396 9.95091167312919
94 -1.59269983975181 12.026322351894
95 -0.132243371702722 8.35555342323778
96 1.14937984927282 9.51960327467867
97 0.482896519459072 8.3650150203435
98 -1.69866470861374 10.5102880346346
99 3.68931550851684 1.10067126414029
100 0.845956206531308 5.30346524823829
101 1.12476056247334 4.3737597073383
102 3.26217818959373 4.99069535606765
103 -1.79057128975665 9.34589848444949
104 -0.0939862377256928 10.6482645949604
105 -0.0939722818815482 10.6482797226365
106 -1.59271828111702 12.026096206641
107 -0.0939349647715737 10.6482487623522
108 -1.59268752275252 12.02620821176
109 1.81803724387897 4.40090651663955
110 -1.6986639880991 10.5103028263416
111 -1.59265588782694 12.0261697012346
112 -1.59269832284128 12.0263543775035
113 -0.157757779873021 6.79924014322999
114 2.04702112161449 6.19664512188799
115 2.76102727738755 3.53123876964993
116 -1.59268905393187 12.0262661071727
117 -1.89088239978741 8.17828677342363
118 2.99887458299917 2.25180306005762
119 3.42081564039217 2.4342295156703
120 -1.59265666814734 12.0263664178356
121 -1.80684373319176 9.14338487301097
122 -1.59270583716699 12.0261404689432
123 -1.76982263982242 9.60159735057288
124 -0.156196529192557 6.90636608327491
125 -1.79020519842967 9.34551581649943
126 -1.59267838699216 12.0263994773787
127 1.36262674206026 9.32384705189284
128 -0.121571244900407 8.95945712115543
129 -1.59266185689359 12.0263119331752
130 1.35205094582023 6.49880451597111
131 -1.5926876571753 12.0263632970054
132 -1.8972070143518 8.11182122767788
133 0.498649840539513 10.1076745679475
134 -1.59269202880341 12.0263470183508
135 -1.59265335393855 12.0263604229242
136 1.13534694126568 7.10041264804419
137 0.459286848947311 5.68978549081501
138 -1.86247155156357 8.50054999385042
139 -1.59264699168024 12.0261166400056
140 1.68288744696931 4.28229319978541
141 -0.0939001685298517 10.6483670460289
142 0.477387803760584 7.75232184201857
143 0.482771858799697 8.36493812268158
144 3.2991323976443 1.49214416707111
145 2.65432704391233 8.16411819571913
146 -1.59315186346435 12.0269337956156
147 -1.7421141359969 9.9512289781191
148 -1.59265398404231 12.0263556028753
149 -1.74203856733625 9.95075992953578
150 3.68662174082328 2.06744043828096
151 -0.160822569298711 6.61292588439218
152 -1.69874548738574 10.5102989248803
153 -1.59270520461985 12.0262973659815
154 3.4794379490821 7.43079191389416
155 5.2936554862164 0.313308409182432
156 2.31275304578376 3.90654520033795
157 0.471224970328053 7.09503752101146
158 -1.59292802934903 12.0264105456723
159 2.81366652120006 6.07283520844477
160 -0.149278926647241 7.31087243291391
161 -1.59269643796654 12.0264089671209
162 1.68439235434595 5.19019717573718
163 -1.59269956974021 12.0262756285952
164 -1.59269097322187 12.0263248665694
165 1.12915368290633 5.74436812421052
166 -1.59266109775005 12.0261470532096
167 2.52769209553323 3.4961379244882
168 0.846669737537804 5.44466144170823
169 -1.59272465626923 12.0260662991087
170 3.53352554383932 5.36349819761712
171 -1.59282947957489 12.0263748173068
172 3.50618347143764 2.86370699784476
173 -1.69876305085716 10.5102813116507
174 -1.59289003488395 12.0265224415978
175 -1.74199447140549 9.95023842267757
176 -1.59267588564269 12.026433410324
177 -1.91362180458774 7.9337304696457
178 -1.76957704970285 9.60132953364037
179 0.473843928857251 7.37208425255329
180 4.00384900196513 1.24358000323319
181 1.52834770992656 4.49517442090248
182 -1.69874252182773 10.510301681916
183 -1.5926573414604 12.02632573546
184 -1.69864221733162 10.5103817972051
185 0.471165078209734 7.09508193665489
186 1.54170140649159 9.16230327037641
187 2.65069253558572 3.3145094697707
188 -0.138066184610122 7.98020578669704
189 3.53545936607742 1.74620085798997
190 -1.83289527956449 8.83444074955455
191 2.38964872380225 3.03329159614906
192 1.13531760147582 7.1004150805484
193 -1.59275427328996 12.0261694136559
194 -0.121600503424107 8.95947630415397
195 -1.59268836328456 12.0262460136059
196 -1.59263302584482 12.0261210510793
197 -1.59270689912307 12.0262422897823
198 -1.69867803782596 10.5103009288595
199 -1.59265904454723 12.026360288251
200 0.873013615888569 9.76756358110358
201 -1.59265292863613 12.0263591489097
202 2.65261716047668 2.36390928183343
203 -0.131667824861437 8.35593468019156
204 1.68311532747504 4.53583405132394
205 0.459765380372707 5.75798682318689
206 -1.59267026435793 12.0261850333372
207 -1.79061649625511 9.34594448356452
208 -1.69875445083273 10.5103272585808
209 0.848016918235502 5.69645723246003
210 3.47869201490999 2.66988652663155
211 -1.78991678509572 9.34521148440088
212 -1.59265561191335 12.0263651775952
213 -0.0939486700517336 10.6483762579774
214 -1.59270071161415 12.0263681034676
215 -0.0939940755948036 10.6482606580481
216 -1.59266291179803 12.0263557959014
217 -1.877811497781 8.326957565931
218 3.03892382100319 3.25322975122847
219 -1.96436358478068 7.38571326402648
220 0.857941874892186 7.3752833959846
221 -1.59274975327055 12.0262027371523
222 -1.69874658504192 10.5103391374297
223 -0.166605658589074 6.25010725940211
224 2.14102385458732 3.282120097221
225 -1.59273416462494 12.0261535167615
226 -1.59266027967571 12.0262477711692
227 1.34984634539562 5.81624300587669
228 -1.59270708946853 12.0261390873862
229 2.4607422848992 3.83181672523258
230 -1.69866774547006 10.510307913606
231 -1.59268801757256 12.0263299338559
232 -1.59266532161312 12.0263609571564
233 3.19418137667708 7.683357093093
234 -1.59270612797573 12.0261408005792
235 -1.59271981034897 12.0264380641741
236 -1.59291185774598 12.0264492151225
237 -0.0939656098134641 10.6482889767993
238 0.455434603500386 5.16499212906008
239 -1.74208297840768 9.95105154427681
240 -1.59266730758596 12.0261904364972
241 1.34591206264257 4.41069811010332
242 -1.59265337283076 12.0263557403553
243 0.85141586679374 6.31322158709502
244 -1.69864568152869 10.5103446006472
245 -0.121572630875519 8.95945860238156
246 0.498999908615564 10.1074873449267
247 -1.59273535431261 12.0261054203803
248 2.86465001635258 7.97669051159046
249 1.68395975764275 4.9607330490531
250 -1.74199565144044 9.95095999416564
251 -1.59265667496172 12.0261829210698
252 -1.59222721745085 12.0257842478623
253 -1.84350073306755 8.71001633043264
254 -1.5927315410756 12.0260906293643
255 -1.69871498692174 10.5103682955091
256 1.1262482351277 4.95855685096434
257 -1.89678849461939 8.11139934005937
258 -1.59282460347018 12.0262692149327
259 1.5279436341179 4.01007850570285
260 -1.59280225985207 12.0266245058085
261 -1.59266757877183 12.026361316649
262 -1.74195933983801 9.95083882717976
263 -1.59267088572302 12.0261962198325
264 1.3470951901253 4.94481305497618
265 -1.59266917080826 12.0261679888559
266 -1.59278842074566 12.0265265535832
267 -0.138371586542131 7.98016868891269
268 1.34939414081085 5.66075104592577
269 -0.121613631227195 8.95948826776276
270 -1.59271974999792 12.0264543090276
271 -1.59266641112387 12.026184348512
272 -1.59246992781894 12.025843419123
273 1.13232709160239 6.43707171964658
274 -1.69871287298268 10.5104186328101
275 0.861485271377671 7.9923925565041
276 2.65443574693567 8.16392680031115
277 -1.76974413316379 9.60142114024033
278 2.46111631291899 3.34425246127639
279 -0.121575027412966 8.9594589913423
280 -1.69875867408962 10.5107099234429
281 -0.142814530307652 7.70611125820353
282 0.461637868697128 5.99139601576577
283 -0.146230909693149 7.48979771239029
284 -1.69869094931344 10.5104801011348
285 -1.59271249999775 12.0263088636492
286 -1.5929094385702 12.0264152267048
287 -1.69866819719343 10.5102877180736
288 2.38961768103417 3.18896616013253
289 -0.154627463320388 7.02560252524378
290 -1.74222330426721 9.95065702608225
291 -1.59289202865998 12.0263166512681
292 0.498952851392784 10.1075184208449
293 -1.80702257685144 9.14370010227746
294 -1.59267464712923 12.0263198969362
295 1.35219624765577 6.49889345861009
296 -1.9079865084215 7.98935234349549
297 3.82103561331307 3.53167166616943
298 -0.146642576814341 7.49008112175795
299 0.4692338199005 6.87653091171832
300 0.498980458132954 10.1074925005434
301 3.44936009387953 4.41176395829307
302 -1.59287113026664 12.0263533850646
303 -0.146335554922938 7.48978454512039
304 -1.59273554476454 12.0261096390226
305 -1.76963136289984 9.60134567180184
306 -1.59265768493563 12.0263404306004
307 -0.142668915588135 7.7060154353422
308 -1.59265514252645 12.0261634446904
309 -1.69880559536267 10.5102800827891
310 0.47739544927685 7.75230217085329
311 0.477403701371105 7.75228746802825
312 2.23377564618794 6.64367549327876
313 -0.149433113206086 7.31110767624167
314 0.498883737353569 10.1075468726905
315 -1.83359185977519 8.8350418464191
316 -1.82140387597594 8.97741771586527
317 0.457904246576619 5.50641786685275
318 0.498929127795954 10.1075353878487
319 -1.59271291760458 12.0261091475988
320 -1.59264908168701 12.0261434497689
321 -1.74188027291796 9.95166354201429
322 -1.59275061327819 12.0263148591405
323 4.36099487476738 2.99060445444709
324 -1.59265153489344 12.0261465608899
325 -1.69877532722329 10.5102724511215
326 1.52847662292658 4.55661026659738
327 -1.69874363738755 10.5103304511728
328 -1.76994545734646 9.60181385143889
329 -0.0939245247991084 10.6483699376527
330 -1.59271838752702 12.026047002036
331 0.483009771734044 8.36506250505466
332 0.459072847948817 5.68985835601212
333 0.862037291439751 7.99253559766306
334 -1.59257302042104 12.0260014771843
335 1.13533153848745 7.10041072344576
336 -1.59271114138801 12.0263666106778
337 1.13235678484757 6.4370894600047
338 -1.59273202035047 12.0261309075346
339 -1.59266525108264 12.0263595771551
340 -1.59271689483394 12.0260386319046
341 1.1303542198271 6.03500449680422
342 -1.59272375597323 12.026441028212
343 -1.59264184616646 12.0261377401619
344 -1.80728829663352 9.14430753563498
345 -0.138257320606541 7.98018173442949
346 -1.59265282531849 12.0263584879195
347 3.19313789532764 2.47014593949288
348 -1.59265495713151 12.0263773806902
349 1.13348392397322 6.71661407215702
350 0.84800458739327 5.69647336220914
351 1.82066094862202 6.03324888245843
352 -1.69877783338781 10.5102715977087
353 -1.69868321026311 10.5103022358442
354 -1.5926820062899 12.0263415226281
355 -1.69865417330663 10.5104913949111
356 -1.69874503084168 10.5102739735392
357 -0.138067073684096 7.98022517609749
358 -0.121556772954051 8.9594419317888
359 -1.59293788797298 12.026368395973
360 -1.59267538505247 12.026348144127
361 1.34898217721576 5.52504220316079
362 -1.69867091252224 10.510287411577
363 3.86761910871569 0.832307318322437
364 -1.69868323749787 10.5104889890979
365 -1.74219335857109 9.95092849588507
366 -1.59265714851619 12.0263673117252
367 0.873077201696891 9.767576076658
368 -1.74213940190527 9.9507744892138
369 -1.59261907377723 12.026091830088
370 -1.59267068775063 12.0261448596008
371 1.82753265129021 8.90501489509824
372 -1.59272934896139 12.0260817953722
373 -1.74188651131052 9.95099909973736
374 2.52871111965426 5.32916935881449
375 -1.59265461513241 12.0263674210104
376 -1.59267010016272 12.0263551578765
377 0.844633042869804 5.01149650049726
378 -1.84403816502815 8.7104448302903
379 0.477386020130328 7.75234306240152
380 -1.69870575050389 10.5102813563504
381 -0.131916920560768 8.35577745588261
382 -1.69874750803811 10.5103103183147
383 -1.82053742537999 8.97653861558796
384 -1.76950598074365 9.60129405858549
385 -1.69858433000131 10.5103289325826
386 -1.59265488952156 12.0261463191425
387 2.53241709993996 1.89499549537826
388 -1.74217004325358 9.95100093305194
389 2.86174602361465 3.10318668140229
390 -1.85293503532506 8.59930699260194
391 2.14398612542974 6.1005550685858
392 -1.59270212414798 12.0262948371604
393 1.52898337385429 4.9253768386825
394 3.03955423253223 2.71647434994894
395 -1.59270789255762 12.0262487972485
396 2.76159442223643 4.40655081253289
397 -1.59268478191208 12.0261498947586
398 -1.59283825313801 12.0263426438291
399 2.5279299880757 3.55733801022562
400 -1.59260469117343 12.0260403840678
401 0.498961069563543 10.1075056159488
402 2.04434965027069 4.60083547716734
403 -1.59269614819805 12.0263674069519
404 -0.0939583310507396 10.6482972489301
405 3.47801220285003 4.38319474568932
406 -0.149357340059025 7.31093666618585
407 -1.59268999055744 12.0262305585736
408 -0.0939206966688257 10.6484759192399
409 -0.154129780059511 7.02487867756113
410 -1.90221974100092 8.04831621349437
411 -1.5925903688215 12.0260472278547
412 -1.59260378844664 12.0260230191971
413 -1.59280187475268 12.026519423063
414 -1.74217755652467 9.95083187940998
415 -0.142961914234636 7.70625364918539
416 -1.8074893345415 9.14442485510291
417 2.81357509318273 2.5032287301825
418 -0.160750922378896 6.61287445807419
419 -1.6986770957544 10.5103404918231
420 -1.69864376319898 10.5102704952083
421 -1.74212679224061 9.95085729370187
422 0.469175588083646 6.87655386847017
423 -1.59266735981882 12.026355057119
424 -1.59265636809981 12.0263544885503
425 -1.59263597462204 12.0261185633046
426 -1.69870580395085 10.5102811221776
427 -0.14625705149876 7.48976772934871
428 -1.79014981992062 9.34546720675167
429 0.499001200371259 10.1074875993483
430 -1.59274982810251 12.0261545421553
431 3.19318108495008 2.66206572514571
432 2.23164488930998 5.12015056649705
433 -1.59269062936124 12.0263364344073
434 3.94483674027641 1.90794199614148
435 -1.59267634542333 12.0262195162646
436 0.848385197021377 5.79492554874839
437 -1.69859437635768 10.5103230662882
438 0.466491511303838 6.54157769889431
439 0.47739165932841 7.75237795176853
440 -0.131789289060902 8.35616289728405
441 3.03888116090734 3.71562729330174
442 1.6944119479841 9.02485670881824
443 1.82754610897981 8.90499161669975
444 -1.85364171389804 8.59983380990364
445 -1.59271871053966 12.0260930108756
446 2.39063975790341 5.46673095934423
447 -1.59262967640626 12.0260977176414
448 -1.7899494033646 9.34525602029123
449 1.34693776200821 4.87186574685609
450 -0.121541934167806 8.95944489927704
451 -0.142862911917518 7.70616200427505
452 -1.74183623664098 9.95105044650982
453 2.31404417696706 5.26008723749867
454 2.59498777065833 1.94471038918557
455 -1.59270721340367 12.0263639904918
456 -1.59263547969984 12.0261119790523
457 -1.59265576735952 12.0261540236168
458 -1.59256259438815 12.0259934040425
459 -1.5926850999647 12.026394689124
460 2.81371940472719 2.46989471546839
461 2.65054795263431 3.8957254246958
462 -1.5927090826898 12.0263508361081
463 -1.59284619390641 12.0265015289979
464 -1.59265559309175 12.0261215206553
465 2.59103367019649 4.16351587091228
466 -0.121578131727848 8.95946913192122
467 2.46090068636959 3.0770178971203
468 2.81449804176185 2.17515364344882
469 0.45501319387015 5.12327409917404
470 -1.74205818627414 9.95096785664241
471 0.873190807013322 9.76763191135448
472 2.31320853768826 3.65195279528266
473 -1.59271192312946 12.0263636369678
474 -1.69871204717893 10.5103409998635
475 0.849684814750768 6.02316855557238
476 -1.5926695255547 12.026354846975
477 2.46101490236967 3.24854215678101
478 -1.59267827831109 12.0263451578264
479 0.845391739344222 5.17773594176663
480 2.76096016508814 3.99361973426194
481 -1.85338731085722 8.59971875463236
482 -1.59266025018948 12.0263551512607
483 3.84216821061438 4.01982373331984
484 1.68284150613673 4.28233493076985
485 -1.59266685527767 12.0261717929929
486 -1.59263215387281 12.026119418873
487 -1.69875060462188 10.5102877279517
488 0.873171963948674 9.76763665252535
489 2.86224056357924 2.71579061275457
490 3.19235041424728 3.35379315118045
491 -1.6986834462931 10.510297540223
492 3.0817558616413 1.88098157396004
493 4.05738112875676 1.69506041020072
494 -1.74206586866731 9.9510815480647
495 3.22782925028212 3.14260639695287
496 -1.69865110812575 10.5102925678361
497 -1.59260252988998 12.0260642716496
498 1.13236438895077 6.43709139073934
499 -1.83323277724035 8.83476845609747
500 1.36294468471432 9.32380087554954
501 -0.160776300777653 6.61288881837548
502 -1.59264620997215 12.0261344518789
503 0.850512983090957 6.15849626557625
504 -1.76972540193108 9.60140967968291
505 -1.69882146570822 10.5104267993273
506 -1.69863276347868 10.5102058942379
507 -1.69879462256631 10.5102919636617
508 1.34564544080812 4.23310172015971
509 -1.59299111050291 12.0269596955926
510 -1.59266675605437 12.0262166436179
511 -1.76979192697142 9.60157010321756
512 2.3931168217785 2.18622571709153
513 -1.59266026186138 12.0263558139867
514 3.88461731790663 7.07296740630589
515 0.460241284163115 5.83050998563484
516 -1.59269425116379 12.0263172515335
517 1.68667187274152 6.1666192744694
518 -1.74189485337661 9.95097869941852
519 2.81354169059724 6.07289565268158
520 -1.59265903870319 12.0263679608563
521 -0.0939715728389272 10.6482809106508
522 -1.59269535295928 12.0261593369316
523 -0.09398349201606 10.6482580341624
524 2.2330183610435 2.56046247499618
525 -1.74194664951717 9.95097710576244
526 -1.59268612660494 12.0263385058276
527 -1.59262763787555 12.0261115848162
528 -1.59270393317637 12.0261481962133
529 -1.59287172919684 12.026422942272
530 0.872959110541635 9.76755356694448
531 -1.59268833611477 12.0263135869569
532 -1.79033043761774 9.34564927416633
533 -1.59267270601004 12.0264116776189
534 -1.69872937852859 10.5103292667733
535 3.68548124566208 2.95894080997973
536 1.12670865593423 5.0918209215014
537 -1.59265785841666 12.0261590138727
538 -1.79052950620188 9.34585645356476
539 3.32794638062469 3.42661230908172
540 -1.59265735484313 12.0263677818622
541 -0.138200681141169 7.98014290643911
542 -1.59273436689326 12.0263878482164
543 -1.69873733800932 10.5103452950546
544 2.23376458416691 6.64351984210122
545 -1.59270300336283 12.0262308299252
546 -1.59266509259889 12.026354445968
547 3.84356967191522 1.90970601877427
548 1.36316589884106 9.32377636956854
549 0.477328995396733 7.75255251613982
550 1.35112476288264 6.21907555831914
551 0.498996577554277 10.1074788361282
552 -1.59265539967621 12.0263653196638
553 0.482820750293471 8.36500169876159
554 -1.6986678167471 10.5103341203356
555 -1.69877441697836 10.5102601178457
556 0.846997903175504 5.52245784420342
557 -1.59267637400202 12.0262927641756
558 -1.5926634157944 12.0263711410149
559 1.12480053823997 4.45385179248002
560 1.12622284284371 4.95858412956631
561 2.3898815134879 3.14797248701574
562 0.467607686815083 6.69592418523829
563 3.47807940855089 3.39765902536674
564 3.44988476274763 5.44600033859598
565 -1.59272816121336 12.0261299981559
566 2.76186048100101 2.73606248088567
567 0.84970163426412 6.02317723576681
568 1.34551439315046 3.67199718147118
569 -1.59270158095042 12.0262717048986
570 3.63882768590633 1.71007035240114
571 -1.59271662302631 12.0260901378439
572 2.39069611321661 5.46670600387045
573 0.463142735589773 6.17933518587028
574 2.998753561446 2.31764269129829
575 2.99704542105357 3.64819325999722
576 -1.5926605613481 12.0262018490051
577 2.954228796179 5.29681788971542
578 -0.093976886014463 10.6482763305647
579 3.0388181001058 3.33200138747244
580 -0.121560257086316 8.95944941058315
581 -1.59276647418483 12.0261935046791
582 -1.5926522347707 12.0263559964419
583 -0.149286023027318 7.31081970749525
584 -1.69865298877828 10.5103351613575
585 2.31349165658279 3.22436338773243
586 -1.59267817156703 12.0263463771408
587 -0.146236867981904 7.48985256622306
588 1.94586625672162 8.79875990176717
589 1.68323997196065 4.60899017019417
590 -0.146219598053573 7.48986690696931
591 3.26205140186392 4.31464002309208
592 -1.59269099842989 12.0261620604353
593 -1.59267734301367 12.026342423556
594 -1.59278305519892 12.0264872424079
595 -0.0939891179073072 10.6482556319118
596 1.81841668178455 4.82643517174201
597 -0.132110876388188 8.35574354515537
598 -1.59271512953299 12.0260259794887
599 -1.59272782167141 12.0260960760445
600 -0.149451279849112 7.31110276117292
601 -1.59268343390322 12.026153601361
602 0.847024229516086 5.52241730261178
603 1.68918802753508 7.17924988864501
604 1.9387741070162 3.25049997096289
605 -0.142668648967056 7.70601593093799
606 -1.59271739149191 12.0263816160065
607 -1.59265909724775 12.0263772540369
608 -1.59271035874087 12.0260064020444
609 2.99943931497318 7.85655546955608
610 -0.157880352172423 6.79938270213672
611 -1.59272398222977 12.0260610716634
612 0.453489024085957 4.86402952829316
613 -1.74196318677332 9.95098070724297
614 -1.76940436132671 9.60140811686369
615 2.81396011329606 2.3745399281406
616 -1.5927927142906 12.0265115759092
617 -1.80725195467033 9.14428674990534
618 -0.1853414786499 4.93379175790582
619 -1.83358403692217 8.83501881117058
620 0.45838640250024 5.56440325783282
621 2.4654222787558 8.33265257656428
622 0.873339452984421 9.76764135733878
623 3.15584573316226 4.19741867696805
624 -1.59267838880819 12.0262195133175
625 -0.121572524451522 8.95946757168339
626 -1.84436982899927 8.71081093867133
627 -1.5929003887105 12.0266007769464
628 -1.59255517159919 12.0259878618925
629 -1.59265806105727 12.0261506878206
630 -1.59305426200731 12.0268482172036
631 -0.166614620725945 6.25013119076204
632 -0.0939724030910321 10.6482806795004
633 -1.5927058747944 12.0261273176559
634 3.15571169073015 3.59900204246913
635 -1.74196309180868 9.9514385349461
636 -1.59299795116869 12.0265203090359
637 1.81961849851329 5.53100657285506
638 -1.59267588070688 12.0263209849238
639 -1.5926803451046 12.0262336724629
640 2.39003648123416 4.62209461583577
641 4.99432704285666 1.64143650077061
642 3.9444315758008 2.34578044441671
643 -1.74166665127587 9.95077045917446
644 3.48075539673014 1.64603630986114
645 -0.149422470547442 7.31098926894107
646 -1.59293548401242 12.0265668548072
647 -0.165600232776685 6.31391445844103
648 0.47734695781186 7.75246118935995
649 2.05173870240313 8.70328420856854
650 2.99709893745454 4.5790152257674
651 -1.59268910812107 12.0261610356281
652 -1.853496201015 8.5998091003764
653 -0.131692610922742 8.35594209345584
654 -1.59270446909229 12.0262991004602
655 -1.59265605346747 12.0263617742072
656 -1.5926642696502 12.026366208719
657 -1.74189944416216 9.95161166132616
658 -1.59267718716971 12.0263585092992
659 -0.15775134077919 6.79925934568588
660 1.52980198168644 5.34470307512662
661 0.849741646922687 6.0231432119825
662 2.14500026245556 6.73080934929915
663 -1.59265486058196 12.026388611967
664 3.73262818899014 2.41598811381774
665 -1.5926551117367 12.0263562381735
666 -0.0939253594789296 10.6482627824727
667 -0.142676050903011 7.70609016740999
668 -1.76957789358926 9.601716841474
669 3.42076277332429 2.72814646077212
670 -1.59273724100169 12.0261115130735
671 0.48306295640968 8.36507321477325
672 -1.59271938159395 12.0260707929683
673 -1.59270983179135 12.0260061710523
674 -1.59267671078894 12.0263194546929
675 2.14111168584633 3.31935574108406
676 2.90941566492816 2.58825155083988
677 2.46236658148373 5.78493961348088
678 -1.59271111195123 12.0260134451279
679 -0.121563925980725 8.959477447282
680 -1.69877631651849 10.5102634129814
681 -1.79007917952072 9.34539520606347
682 -1.59274012298328 12.0261219253045
683 -1.8074927906775 9.14445146980571
684 -0.121560998247234 8.95945523558426
685 -1.82140632471218 8.97742060433356
686 -0.0939522981017553 10.6483150100445
687 3.70997354605323 7.22695081373984
688 0.844418663217476 4.96068875747948
689 -1.59268988972825 12.0263689996218
690 -0.0939625784853212 10.6482624628944
691 -1.83308413810885 8.83459219531511
692 -1.5926397611696 12.0261281759329
693 2.52985481868443 6.3522222617055
694 0.467761585826852 6.69575325454398
695 -1.59267389678965 12.02630834202
696 -1.69866421078656 10.5105028124208
697 -1.59264686226013 12.0261444045037
698 -1.59266964356572 12.0263600585116
699 0.842823465631149 4.54414999844283
700 -1.59300703165212 12.0265252160663
701 -1.59290576147104 12.0264193699058
702 0.463999725827629 6.2874065742909
703 1.8182045019765 4.82703857025734
704 -1.59266187126459 12.0261448986603
705 -1.59290417149537 12.0263098640921
706 -1.59265017601234 12.0261521482578
707 -1.59268102158047 12.0261494921717
708 -0.133316750904909 8.35528140357902
709 -1.74193911949702 9.95097937080827
710 -1.59282729364237 12.0264926184698
711 -1.85380203149941 8.59997956997145
712 3.03986072226564 5.85037191167117
713 0.477364102652836 7.75247887648334
714 2.14251886196352 5.20893979839026
715 -1.74207634428247 9.95075957281207
716 -1.69872558979218 10.5103211308008
717 -0.0939840050273793 10.6482691616804
718 -1.59270601461254 12.0263316088313
719 -1.5926649815102 12.026242501818
720 -0.0939535867689385 10.6483085019956
721 -1.79043905011924 9.3457646451634
722 -1.69867434491121 10.5104890275168
723 -1.5926552791629 12.0264275583282
724 -1.59265478909056 12.0263551889454
725 -0.149418574948981 7.31105953822741
726 3.32856677098557 2.63542560915223
727 2.65041423017051 3.5687719853081
728 -1.59294565989743 12.0264197359673
729 4.62659612941853 1.33107666961904
730 0.477385949178453 7.75240542205514
731 0.469370686450629 6.87644997722809
732 -1.74224752071253 9.95010653741245
733 -1.59268632349523 12.026276205999
734 -1.5926793488198 12.0263474292676
735 -0.146299379369006 7.48978883494402
736 1.12867658018524 5.62400466589221
737 1.9373850310348 4.60836134649472
738 -0.0939394969906815 10.6483342740209
739 -1.79041786127746 9.34574319042831
740 -1.6987176064099 10.5102757307023
741 4.00111698722035 2.87329729778113
742 -1.59279293505627 12.0262295220494
743 0.46104478764713 5.90831273870878
744 -1.5927068568413 12.0261183177664
745 0.499019748595746 10.1074794817891
746 -1.59292729268801 12.0265485650397
747 -1.84436239575409 8.71079563857987
748 -1.59260196743555 12.0260375137642
749 -1.76985346738618 9.60173475856986
750 -1.59268727055794 12.0261476245656
751 -1.59305300818356 12.0266808359917
752 -1.59267837411294 12.0263329815984
753 -1.59268936581188 12.0262255361656
754 3.11947311028509 2.1969849976543
755 -0.171691978809384 5.92727355817122
756 4.00105681168883 3.01051847432131
757 -1.59272221562675 12.0260588122155
758 -0.093915648330654 10.6482496429111
759 -1.59264227186287 12.0261396131074
760 -1.80742199011281 9.14438161995706
761 -1.59270887332659 12.0261475683386
762 3.39163722988916 2.1440438283273
763 0.47093560819595 7.09516108307074
764 2.95323976698824 4.06031233126093
765 0.842269261031075 4.34717709400578
766 0.477311782024624 7.75247346666236
767 2.81254697222859 4.35643523305975
768 1.34892088219945 5.52506800461518
769 -1.59266033751767 12.0261662886952
770 -1.5927132150323 12.0260183240478
771 -1.59276018185315 12.026179848347
772 1.52891439689592 4.84136621831453
773 2.23045943427922 3.39045262871937
774 -1.69869527441729 10.5104790126288
775 3.04042428606517 2.38148044429702
776 -0.121546256141161 8.95944833642124
777 1.52797859664417 4.13648187126979
778 0.846317043313257 5.37189610560104
779 2.31870437209944 8.46421163586247
780 -0.0939494026601503 10.6482777658163
781 2.65222024374469 2.50622067267186
782 2.59136500877091 4.98378023416139
783 -1.59273350985743 12.0261000664895
784 -0.142730952658104 7.70607264466484
785 -1.59267790622329 12.0262179235471
786 2.3903568000328 5.18415955202867
787 1.12683916512782 5.16483477012038
788 0.84558418820734 5.23896884606503
789 -1.5927338180237 12.0261966391398
790 -1.74219264240856 9.95084744980337
791 -0.151862911857668 7.1580479612545
792 2.59501956791788 8.2170461408911
793 2.04509329677634 3.91999123019066
794 -0.0938989376374744 10.6483626954463
795 -1.59267209729401 12.0263557905393
796 -0.146399905512698 7.48986003482395
797 -1.74188108206721 9.95093107655948
798 4.36116628382446 6.65395613982294
799 -1.59278965456368 12.0264897590631
800 -0.0939789730688138 10.6482738451542
801 -0.157863042854142 6.79935025606208
802 2.59307307289526 6.29044840163005
803 1.94019643322019 6.30241605516592
804 -1.69880196155492 10.5102622852457
805 1.53198640108873 6.03903935633185
806 1.12558146824222 4.78365084528703
807 -0.164561856152187 6.38152559076363
808 -1.76983198976567 9.60178289343122
809 -0.154050003581739 7.02460544982139
810 3.42167700261801 7.48187462652517
811 -1.80698435741757 9.14366583911766
812 -1.69864676901591 10.5103663800314
813 1.12974221585603 5.8798945339267
814 1.12973914913875 5.87988317284733
815 -1.85330026147528 8.59956383374302
816 0.844153846266277 4.91210318297972
817 2.95447203016342 5.93395901200868
818 3.11934488681623 2.37808890650494
819 0.498918532447214 10.1075342361432
820 -1.69871836489883 10.5104629738852
821 -0.0939693673262722 10.6482648659483
822 2.23149923225134 4.93674075039997
823 0.4665779484264 6.54174931355561
824 2.14117346883507 3.52339066177822
825 0.4989958716199 10.1074880376866
826 3.66140739379078 2.9831098431247
827 -1.7420883576505 9.95085323751347
828 1.131282304756 6.21692110397181
829 0.85252515387996 6.49463741726388
830 2.46158516510428 5.11318850608681
831 0.857940125040321 7.37528979780428
832 -1.59269463580345 12.0262417545839
833 -0.0939494988413014 10.6483204379153
834 -1.59306804384422 12.0266830671678
835 3.11929169622891 2.37794156330882
836 -1.80726426020444 9.14409016353656
837 2.31364522357919 4.56172109694532
838 1.68396011039057 4.96078621420624
839 1.12913364742288 5.74438379419554
840 -1.69867777231951 10.5103726317355
841 -1.73225524261032 9.94240845143781
842 0.853803415600929 6.71409144826388
843 1.81838702382354 4.82650513437167
844 -1.59274227061869 12.0264432453452
845 -1.59269947241551 12.0262011687895
846 -1.59267220685447 12.0263282530743
847 -1.83328774917483 8.83471879111425
848 -1.59268402573628 12.0262555698577
849 -0.0939625617077383 10.6482916861364
850 -1.74177653995079 9.95104983361296
851 1.34584097994011 4.36383540793285
852 -0.16928235735976 6.07755148784199
853 -1.59266122935708 12.0263667092199
854 2.65228437636447 6.23162935729606
855 4.69169238468541 -1.00794641171357
856 2.65220999281762 2.47651809284308
857 -1.83307311131244 8.83458479207418
858 0.483014847177307 8.36503370383321
859 -1.80682273246549 9.1438162338253
860 -0.16077557454236 6.61288042626908
861 -1.76988392759459 9.60187716976264
862 2.39436805884338 8.39606796825152
863 -0.121587827350215 8.9594685576948
864 -1.69876758439662 10.5103672674456
865 1.68494114455191 5.6650566902582
866 -1.59269791155842 12.0263691659473
867 -1.5927094779307 12.0262914004588
868 -1.59276711368893 12.026246048982
869 1.14701083565788 9.51935693527788
870 -1.76975968044294 9.60173878069202
871 0.872900194955603 9.76753813802194
872 1.94590976714744 8.79884060762857
873 -1.80695494451701 9.14374535604573
874 0.482946408810683 8.36502256841119
875 -0.138078448070243 7.98009453829338
876 -0.121616636206561 8.95952997610369
877 -1.59269106172386 12.026403638011
878 4.00121349273971 2.7516088374052
879 1.13238281115712 6.43710344174324
880 2.04709424677736 2.51292696637253
881 1.34980523085955 5.81621357621661
882 0.473753219713641 7.37218920097886
883 2.59167236956948 5.26652059610512
884 -1.59276426912217 12.0262882149541
885 3.19215871761935 3.97772865935073
886 -1.92235384804282 7.82879668023632
887 -0.131837189467235 8.35587575152018
888 0.498861192562682 10.1075516631593
889 0.498944590899871 10.1075525562838
890 -1.59288671442222 12.026337469304
891 -1.69861042719854 10.5103555180454
892 3.32979427726729 2.12835859068775
893 1.68461148750155 5.32632627609823
894 -1.69881518982533 10.5104122386427
895 1.3485209094004 5.40453405355495
896 -1.76943915691891 9.601429794154
897 1.35205323728228 6.49880861445045
898 1.35578563286749 7.50714030261075
899 1.5341927151339 6.70536362430496
900 1.12433350422063 4.06515463584358
901 1.53198180219297 6.03902934924787
902 -1.5926857733396 12.0263392272444
903 -0.131838572088794 8.355871406014
904 1.34979643227579 5.81620504089098
905 -1.59266368009051 12.0263588635481
906 -1.59289890663644 12.0263482752364
907 0.457909215147602 5.50642650665416
908 2.595035001755 8.21706655734754
909 0.459883930175515 5.75787890146438
910 -0.0939207235541716 10.6483124099146
911 -0.138114181043115 7.98031837501107
912 -1.5927020645407 12.026254407555
913 0.872933710133177 9.76753236864904
914 -0.138172605826478 7.98013094530264
915 -0.121545184501275 8.95944057875194
916 -0.154175917764808 7.02490013128949
917 -1.59274841484775 12.0261483358174
918 -0.138309694393232 7.98017391205236
919 3.73279474470287 2.55760537767494
920 -1.5927170874634 12.0260789961964
921 -0.160752538647373 6.61283931789419
922 1.1264449345248 5.02325622457413
923 -1.59266773603342 12.0263593390355
924 -1.59269579207496 12.0261620945548
925 -1.79030824334297 9.34562779567276
926 -1.59265516188191 12.0261698486734
927 1.34550001369018 4.23326343402418
928 -1.59266516188948 12.02636489418
929 0.498863818468318 10.1075531285934
930 0.466406684139377 6.54169856604556
931 -1.59264870258802 12.0261454063723
932 2.59275619822798 6.29020464016113
933 1.93827498123605 5.22945990200804
934 1.34609104846533 4.51022695175017
935 1.93927504221141 2.99925076803617
936 3.32799443880953 2.96371242915809
937 -0.15184887723965 7.15805650802364
938 0.469322400892978 6.87643579666469
939 -1.59298931422879 12.0265958559114
940 -0.157822525035404 6.79933025519414
941 3.55988392875539 4.01741141323539
942 -1.83331835031488 8.8347468378453
943 1.5281249400914 4.32813724506795
944 2.9541730382085 5.29676199866554
945 -0.0939866184514907 10.6482622519735
946 0.471294568820752 7.09498812792413
947 -1.8539232630498 8.60013829061505
948 -1.5926926207441 12.0263354023631
949 2.23687467611252 8.53740111971994
950 1.81821601796514 4.72732315546663
951 -1.59265529038858 12.0261110160153
952 2.95390926650477 4.90569364983462
953 1.68283642286488 3.66905117627843
954 -1.5927178884276 12.0260830794614
955 0.861355109031759 7.992314764376
956 2.23114214322833 3.0865577106301
957 -1.59269447837138 12.0262793754421
958 -0.093935362413594 10.6483343381617
959 -0.142662112446326 7.70601107400479
960 -1.59271132853953 12.0260271963851
961 2.99740043771662 5.25374755923923
962 -0.132814140258509 8.35522623426884
963 4.76451657625922 3.49190985201572
964 1.35363725262805 6.88418304097197
965 -1.80721816379473 9.14385163850653
966 2.59169779039515 2.83099189025148
967 2.81224301758457 3.83341168764406
968 -1.83365397686994 8.83510921974148
969 -1.59267303488063 12.026392034525
970 -0.1317308260856 8.3559266261009
971 2.90869360292996 4.66724040296689
972 2.52840025185326 3.13577634005247
973 2.52862827219731 5.04661750964415
974 0.848998342134287 5.90318390635341
975 -1.7697933191875 9.60185263543749
976 -1.59271272872735 12.0261563516096
977 -1.79048961783132 9.34581822291964
978 0.498988673802286 10.1074805406897
979 3.42167858590065 7.48175392924646
980 3.15924106244719 1.77756840928355
981 2.04684140653005 3.45120476304999
982 -1.84392567754164 8.71030122886206
983 -0.0939789542874031 10.6482745481882
984 -1.69874156401193 10.5103131636648
985 -1.59268402122394 12.0261555651155
986 -1.5926569215651 12.0261701942169
987 -1.59271280269615 12.0260131780381
988 2.46152699930542 5.11319016261927
989 1.8217105792703 6.42020139344221
990 3.32950504927931 7.56355511591379
991 1.13826697667476 7.72093218727799
992 -1.79010894779082 9.34541492908307
993 1.34753418632869 5.10663321414028
994 -1.7908610654321 9.34620178387983
995 1.13823399992035 7.72112244009765
996 3.3609730475578 7.5355731070914
997 -1.59288543243921 12.0264262485942
998 -1.8701681603996 8.40961691913066
999 -1.59290852147961 12.0264630850107
1000 3.59128702407632 0.945864865856887
1001 1.82066038146312 6.03324727000987
1002 -1.5926554444722 12.0261622814591
1003 0.465217087244266 6.40678755415799
1004 -1.90805072550575 7.98944856270747
1005 -0.0938865985018444 10.6482815545311
1006 -1.59272840110848 12.0260781510666
1007 1.34851124862493 5.40450208889605
1008 3.29546723712627 4.56537955039063
1009 1.12868682146538 5.62401842829002
1010 0.462278772180989 6.0815330009786
1011 -1.59270544229633 12.0263696708668
1012 -1.59265493753542 12.0263556959987
1013 2.52866973460416 4.48293209304592
1014 -1.69863663994067 10.5104532083958
1015 -0.146219316994169 7.48983145059992
1016 -1.5927159111511 12.0260322894746
1017 -0.0939048981669137 10.6483515828109
1018 -1.59273636639495 12.0263588539041
1019 0.499004849338622 10.1074862957244
1020 -0.149442967883377 7.31106695511761
1021 3.03969747974566 5.85023227387665
1022 -1.59270782752763 12.0262587408462
1023 -1.59271796993442 12.0260727176708
1024 0.463188645662363 6.17939213019761
1025 -1.74217499901422 9.95062151942933
1026 0.477259948834861 7.75257815642481
1027 -1.59270476839881 12.0261531325185
1028 0.849088810133655 5.90305090707892
1029 -1.59265719089513 12.0263548558644
1030 -0.0939222003536638 10.6483644780274
1031 -0.171134050559845 5.97537091550122
1032 -1.59272530404869 12.0261661764701
1033 -1.59261083869628 12.0260720056035
1034 0.873181155898552 9.76761092168682
1035 -1.59270885538289 12.0260089342348
1036 1.68336025190854 4.68709794579063
1037 2.59112429721503 3.31816060939473
1038 -0.146735096497916 7.48974769835851
1039 -1.59272200928682 12.0260804732599
1040 0.84594433065689 5.30349894507737
1041 4.33433236634967 1.0111578442619
1042 -1.59265746041746 12.0263585823004
1043 -1.59271824167185 12.0260515449803
1044 -0.146596859951531 7.48986811917759
1045 3.29528312239355 3.71758989257513
1046 -0.0939292414709007 10.6483264762012
1047 1.93767546985456 4.70720158236329
1048 3.45059698014909 2.35289210810463
1049 2.14257554254363 5.20889317746811
1050 -1.59268581127496 12.0262494439612
1051 5.14717486666474 -0.167874992522282
1052 2.14176404997756 3.94347588978607
1053 2.59092628778526 3.95528895968958
1054 0.845097055899091 5.11958663859882
1055 3.47861669930365 2.4294980402026
1056 -1.59278308181193 12.026259032302
1057 -1.8213490716212 8.9773625212139
1058 -0.121555746960572 8.95944381384158
1059 -1.59283710031129 12.0265087576045
1060 -0.131948167844911 8.35581028171333
1061 -1.91346310523151 7.93356865004588
1062 0.853832089807596 6.71410116745532
1063 2.99745142594152 2.85834901527158
1064 0.498928187686622 10.1075053395973
1065 1.12673194132246 5.09196814638361
1066 -1.59267222743145 12.0263362560288
1067 2.99942674470759 7.85657991924312
1068 0.482823027230713 8.36497127321022
1069 2.90902130980212 5.34157292185484
1070 -0.121547654825305 8.95944250652751
1071 1.35601386561597 7.50677618688354
1072 -0.138084666951461 7.98010769235706
1073 -1.59265997131844 12.0263707119258
1074 -1.69877764090384 10.5102644297803
1075 -1.59270006508957 12.0263610393515
1076 0.471300708445366 7.09492525959431
1077 -1.74197225788579 9.95098332872227
1078 -1.69879624647907 10.5102848684813
1079 -1.69872453736628 10.510539133858
1080 0.47738189240404 7.75240590260316
1081 2.81219427528565 3.48029424713524
1082 -1.7420244412726 9.95085877867864
1083 -1.83346025721886 8.83487983290536
1084 -0.12156458427302 8.9594537344374
1085 0.467608688741874 6.6959219576281
1086 3.04118962502783 7.81953788990931
1087 -0.121586299795096 8.95952102063661
1088 1.12712132123614 5.24284449538481
1089 -1.59265780296195 12.0263642747484
1090 -1.7423286513058 9.95022569349841
1091 2.14216175205681 4.40349581842052
1092 1.81864002994255 5.05625781179042
1093 0.855639792398028 6.99253477565838
1094 -1.59265635077373 12.0263832585575
1095 2.76258351647501 6.12328606596185
1096 -1.83258608723276 8.83413162562852
1097 -0.0939937369103013 10.6482607507629
1098 -1.59280928833552 12.0265204421317
1099 -0.0939006733491754 10.6482671203211
1100 -0.0939852357252931 10.648399166686
1101 3.8880958469162 0.855706869433778
1102 -0.0939507055165901 10.6483196241567
1103 1.12536490453279 4.63119642715405
1104 0.456112193129548 5.25305685189656
1105 1.82219241066106 6.42028154354385
1106 -1.82140206934839 8.97741591927687
1107 -1.59276318542735 12.026515591946
1108 0.84289126723405 4.54410908811077
1109 -0.146345495445867 7.48980755792743
1110 -1.59268693482984 12.0263927422712
1111 -1.59266170867095 12.0261906892181
1112 4.43218954904991 1.93350014635456
1113 -1.87762186448547 8.32679068398097
1114 1.13545915108864 7.10047879707413
1115 -1.87741001327147 8.32654632908156
1116 -0.132094469313575 8.35573873000258
1117 -1.86273648329618 8.50079439839376
1118 -1.59271085821473 12.0260071241898
1119 -1.69868672935089 10.5102933936308
1120 -1.59266375096328 12.0263580030563
1121 3.22775345188126 4.63279406966013
1122 2.81562044930441 8.02028910284029
1123 1.68918345923468 7.17927782066903
1124 -0.121560563975559 8.95947376489128
1125 -0.170126225430459 6.02522160719992
1126 1.53076630718941 5.63602523716163
1127 -1.7905351084235 9.34586286041372
1128 0.465215004627243 6.40680107226709
1129 -0.12155961681769 8.95947244415754
1130 0.853807068561911 6.71407597794602
1131 -1.97663181237349 7.25957757232433
1132 -1.59268922667814 12.0262118154305
1133 0.460345501314471 5.83046397167999
1134 2.39433528886478 8.39617589233565
1135 1.52792341586678 3.72422426175633
1136 -1.59292687777291 12.0263841873496
1137 -1.59272202465892 12.0260643530381
1138 -1.59270750740506 12.0260067856233
1139 1.69448855163169 9.02479433550053
1140 -1.85380164806469 8.59999501387962
1141 0.464002813452602 6.28738312589219
1142 -1.59270790002553 12.0261293227957
1143 -1.59267969499933 12.0261712330433
1144 1.53125587890021 5.81823004773284
1145 -0.0939067540127071 10.6483368527259
1146 1.13052267620011 6.03512919825638
1147 -1.59271181833647 12.0263588366
1148 2.65441593647115 8.16404902851962
1149 -1.79038917081488 9.34570913076836
1150 3.03914590120777 2.9840996501178
1151 -1.59270771314753 12.0263220523849
1152 2.81254870085974 3.21095267148896
1153 4.49945421321572 1.86578878795134
1154 0.46241406668794 6.08137986912918
1155 -1.79076842518382 9.34610787101676
1156 0.872978361957076 9.76755812119713
1157 -0.0939591981837 10.6482508397649
1158 0.873214097423973 9.76763394857957
1159 2.04844988734867 6.82608605755451
1160 -1.59289311123506 12.0263396319556
1161 0.844425375602592 4.96068657899988
1162 0.455497937078587 5.16495814351486
1163 -0.165570228687845 6.31393459273319
1164 3.39031522649765 3.15535103962947
1165 0.477279297180819 7.75251121553619
1166 1.53017462204647 5.48046656450758
1167 -0.138084156090024 7.98010042340932
1168 -1.8443665232142 8.71079528193345
1169 -0.121579892493346 8.95951433819339
1170 -0.0939540138757193 10.6483085701268
1171 -1.7905459717096 9.34587378382375
1172 2.86151859689986 3.28860715055887
1173 -1.59273589294487 12.0264585182377
1174 -1.59267015088195 12.0262349627785
1175 -0.121609641174071 8.95955030107943
1176 -1.769577431641 9.60131132457282
1177 1.93815157763204 3.37936528266691
1178 -1.59273922919624 12.026203259368
1179 4.10867853184542 3.7534150488832
1180 -1.78977521730791 9.34507857202794
1181 -1.59281977661542 12.0264934414424
1182 -1.59270202405314 12.0261285878141
1183 -0.121587001346618 8.95950655586118
1184 -0.093966213455912 10.6482849049808
1185 2.23190279824594 2.86843564216239
1186 -0.132036185156846 8.35598187264837
1187 1.12473369656087 4.373787634078
1188 -1.69866549881697 10.5103272966175
1189 -1.74201170362147 9.95093812993169
1190 0.498950334402774 10.1075208424351
1191 3.32879069217691 2.3793769289092
1192 0.84508704192701 5.11960215741378
1193 -1.74195411483296 9.95149311908788
1194 0.46519848722355 6.40679781331664
1195 1.12692082540495 5.16474443441999
1196 -0.0939470226469814 10.6483248933461
1197 1.94582776932174 8.79872518702978
1198 -0.131673250032075 8.3559483194883
1199 0.855642218800784 6.99253613659121
1200 -0.169289045484427 6.07755686843533
1201 1.35208433678524 6.4988279781116
1202 0.459867432735164 5.75788553588903
1203 -1.5927331880125 12.0261619157627
1204 -1.74206969689212 9.95103628858242
1205 -0.131659033313077 8.3559527214072
1206 -0.0939094182105383 10.6483684393838
1207 0.857751251715537 7.3752497675506
1208 -1.6987103334971 10.510417872755
1209 3.73360110171545 1.9279421615375
1210 1.34986202137713 5.81627571048207
1211 0.465224325277151 6.40677458094573
1212 -1.80738195451375 9.14435298731367
1213 -0.131895752304095 8.35576090632148
1214 1.12511042350377 4.53926264854542
1215 2.39029798811503 2.96138765747922
1216 -1.79060806749461 9.34593768256814
1217 2.65083874799737 3.43425640757667
1218 1.12868786630461 5.62405111908735
1219 -1.69871653313692 10.5103349812725
1220 0.852504242227909 6.49486411060372
1221 1.52855921765283 4.62143978068109
1222 2.95410249925667 2.85076480180173
1223 3.47942162327222 2.09719501220427
1224 0.858063034862187 7.37534771755154
1225 -1.69854109221153 10.5102099113741
1226 -0.14624239870286 7.48990372289059
1227 0.848989106416103 5.90319124909526
1228 -1.59298697710622 12.0264797656776
1229 0.467725989910181 6.69575654671608
1230 -1.59265734254256 12.026395334715
1231 2.86277805162994 2.38825541838281
1232 3.44967710356683 2.92033807121704
1233 -0.0939140656416377 10.648313257699
1234 -1.74218212779344 9.95083842558134
1235 -1.59269362261329 12.0263101127566
1236 -0.175391961541211 5.67324077239365
1237 -1.80647448605982 9.14297138213457
1238 0.849531378570386 6.02321338321391
1239 -1.82082208483958 8.97682461050337
1240 -0.0938917319187134 10.648276589393
1241 -1.59267074921431 12.0263526126082
1242 -1.69873090298244 10.5102841049849
1243 -1.59250992915496 12.0258756585637
1244 1.68334475371326 4.6871143226612
1245 4.64966281605771 2.09905249887279
1246 1.34544650831935 3.75532742695472
1247 -1.69877341313092 10.5102744576052
1248 -1.59265789162122 12.0261666998787
1249 -0.142664554350184 7.70601046191835
1250 3.03903126747537 3.04579413975438
1251 2.70866160093423 6.17611251972385
1252 -1.86223333738634 8.50031396179146
1253 -0.156011979709327 6.90602789477129
1254 1.12974756076861 5.87987956688807
1255 -0.146235061715946 7.48981845540485
1256 1.82201018957108 6.42028956013855
1257 -0.156088547752432 6.90612324417775
1258 -0.138243062911015 7.98018786136286
1259 -1.59268239932965 12.0263657199899
1260 -1.59266922949664 12.02633675053
1261 -1.69865376682025 10.5102982060464
1262 -0.138085402414921 7.98024757178498
1263 -1.69872757484928 10.5103184132534
1264 -0.146647022173942 7.49006279805786
1265 -0.0939411641449374 10.6483316197939
1266 1.34942661065147 5.66078266364113
1267 -1.74203451022311 9.950919992833
1268 -0.142666971637384 7.7060381872603
1269 1.81840165819194 4.82650612970676
1270 3.94357333559739 3.63370602194177
1271 0.46936660871356 6.87643749582065
1272 -1.59259503225732 12.0260152347485
1273 -1.6986926380662 10.5104933170907
1274 0.848290034970775 5.79478305064459
1275 1.34729812133162 5.02281232412475
1276 -1.85360542993504 8.59982324774714
1277 3.03886344625382 3.60630492019773
1278 0.469179338792926 6.8766580902706
1279 -0.12161676664177 8.95949529424673
1280 -1.84395902071813 8.71039447478889
1281 -0.0939099812893449 10.6482797354329
1282 -1.87046532832307 8.41000101099111
1283 -1.5926538276632 12.0263871264171
1284 -1.59265801794441 12.0261776384767
1285 -1.59291354395805 12.0263146649598
1286 -1.85362882298998 8.59981662004948
1287 1.35047182934958 5.99853075370067
1288 -0.138073283379701 7.98024493253239
1289 -1.69863391078616 10.5103161144544
1290 -1.820981043846 8.97698903655442
1291 -1.69863986030439 10.5103500439754
1292 -1.59269918200364 12.026162680987
1293 2.81565942613797 8.02035397698219
1294 -1.59270023942415 12.0263478130037
1295 1.53118030240358 5.81821130873702
1296 1.1264343990935 5.02328170029857
1297 -1.59265966502175 12.0263569541171
1298 1.13236721013669 6.4370967919321
1299 -1.59269659780714 12.0263543918539
1300 -1.79056522003488 9.34589317821104
1301 1.93956244396299 5.91509435328494
1302 -1.59275303243365 12.0265128613936
1303 -1.69867188464609 10.5103357544888
1304 -0.0939692449578157 10.6482839269028
1305 -0.131735204491485 8.35592037233675
1306 3.82196570467494 7.1282524068658
1307 -0.131914367991073 8.35581336461452
1308 0.465131127767134 6.40685702609878
1309 -0.154070797853368 7.02464355541176
1310 -0.149453088351171 7.31113695537004
1311 -1.59252859028387 12.025904084669
1312 -1.59270576456664 12.0263078192036
1313 -1.87044139796962 8.40980874852173
1314 -1.69863653855117 10.5103292201448
1315 -1.769830623096 9.60173055270082
1316 -1.59284643288497 12.0262926006525
1317 3.32805460302839 2.96371643217923
1318 -0.146789618295153 7.48978460284141
1319 -1.76979310572635 9.60148308173978
1320 0.844579511263398 5.011382244578
1321 0.845098760150119 5.11958763865515
1322 -0.121553314579307 8.95944900452234
1323 0.477385949088643 7.75241220892278
1324 -1.59266657775948 12.0263986068775
1325 2.86223150798314 2.71578295286383
1326 -1.85352358594865 8.59982387637876
1327 -1.592659410147 12.0261821277681
1328 2.76118308073809 3.20393874089879
1329 0.453143459820442 4.83106965714111
1330 3.84236175602021 5.0586725999165
1331 -1.59266791632648 12.0263532945177
1332 -1.7692297885859 9.60118050680437
1333 -0.160750986503525 6.6128395510953
1334 1.52868574663542 4.69015440118188
1335 -1.82131736634982 8.97733046188454
1336 -1.59265430292723 12.0263769739114
1337 2.52904001824657 5.71867640762089
1338 0.482869290423243 8.36500575189855
1339 1.12645773458728 5.02325256609495
1340 -0.121548611330299 8.9594363492096
1341 -1.69870184304058 10.5104760640723
1342 -1.7417406112752 9.94974884010691
1343 -1.59288155024254 12.0264957879224
1344 0.471311903317336 7.09503133493817
1345 -0.154029991168248 7.02465772206299
1346 2.46068577273302 4.18498808062841
1347 -1.59293148443188 12.0265455620599
1348 2.70749100127245 5.15088265596557
1349 0.483049337840216 8.36507146733209
1350 0.87316535261757 9.76760224504417
1351 1.81750164236081 3.5697735461054
1352 1.818080954996 4.47419030108774
1353 -0.0939862413753337 10.6482660403032
1354 -1.74175916393982 9.95101921756763
1355 -1.76933635555238 9.6011454501699
1356 1.54156715820363 9.16231765324486
1357 2.46159859214396 4.89075926804262
1358 -1.59268499298202 12.0263426931849
1359 1.12974641357552 5.87987944952938
1360 2.04431315106996 4.41062897323546
1361 -1.69866581761839 10.5103428630387
1362 0.461801338281768 5.99125312072213
1363 -1.59265214245889 12.0261371512699
1364 -1.88338602310403 8.24897595315344
1365 -1.69876989239563 10.510271466929
1366 -0.142776137554375 7.70609492571076
1367 -1.69859583168493 10.5103300895027
1368 -1.76965774183036 9.60135641986389
1369 1.1278886768269 5.41703811497162
1370 -1.59266521888136 12.0263745895732
1371 1.13126984742208 6.21695149353617
1372 0.465218719149998 6.40679982312103
1373 0.85384629792639 6.71407163959569
1374 1.81787565848686 4.33228141432882
1375 -1.85362430477389 8.59983214955998
1376 -1.59266373280188 12.0263581752715
1377 -1.59270705676733 12.026405650761
1378 0.473726213657381 7.37222074602452
1379 -1.74204886697565 9.95086734414392
1380 1.14823270901807 9.51945760545155
1381 1.81765664157787 4.09195253522118
1382 -1.83364446740519 8.83514375998718
1383 -1.83348704047036 8.83490487609748
1384 1.81804700787792 3.12069110111649
1385 -0.121577116298141 8.95946386305861
1386 -1.59266909675503 12.0261990081334
1387 0.465077635727829 6.40690700778031
1388 -1.74214138036275 9.95088089464696
1389 1.13236515043998 6.4370854099482
1390 2.59211029301444 5.65615855698087
1391 0.498912991836632 10.1075144056256
1392 2.59091708476151 3.86421608734969
1393 -0.0939579752403773 10.6482988295144
1394 0.847965878962099 5.69647932241771
1395 -0.138091247974166 7.9801471382282
1396 -1.79054495483404 9.34587241053383
1397 -1.69868707388801 10.5103117584554
1398 -1.59273280895966 12.0264180764525
1399 2.65091011271217 4.92426635794993
1400 -1.59270101615958 12.0263491430341
1401 1.68335637471738 4.68710075904282
1402 1.12815101551925 5.51556829852194
1403 -0.146251595545497 7.48982294485094
1404 0.46764974435457 6.69586940312163
1405 -1.69867612900476 10.5103751160226
1406 0.85136772021209 6.31318970386665
1407 -0.159463840159902 6.70206337385298
1408 2.23083829954635 3.19224729856368
1409 1.13127192469302 6.21693664999234
1410 -1.94340592452534 7.60548243601486
1411 2.14147080547062 3.76817867928848
1412 -1.85385752249839 8.60004719382068
1413 1.52917796972764 5.01624549926595
1414 1.52906371488928 4.92527727445199
1415 -0.121571051818951 8.95945958625826
1416 -1.69868250374533 10.5103825058944
1417 -0.0939262088103973 10.648363439801
1418 2.76187510274918 5.48766073159763
1419 -0.138345773342316 7.98017105450509
1420 0.46639307871051 6.54155941854424
1421 0.465228612437598 6.40676664224209
1422 0.469365719145927 6.87645334851251
1423 1.1271023187259 5.24269887740742
1424 -1.59286891020894 12.0264669697298
1425 -0.159502432970821 6.7021595807835
1426 0.473878107150653 7.37204700181702
1427 2.46213502855158 2.69632500777591
1428 -1.59268078843577 12.0263579229958
1429 2.95398344793268 2.95509293680839
1430 2.90869028519961 3.17627382152778
1431 -1.84351488778236 8.71003885412879
1432 0.467713950667846 6.69577505605623
1433 0.49893457580522 10.1075327660154
1434 -1.6987834691005 10.510259878901
1435 2.23175267290095 4.4128766809789
1436 0.852516566435851 6.49483483456705
1437 4.2088806129293 2.43333403581335
1438 1.52951843977509 5.22386934784381
1439 -1.94737090959548 7.56594600181605
1440 -1.69867774131761 10.5103343642185
1441 0.851285889565456 6.31331985515686
1442 -0.121548298315653 8.95945086187506
1443 -1.59265609137931 12.0263825771036
1444 0.473789645594034 7.37217851633775
1445 1.68439201343584 5.19017764319662
1446 -0.156200395484333 6.90637140699528
1447 -1.59273432210551 12.0261133664112
1448 -0.0939552524582212 10.648335919676
1449 -0.159350975723852 6.70242570322304
1450 -1.74181525244009 9.95108806725267
1451 -0.138086346383633 7.98010610268543
1452 -1.59264217334873 12.0261333360965
1453 -1.59281830711162 12.0264760286419
1454 0.49895658452114 10.1075030192529
1455 2.91104092177251 7.93497037288913
1456 -0.146211338702322 7.48981115822165
1457 0.465211666378284 6.40679323698581
1458 -0.121559350607563 8.95946201879073
1459 2.38964137568255 3.27470437320438
1460 0.469269947182664 6.87660140895247
1461 3.78051810585931 1.23295191548013
1462 -1.59273041593104 12.026169514128
1463 3.88413223479162 2.66028776312218
1464 -1.59273834441362 12.0262284180301
1465 -1.59265967765944 12.0263572553035
1466 -1.59263863754654 12.0261257330859
1467 -1.59268085365189 12.0262064913015
1468 -0.121590767095172 8.95948737494328
1469 -1.69875593085899 10.5103151781473
1470 -0.0939855404823515 10.6482635824923
1471 -0.154678006647248 7.02557602520262
1472 0.483052189869651 8.36507204520347
1473 -0.154160707746235 7.02474730553137
1474 -0.0939685162384971 10.648272087494
1475 1.34811607697988 5.29599345173864
1476 0.46612502506684 6.54199001357281
1477 -0.146213755935688 7.48982778728539
1478 3.56028072522844 2.73093668603973
1479 4.27505316070196 0.735444294285435
1480 -1.59272563256785 12.026164187748
1481 -1.59273019665071 12.0262133358425
1482 1.6828099562211 3.98166691228572
1483 -1.59267358303219 12.026359709127
1484 -1.69868712652842 10.5104776122233
1485 -0.121565184623416 8.95944993658156
1486 0.48278989219327 8.36497933364689
1487 0.466270748259077 6.54171384796864
1488 -1.5927148323343 12.0264688129894
1489 1.5330113570206 6.3197037938538
1490 -1.69876155929787 10.5103069481163
