918 615
935 1191
469 480
539 756
556 189
568 1131
410 693
1007 927
82 1099
880 892
1192 1245
893 963
1152 1317
743 446
934 1192
1317 1051
891 855
781 817
524 687
1162 967
24 107
299 55
921 963
1191 974
577 65
701 741
389 405
691 741
573 434
936 878
256 192
1275 1153
788 1152
27 754
837 1112
1362 490
256 454
1425 878
1478 1103
363 371
1101 950
824 817
180 441
1150 878
1116 1218
574 810
1101 1392
1135 1357
377 130
1109 1381
1195 971
616 609
1161 1179
591 150
1200 729
1282 1153
824 559
1423 996
901 1051
1399 1001
468 579
602 1317
659 98
927 1112
1040 1320
524 441
967 756
204 102
1226 1317
1191 907
560 495
163 27
998 764
387 587
880 1218
935 1041
775 1150
1451 883
793 361
384 687
773 1325
536 417
396 1245
824 1306
1104 1159
1076 855
29 650
1135 1152
21 1153
1352 862
1081 1164
1101 860
55 480
121 155
218 631
26 155
1187 810
1031 1051
56 156
326 24
535 1463
972 880
711 623
900 1306
19 979
936 1179
82 493
101 467
590 323
390 155
880 1475
297 72
916 1112
1117 1008
1384 1091
988 1429
1396 1153
515 642
417 210
363 693
762 1414
20 89
469 756
1172 1461
998 1390
612 99
1057 971
975 855
1394 919
806 1153
596 431
363 155
1104 1045
1135 781
144 609
650 609
1362 764
900 922
113 55
773 1422
406 1461
191 144
726 189
855 1178
1108 1461
449 483
498 165
79 191
1373 1461
1246 1360
559 570
1191 1000
454 7
180 483
909 1209
615 640
623 564
729 566
1007 1008
615 676
1459 1277
307 729
1047 1095
1125 855
109 96
1408 988
1410 1067
857 1112
880 1392
1154 1007
256 396
524 461
726 347
238 642
14 187
1037 763
209 443
824 1209
855 872
980 838
27 623
568 726
1135 1250
289 85
202 662
974 1437
646 741
256 453
1214 967
1408 1029
880 950
118 16
1177 1275
1402 779
826 1245
852 944
620 547
755 55
1329 677
585 467
144 102
699 514
210 114
814 1455
702 564
460 150
934 869
479 662
855 965
855 1124
1313 1461
736 15
836 1270
801 1069
1239 1153
363 65
1425 1245
288 363
1123 1051
676 726
660 535
1362 990
1091 949
762 1479
1451 1461
1422 1008
56 495
762 932
189 756
1346 1172
124 664
229 465
897 1250
1420 862
512 454
472 493
855 972
817 1095
1471 1455
1438 792
1345 878
90 669
916 1081
762 1082
856 1152
1232 1222
1236 55
211 288
1036 855
1459 1479
24 535
824 830
793 941
768 1455
72 754
90 185
1301 1000
515 1049
980 1081
1395 944
1061 1418
1401 944
1009 1359
172 155
428 248
972 830
1202 878
40 612
483 1048
20 55
504 140
754 72
410 180
664 623
393 264
288 190
977 1051
1054 1008
1384 1185
855 1369
525 55
460 492
956 1095
1000 1191
829 588
1048 1374
1062 1437
1128 1455
335 431
754 729
847 854
765 1330
1108 1124
855 1105
647 46
1445 1330
191 634
1258 973
1068 1437
1125 119
793 213
1479 399
1254 904
1009 907
778 1245
559 1463
454 370
1020 1245
947 1306
202 754
585 754
754 1461
101 650
1325 967
299 642
512 591
1209 1461
729 489
1328 781
14 441
741 1179
775 1308
1427 932
1487 851
1218 941
217 210
278 323
1313 781
211 1209
620 155
1124 1000
1333 1126
347 712
620 417
743 729
241 495
618 394
22 615
851 1359
1295 885
363 641
46 180
1117 119
1052 1172
1117 1153
568 549
1456 1162
855 1406
537 155
241 326
147 155
1429 1179
1359 980
172 72
610 467
1408 854
1224 1045
436 756
469 210
886 817
394 1063
374 75
921 1148
1041 641
160 564
736 189
713 115
947 1293
1236 1041
1063 297
144 145
1479 839
547 634
574 363
159 155
489 99
1104 1153
117 990
1472 775
1394 1153
1473 180
75 714
1414 1191
563 573
1277 1381
454 726
1108 31
1112 490
1037 953
1101 1390
919 1153
454 371
1166 950
826 1112
150 35
118 729
1430 1461
612 634
587 585
804 1330
1209 936
55 461
1366 874
387 27
1325 1040
944 1413
1 1435
454 712
278 119
1108 839
351 517
579 89
1051 762
1015 1270
855 1205
570 798
40 637
843 1026
846 1245
1058 1057
1123 855
1192 1153
1414 1112
1152 1021
119 1223
21 1245
726 514
934 793
72 468
642 1437
1313 855
150 535
590 150
1185 1112
596 180
99 180
257 155
410 23
977 1270
1161 961
953 922
640 55
512 394
788 952
1246 810
935 347
605 155
278 588
1191 1013
1435 1179
363 754
773 803
941 1429
835 1152
1489 963
363 16
1202 856
1210 767
981 872
406 1051
1037 1163
124 735
1348 901
439 130
781 1121
604 563
993 798
826 1041
1367 1172
1373 1232
402 472
387 192
892 1051
1348 773
202 726
992 1250
904 1270
1413 817
475 78
988 1041
688 399
229 483
1117 1390
813 1153
585 209
202 687
90 644
916 865
1222 1461
1153 55
1010 1270
55 687
1115 1330
1425 641
664 727
664 170
1439 963
922 1053
1276 741
495 1055
493 514
855 894
676 963
922 249
1131 452
1433 1192
75 467
296 490
1162 519
229 402
1383 1172
661 55
72 604
874 963
1236 1101
1441 1330
1003 1479
1479 1217
880 1153
699 210
956 941
287 155
181 55
830 1153
160 495
777 1293
1209 1092
1308 855
966 1360
298 299
101 155
566 102
642 818
922 1153
82 410
1216 802
1144 1166
1146 1364
930 1251
568 597
1360 1245
773 1070
46 726
436 687
585 72
454 693
1135 1437
1177 767
1209 1360
1047 1150
830 1112
1119 1055
764 950
909 773
1144 1222
259 115
257 118
224 634
1459 1461
15 623
387 361
1062 775
1382 878
1432 802
964 1008
596 756
492 14
1432 1334
1231 855
1221 1112
489 189
326 55
1152 1134
1374 1461
824 835
501 218
438 1270
18 55
469 1437
15 72
1061 1223
749 245
1010 1245
953 1478
1131 429
1231 898
218 936
377 754
1375 1298
323 233
180 205
191 726
615 493
1429 798
434 402
21 535
23 641
681 572
1473 1069
1384 1256
1459 539
1164 1179
490 1461
16 729
238 490
162 492
855 1093
1325 563
1320 1112
220 155
1187 773
202 40
89 693
893 1037
1472 1112
645 483
711 756
1200 602
988 1250
892 1478
824 1048
1125 1479
837 1245
55 16
1000 979
547 693
1231 1042
1459 1153
1246 1437
387 167
802 963
764 249
900 822
287 85
75 615
855 847
1209 1418
535 301
317 394
615 35
1210 1037
1387 1000
519 679
1051 1250
1167 963
225 979
326 65
181 754
1131 453
1310 1437
1459 972
268 687
659 12
1407 919
1381 1478
1101 930
775 810
454 497
409 609
1410 1101
1384 885
1063 818
1108 1468
149 155
1047 878
675 180
974 908
577 640
610 729
855 1141
72 99
661 155
567 170
1444 1065
1000 1105
41 669
644 492
1048 642
20 664
1366 1049
1421 1000
669 460
1227 1321
675 572
1135 892
741 301
454 297
77 155
703 512
855 1420
1477 575
1101 641
787 855
481 729
351 687
1215 1041
1463 187
1053 1420
460 202
1427 1330
1479 1048
191 729
722 85
40 387
980 979
454 625
460 615
561 712
918 781
14 154
1185 1163
1306 855
1163 641
223 591
652 431
1408 1101
1446 782
461 641
1112 901
1227 855
1041 988
1422 847
1250 729
1438 1045
1101 1000
125 145
1117 55
40 102
1408 810
1325 1112
1455 1306
851 873
1125 779
781 1051
1054 1051
399 136
205 323
755 301
1061 762
966 1172
1231 1381
56 650
454 193
1166 762
518 996
160 78
1411 762
16 374
567 514
683 155
1226 963
87 181
16 1051
814 1437
202 23
818 1041
1320 1040
1459 792
762 1478
137 741
574 316
477 595
1313 818
669 1245
1101 1427
1479 1399
420 544
568 641
1287 963
1045 1476
295 130
1296 810
347 297
1479 679
765 756
47 729
773 1392
1414 1232
1329 1048
1040 1197
495 89
1317 1245
1200 855
1125 1041
56 189
1419 1041
547 224
907 1108
480 641
378 85
188 641
144 377
99 579
560 1479
1191 1031
604 483
1217 1223
956 831
180 644
668 641
892 1179
714 434
181 591
1101 1369
875 1153
1231 1063
1131 36
493 189
493 615
257 55
1427 493
612 399
1249 1330
604 513
180 489
101 687
1161 1223
1101 782
1180 1153
562 623
2 363
1459 514
1275 1063
1101 1121
389 434
1246 990
953 1232
249 1479
775 1372
99 687
980 1041
1408 1457
1410 1461
257 186
150 490
574 687
1250 1209
16 72
512 644
918 1051
117 23
544 155
568 191
1277 1245
1360 908
764 1296
181 648
180 27
836 588
1426 1179
224 102
953 830
676 967
490 1209
631 1463
40 13
587 979
1223 756
1479 1001
540 245
1479 967
387 979
559 535
563 155
356 741
1280 792
1325 119
816 822
1045 1219
1394 641
773 762
855 1200
1054 938
18 641
1054 1306
773 1277
264 754
15 55
1135 1329
739 97
451 405
1053 1081
1226 878
512 316
1328 775
1264 1051
508 468
737 420
579 1435
35 641
895 802
524 570
1418 1172
31 677
1420 1411
536 154
211 640
1211 1037
209 210
55 417
90 233
1471 826
714 233
551 155
874 1065
36 155
90 634
1384 490
1223 1063
1359 1251
953 779
1203 1437
1004 1270
879 483
843 767
755 756
824 1051
1055 941
1350 855
762 1268
1449 1437
477 469
1000 1108
1103 1000
815 1091
1191 1418
1048 1051
14 1325
1393 1437
385 687
828 1158
916 779
909 1081
1384 1455
1195 979
527 155
402 292
963 1067
826 1306
432 323
1288 963
940 1268
1329 23
1155 952
900 1000
1000 1441
934 1048
417 180
604 687
535 756
293 535
363 229
1074 990
818 1277
1113 878
1144 898
259 441
454 119
501 155
326 579
151 180
218 461
56 154
1296 483
635 301
363 170
345 729
966 1437
14 1479
288 115
99 642
73 467
238 754
389 756
1191 1021
880 973
495 726
660 209
288 233
73 189
99 454
157 155
1047 826
1361 996
585 189
288 301
477 944
782 729
1220 854
971 826
1439 644
1479 1223
1351 1000
467 585
823 1010
155 637
363 97
1103 1401
851 930
1407 1270
688 609
1212 741
765 988
1000 1167
762 1055
35 297
835 615
777 1095
955 1245
1199 762
648 191
736 154
119 996
843 1192
480 172
967 1152
1321 1037
1476 1041
349 493
99 729
816 932
218 154
1329 756
535 441
249 803
298 661
1185 810
72 35
1384 817
671 424
775 779
886 1387
900 835
585 587
1384 988
540 127
956 839
1246 782
1164 892
15 754
1329 1463
762 1317
1072 1067
1215 1049
1146 1172
119 967
172 675
763 879
317 756
1449 1277
1162 996
880 883
481 106
1411 1051
961 835
477 574
1328 1092
699 609
1082 1150
1195 810
1211 1429
24 610
535 480
492 566
1172 1069
121 475
524 379
1191 1095
100 641
1320 1337
1441 1306
268 29
468 55
144 572
1456 1374
563 547
1351 1081
1390 1222
1108 1287
561 1437
1115 826
332 956
489 65
465 729
441 729
512 642
855 1349
1072 963
1423 1133
387 374
1054 1164
436 180
1028 837
676 1478
908 1251
547 417
1195 1437
1015 1159
1309 856
589 434
118 144
1220 1000
454 358
816 973
1047 312
191 85
1041 961
641 1086
1369 1437
219 16
1328 1418
1408 1164
953 892
1195 1172
855 856
118 351
935 880
467 644
1348 1427
1482 966
855 1139
1401 941
477 1051
703 99
1092 1081
22 1437
1153 837
45 544
117 210
1187 826
167 560
790 1112
669 1051
555 432
736 650
1444 1220
980 934
669 150
1430 1222
735 741
982 1112
1479 1306
754 363
1409 1041
1246 1418
950 810
347 615
385 384
904 1000
1445 1209
460 467
371 55
1412 170
1239 1461
172 140
1106 989
1459 883
1051 154
469 634
1168 1179
824 1360
916 1045
943 892
191 644
824 762
568 422
743 577
1161 1000
567 204
157 140
150 155
268 55
1113 817
664 591
10 641
1104 893
229 492
1101 1374
2 477
490 967
1412 964
855 1114
144 484
1131 726
434 480
1082 1101
1185 786
1351 892
956 1191
1009 1251
1054 1245
190 519
393 140
166 641
512 72
431 650
1038 1000
144 19
56 268
124 519
1044 1069
391 641
1307 1000
1240 1232
150 729
387 468
1051 1040
229 46
1091 932
1463 1086
921 1053
559 150
249 671
840 919
222 287
1015 1051
729 677
217 424
535 85
181 40
9 756
676 288
144 282
1328 323
703 233
1214 1037
277 564
210 434
278 245
36 483
1352 1270
787 779
241 572
892 939
1037 959
1482 1122
1082 762
803 1153
224 140
856 781
855 1211
644 604
1364 963
880 276
818 1325
1088 1122
631 712
778 1408
85 514
1309 1112
675 1463
479 405
1436 956
466 441
262 389
1413 1106
1236 971
162 754
1209 818
144 85
1409 641
217 222
1320 1390
394 72
922 1330
880 500
150 1325
620 35
87 264
68 1
1044 980
14 798
508 55
317 156
1153 1179
264 40
118 90
816 764
676 1086
1410 871
1410 949
956 332
1113 1317
539 609
23 495
886 1153
940 963
177 514
1459 641
1278 930
604 40
1479 1461
162 65
826 1325
1128 1153
944 817
876 1306
15 118
389 202
31 150
396 297
210 323
980 1201
1472 1000
467 669
363 288
95 371
15 642
855 899
417 693
415 609
224 604
936 1209
347 566
1051 1166
835 1266
998 779
1000 1126
810 1461
75 72
347 641
1000 919
421 16
837 1152
1130 767
620 483
55 434
956 1108
855 1399
618 189
1332 990
725 575
1000 849
1000 1209
1193 963
829 963
712 323
1088 1000
1384 855
1246 803
288 377
1223 1413
155 754
387 634
838 150
1074 55
942 1437
980 878
394 35
515 798
1103 1418
856 1112
406 729
618 591
472 644
1124 1437
1195 1052
1191 1195
46 99
1276 1179
664 634
539 1048
1123 1055
362 55
150 677
1384 1271
900 826
293 641
1020 1153
493 202
1364 1306
264 641
622 737
927 170
1446 762
1215 855
855 1210
600 323
1389 1112
436 664
508 541
579 563
843 1000
387 18
762 1086
288 483
99 387
189 563
155 443
1053 935
921 1112
187 417
238 99
501 102
1320 779
202 564
189 35
1290 814
711 963
561 564
829 792
946 996
1185 961
1320 1245
1384 1437
1236 1437
24 23
1088 1245
900 1045
851 1364
1360 1209
602 773
1103 878
326 644
775 1328
475 229
357 23
1161 1122
241 609
568 279
477 798
29 642
300 431
1 1245
1166 1041
1166 996
132 1437
865 1164
574 21
492 1229
125 155
524 563
460 650
855 937
604 367
676 387
787 950
992 996
1482 1479
953 782
495 1380
1351 1330
1416 996
882 1065
1109 641
566 726
56 371
961 1067
436 650
897 1055
754 181
935 1270
1135 1161
980 1411
1387 1052
982 826
1429 1461
927 1041
943 1390
399 202
1038 1306
559 615
699 45
1303 1455
940 837
1329 981
1131 170
767 810
1216 1021
829 1437
1172 885
296 1418
477 1401
1065 1153
892 1136
973 878
167 756
492 78
856 961
615 295
512 489
1411 941
109 524
567 361
1351 880
55 159
1295 1153
223 577
469 1209
73 35
620 301
1037 865
805 170
281 180
556 150
788 1401
1047 1325
968 1063
796 1437
778 1134
907 1357
368 245
958 1489
946 1126
1296 249
1041 1179
664 641
1162 641
1135 952
620 150
615 589
1183 820
1200 1463
238 323
547 664
615 468
508 59
953 1479
816 961
1052 1101
55 154
416 155
1041 1162
1487 1045
278 598
1041 1461
855 1095
40 288
1374 1153
1209 1478
1394 1164
688 335
559 480
46 363
417 577
75 35
1459 1063
778 1055
1161 1051
856 1159
1244 1008
895 972
659 1021
623 644
1010 963
118 187
596 1229
1222 824
460 726
1009 1215
493 535
1041 792
335 570
1383 1081
589 335
1345 1270
288 591
1401 490
479 145
765 1222
204 798
40 76
936 490
484 130
21 297
99 90
585 167
900 801
1130 1154
880 1049
444 687
297 396
900 438
1392 1008
300 687
21 570
162 481
1357 855
813 1373
1131 492
1211 1437
350 55
967 1179
835 1320
469 89
669 154
116 248
431 729
892 1153
618 46
743 55
512 99
664 172
1479 1172
167 563
202 8
512 996
191 417
1231 980
1152 490
1384 1041
816 835
378 641
492 97
56 118
727 634
892 1409
1362 892
1419 1479
777 1306
1001 963
24 55
762 1061
1425 1153
998 762
822 963
1362 1245
441 167
1161 810
123 85
1101 1144
568 187
469 467
649 729
1254 782
484 55
72 351
669 35
1061 1112
1236 1069
422 596
1273 1445
167 585
615 641
1063 1250
1000 1219
535 405
40 693
264 89
824 539
140 577
374 13
259 300
189 642
489 387
1246 1373
676 566
391 170
878 1153
943 1270
1430 1179
762 539
387 102
512 154
786 826
36 687
40 202
943 952
27 1479
1313 1437
298 64
818 883
1108 1179
773 810
296 535
856 1013
1191 941
18 572
181 490
668 431
953 1437
1429 988
1399 1191
75 394
1402 854
524 99
817 1067
1226 1051
31 649
864 878
755 454
492 570
953 1048
493 301
101 779
1326 1270
826 1091
766 855
1215 802
1048 1049
493 756
1374 1150
556 441
880 961
13 297
1047 1051
1108 885
202 570
729 114
1326 961
892 941
851 1093
70 85
851 959
264 735
508 21
777 119
75 1437
1246 1081
337 564
1172 1348
610 963
1459 936
855 1471
55 202
570 180
1410 936
118 653
80 609
618 387
736 483
256 431
547 495
778 913
1202 1134
1346 922
1053 981
892 1362
449 396
1218 1195
417 650
181 39
189 323
894 1101
756 297
1135 1459
1413 1418
755 155
1000 1125
207 210
744 818
493 676
1152 856
460 677
16 634
1431 1051
191 572
993 170
1152 1222
101 391
1038 1051
495 579
249 1217
934 1210
101 675
224 85
387 299
508 102
764 1346
1401 967
1150 1245
46 642
754 495
256 729
977 990
1383 855
465 301
1238 893
560 40
676 644
942 1277
211 996
1209 1081
172 726
191 501
991 1437
387 259
202 477
454 505
1444 802
1362 1048
117 1063
363 623
1214 1360
1234 907
24 391
180 460
454 168
1125 1463
711 729
223 454
778 772
109 189
29 644
1296 855
1194 855
980 1125
387 575
1469 1164
1223 818
481 650
1232 1373
765 1063
308 741
172 642
278 589
219 218
505 609
229 519
449 189
489 664
1290 980
765 1008
489 115
1211 729
568 168
937 1051
21 323
40 712
1103 1325
1195 814
1105 1008
1410 1179
410 536
440 55
622 380
909 1041
1048 1172
604 301
729 460
777 872
1316 981
1187 1293
1374 963
1125 802
675 756
1318 1191
623 465
399 489
1439 434
1000 900
224 79
767 798
440 155
1051 835
1445 941
1105 775
880 958
18 155
56 23
187 72
880 1163
115 963
1209 539
460 644
1439 115
589 468
937 1245
772 781
737 65
241 210
1135 1122
1161 1121
399 650
907 1330
619 641
787 971
1226 855
547 144
243 434
351 55
1223 1112
1412 1051
946 1437
1384 892
1295 1348
703 570
87 637
498 641
1166 919
960 1338
688 170
180 202
69 641
512 563
452 963
591 323
1037 881
660 493
14 642
918 1459
747 493
644 109
1329 1135
162 115
165 669
980 1472
167 990
736 363
35 442
1168 933
1487 1270
714 75
1252 1479
118 579
387 609
816 1051
855 1416
568 361
598 35
882 908
922 934
649 541
981 935
1177 1153
144 489
1054 956
1379 1055
454 664
264 637
498 256
1277 773
777 1209
664 233
23 27
1321 1163
615 72
498 453
918 971
645 39
865 539
431 347
1149 1461
623 641
1461 1086
465 461
583 642
1421 990
676 490
922 885
1231 539
1334 1381
1287 990
874 1009
992 1330
1287 767
921 1049
1072 1069
1130 996
180 189
1364 1479
492 31
1439 741
73 729
253 55
886 1047
1130 775
956 883
1352 1455
729 405
900 119
1258 1306
1337 1164
385 396
1108 968
1041 1352
885 1317
1041 1202
1185 826
1287 855
1384 1179
1036 1268
703 55
817 1197
615 280
75 687
1351 1293
1356 786
620 405
919 1121
536 297
187 936
345 962
72 323
1047 1325
570 642
371 642
754 535
422 519
1141 883
1419 1401
374 180
2 332
15 480
1061 1306
562 446
100 114
935 1112
793 1220
664 301
1328 762
589 180
118 405
75 282
1222 1245
1077 855
855 1232
281 144
224 714
644 167
1101 1475
1277 880
1217 1232
774 971
1412 963
72 189
1020 1478
1384 1153
981 1041
935 1463
956 1063
1125 1069
1333 1134
1333 1269
1177 1069
1015 963
1004 1045
1487 965
1164 817
495 39
387 89
180 431
144 301
778 996
568 347
508 449
1130 843
1325 1430
826 786
1225 519
296 519
1401 1478
524 579
856 1223
1225 480
241 405
350 23
46 492
1150 885
461 394
855 903
604 37
610 1277
887 990
1232 1045
934 1134
644 726
124 72
922 312
1277 1461
1381 150
1295 810
585 154
1104 878
484 78
765 791
299 64
512 467
861 55
966 1479
151 642
1191 956
1482 1051
1222 1108
754 615
1061 1179
897 830
856 764
180 65
1407 1223
1246 1317
1249 1159
838 1328
468 323
387 798
980 981
993 1179
916 1418
703 363
711 156
390 1051
177 588
1351 1101
289 323
1387 885
762 775
512 53
953 1000
927 312
585 371
1412 276
85 462
644 72
826 971
209 363
1082 964
930 1108
1135 1191
99 118
1092 1328
15 561
778 1112
363 551
1051 615
1104 971
180 145
1191 1134
775 883
444 641
512 483
956 1436
729 99
117 27
1394 1179
483 85
1091 1095
1479 1047
138 689
675 85
1092 817
454 461
1359 855
556 489
818 961
454 493
489 591
390 564
536 754
431 210
76 682
612 483
467 248
855 1428
1161 932
1277 1320
585 27
151 727
288 72
1117 405
191 21
873 1051
465 642
289 434
1320 1298
940 779
777 1223
1384 1422
953 908
566 72
1221 966
1246 1121
1441 1041
855 1377
1320 932
144 662
29 712
1020 826
855 1236
1187 966
40 514
694 741
1351 1112
1246 980
568 498
970 1479
512 391
909 1045
919 1051
162 55
492 323
1320 1317
524 114
370 1478
1209 817
806 539
1015 1008
642 591
604 524
46 140
431 741
620 189
1321 949
1041 1250
420 155
764 779
15 155
855 773
524 102
144 604
737 155
585 441
1112 1268
1274 1479
82 245
852 961
119 155
941 490
675 687
1041 830
851 1026
465 641
882 1188
1214 1153
493 741
927 878
1210 941
568 227
1456 895
1489 1437
1187 1328
1211 1112
561 623
1211 1461
855 1007
880 824
556 483
508 316
829 1232
963 301
880 878
219 641
311 434
815 1045
1364 980
489 389
975 170
860 930
1214 901
1215 835
765 990
480 55
703 729
1003 792
70 75
1246 1479
1101 1215
218 535
1191 394
368 160
363 517
40 78
389 563
469 189
1101 878
852 490
1435 1045
512 441
775 1209
981 1323
1282 1008
702 102
140 155
1144 1095
1054 1411
477 1250
943 170
297 461
15 703
417 363
1063 967
31 862
1053 835
1246 1069
1266 826
1101 816
516 85
150 396
935 1240
1250 1179
811 996
676 493
919 835
229 172
1152 31
210 664
1051 641
900 892
1162 792
927 885
754 259
676 248
754 641
181 155
363 564
559 1052
1081 1051
560 301
826 944
1024 1479
773 1351
1209 1045
573 24
880 1463
994 979
1152 729
1482 1270
803 810
1372 1209
99 727
363 570
484 493
904 919
614 363
815 1041
771 980
1388 990
454 72
1321 1220
22 500
1432 897
880 1250
989 1000
886 1048
852 798
219 316
363 205
1082 1310
909 851
1298 1008
142 664
363 727
1255 854
160 96
1387 803
604 561
1369 764
768 762
14 312
1135 941
575 24
441 363
1117 1277
560 575
729 1270
1280 1123
1317 14
55 570
378 24
778 1045
781 1092
816 1306
885 1051
782 1331
1238 1245
363 465
618 89
417 591
288 297
1177 1429
664 564
103 82
577 172
667 371
953 1214
1130 854
1047 788
604 361
566 297
1402 1240
454 278
1101 842
980 973
815 1360
1051 824
1036 993
762 1330
1000 1161
1478 1209
1125 1101
1409 155
454 256
1172 1007
118 394
1052 1209
963 798
612 283
1135 932
14 55
204 13
855 1185
202 16
824 1153
90 547
856 1148
806 1159
856 952
1408 1092
900 856
737 574
142 377
778 1000
1317 782
29 323
1038 489
224 637
1473 591
998 826
444 170
992 855
1246 971
775 1364
150 1231
762 1070
1177 952
1108 963
250 1021
539 402
1128 855
539 1051
972 1430
1449 1051
980 1427
477 55
664 288
1410 1317
900 963
1000 1036
974 898
966 856
645 189
727 323
177 55
165 1437
1473 963
1489 775
180 492
754 180
361 563
512 566
303 210
144 472
363 549
762 1112
441 535
610 180
1487 1191
417 90
431 535
467 73
1394 767
935 961
1375 802
1010 1041
851 1000
1277 855
259 651
1212 1148
754 609
363 634
1364 1437
352 963
1053 764
1231 1348
900 879
915 855
647 530
55 634
241 729
238 387
1163 892
508 387
524 736
855 1080
451 729
635 323
1427 642
818 1245
180 1051
1041 1209
1113 1069
168 283
29 726
568 432
604 1179
101 205
1348 1153
259 391
1103 1478
980 1044
219 417
151 561
1430 1051
922 1328
921 941
180 547
1326 1330
484 85
878 855
268 31
1177 786
431 145
1161 1191
1236 1223
118 323
1328 1209
140 634
566 85
377 649
177 204
223 1479
1384 949
180 798
155 441
1101 839
1051 490
604 318
931 1045
919 1069
409 155
1226 1048
1352 878
492 535
536 642
1351 878
1103 892
1131 313
1053 810
1009 1346
1254 941
1352 1048
1130 1328
1103 1164
259 535
121 514
781 1150
855 806
1128 885
72 288
387 726
967 1430
852 979
935 878
1131 661
172 493
677 641
410 623
895 908
1396 1045
389 55
936 1270
1161 539
454 241
1037 276
815 1000
512 297
296 835
1096 981
512 712
333 659
1195 1112
501 13
781 1418
1423 1041
922 1479
1048 1041
875 1276
181 741
1280 856
347 323
648 572
472 35
1185 993
535 642
1246 961
1195 1270
1460 963
115 229
1104 1437
897 919
900 1232
1456 835
1187 764
40 434
703 563
765 1121
40 461
1109 936
886 741
559 1417
72 642
1101 1408
878 919
664 155
556 566
1135 1051
1172 1051
613 156
1037 1246
480 726
117 798
772 908
46 472
855 1090
460 754
118 15
1408 949
1394 55
144 726
55 454
1338 960
895 1245
1013 878
836 514
1360 1231
479 664
885 1153
501 394
784 963
1106 872
709 963
1479 950
807 1346
669 441
1162 1250
956 1325
121 397
469 393
55 756
389 189
18 180
27 154
27 585
1053 919
1063 490
155 405
480 443
1257 878
2 204
344 729
781 1114
620 297
1215 895
1214 779
900 1399
669 566
1048 781
1477 191
892 1123
741 1153
1403 913
1185 539
791 798
1187 1214
179 664
1166 1091
118 89
635 729
323 468
1222 1086
1108 1207
568 483
224 1256
781 1478
1317 1112
441 591
1253 1245
469 460
1115 1000
852 1437
1217 1179
560 514
211 1479
46 55
886 405
965 855
1223 1461
1061 1330
1389 1220
1041 1478
1439 1306
900 1429
1054 1185
612 644
547 615
1389 1000
660 591
118 99
1309 781
1048 1179
389 24
1339 963
477 642
1048 1095
854 963
878 55
966 1293
953 276
191 202
855 1374
1222 1250
431 591
1381 961
1015 1437
566 483
829 490
469 159
1053 878
861 741
323 301
1413 1166
927 941
460 204
934 892
1113 1055
1125 1122
363 544
1104 1306
935 782
454 353
1135 1101
631 1437
331 189
494 55
703 155
512 687
472 756
454 16
28 341
1277 1325
1061 919
1413 1121
257 1
335 641
14 119
1362 826
1112 1270
350 39
1076 963
1427 1051
147 730
856 1394
202 641
644 465
602 936
202 591
75 563
34 1028
934 1045
775 1384
1220 979
469 693
264 191
956 1441
587 454
99 514
467 855
1101 1009
469 155
1103 979
1211 539
777 862
165 256
137 89
387 579
1360 1232
489 399
935 1063
1037 1210
391 687
731 675
781 1222
484 229
14 1437
489 687
181 180
418 323
807 764
257 150
454 587
1445 781
1250 1306
409 170
1051 1461
729 1430
477 1277
1125 1051
1103 1121
536 726
495 18
944 762
468 102
454 589
930 1051
40 577
1463 938
615 756
1381 741
830 1101
1209 952
1162 1086
573 563
1226 1455
100 363
900 1217
652 729
1278 990
714 99
936 1051
578 363
1108 1045
947 1101
762 490
855 1475
55 144
775 762
775 1220
144 387
490 150
492 417
1432 1277
1047 855
165 675
1112 1429
1047 1461
167 253
1461 837
1384 1055
604 210
1103 1041
467 754
1041 972
1080 1000
615 535
1000 763
454 39
256 669
1320 988
824 1437
290 55
1383 810
218 150
865 775
610 55
257 154
1435 1051
1383 1008
1209 1041
1008 1101
219 726
467 687
109 535
937 1479
1031 798
836 119
454 747
1329 802
873 944
1117 170
209 641
754 434
1392 729
900 1053
921 1232
1354 854
583 591
75 46
1052 1437
981 1021
1131 477
454 202
1479 954
1101 1330
984 1270
1427 1063
775 778
1364 946
55 641
1004 170
670 156
664 189
856 813
118 585
493 644
460 642
851 276
177 405
1360 1330
524 561
808 963
410 394
567 115
209 233
32 155
1215 1245
119 1337
1477 130
389 729
16 493
278 264
1185 1479
1210 854
767 1478
669 729
1250 936
1278 1437
688 432
454 548
1381 1463
143 155
1051 1325
326 155
1091 1051
217 114
615 777
1048 1209
427 564
535 460
675 729
703 641
1214 1218
468 115
144 351
1049 1101
21 202
855 891
1431 1437
1325 1463
960 855
1410 1337
886 669
385 391
454 1437
1407 1153
525 519
1479 1112
1108 1418
855 1217
229 687
1055 1429
1117 524
170 641
644 189
1229 564
9 145
409 434
1329 1478
781 1470
681 645
754 155
399 39
856 1172
472 712
31 1463
75 268
512 39
729 493
980 1218
218 460
1126 1135
1040 817
1166 1101
498 31
40 756
1101 872
56 756
155 229
177 493
241 154
955 767
475 641
988 1463
363 566
982 952
1382 782
283 191
626 23
1054 1215
1329 967
650 640
211 642
767 1280
539 1318
573 191
480 1225
431 460
935 988
1435 1479
824 883
1131 549
1451 1071
181 637
1339 1231
296 741
645 570
290 155
977 963
641 186
1258 1325
29 202
55 24
727 1317
921 798
82 85
1404 1065
1276 798
664 492
1438 1164
383 623
14 756
699 189
909 1337
202 493
815 1218
1217 1479
966 1408
460 669
68 641
788 490
155 687
781 835
229 159
1112 1055
1352 1317
1226 792
498 55
539 500
24 741
618 754
865 1328
612 268
1300 996
417 642
512 609
1420 1306
932 1461
922 869
941 855
596 155
189 145
1200 878
1209 1122
46 1463
855 1219
1212 1041
778 991
855 1075
350 186
40 644
1028 1256
895 1112
165 313
919 777
1037 793
90 245
647 75
503 495
479 729
383 55
1185 1209
818 973
787 762
631 442
762 1214
21 189
264 648
363 95
351 754
109 483
919 1317
1004 1317
934 839
1167 842
885 23
1006 855
508 202
417 687
167 417
253 1463
612 377
75 538
70 514
313 363
1135 1435
865 1041
1108 930
568 453
1430 312
631 641
1051 1179
1103 1437
773 1141
524 664
460 480
1177 826
80 941
56 27
417 579
1251 855
1010 1379
156 640
223 417
618 85
754 454
980 1101
467 693
1476 389
483 323
737 726
1217 1317
189 493
1427 872
899 1009
144 492
1054 170
1254 387
1036 1112
1055 892
454 585
566 434
612 642
737 730
16 644
1459 1223
1392 1153
1427 441
460 405
1187 1455
602 1152
1451 1390
155 89
1296 642
100 405
1161 1463
1348 762
860 885
838 1179
919 1306
1162 1461
1408 1104
1410 1392
21 1191
1061 933
1096 741
99 634
394 483
568 503
602 756
1459 822
1362 963
1333 1086
1096 1215
835 1417
21 417
467 434
688 218
524 377
953 1277
21 191
615 1205
585 252
75 150
1167 862
855 949
855 843
132 649
454 291
604 493
288 669
27 248
762 1045
1063 885
855 1308
649 512
1054 874
644 472
219 443
754 493
644 99
1333 1306
1065 858
72 483
1435 967
1239 1245
818 1459
177 115
856 1091
762 1455
775 1489
737 1112
394 118
561 23
256 644
1410 932
1381 798
512 14
1238 276
1185 1244
1459 1232
1209 1392
480 210
101 1337
727 301
1384 1130
895 1270
1487 854
256 323
1429 1222
109 144
155 650
1076 1203
15 514
434 492
1096 1394
1091 826
144 18
737 115
1112 1069
585 155
612 144
1328 483
634 641
1166 835
1381 963
99 591
167 642
1115 1250
249 737
1371 963
1277 837
402 641
806 956
262 660
631 490
508 377
467 570
508 168
524 547
172 431
511 387
1130 990
824 764
278 1179
570 288
754 27
754 446
477 677
1334 1179
737 1380
793 1479
191 264
137 441
855 848
536 100
1293 1159
1026 539
204 693
852 803
89 990
873 1081
1048 1001
109 664
250 544
773 963
118 363
855 1459
178 501
190 972
956 932
390 936
100 297
1408 963
479 431
1051 932
835 878
620 233
454 483
1101 1436
765 798
10 72
1048 1268
109 675
99 150
223 1306
1185 276
807 1306
188 39
167 118
511 640
574 317
1410 1021
1106 1437
143 417
427 332
389 623
664 465
623 712
1185 824
1427 1112
762 1095
882 1153
1150 1041
496 140
1216 963
1276 878
567 210
23 391
512 532
1435 1390
729 650
573 194
172 233
644 323
1425 1112
777 1459
1263 1479
777 1317
818 744
189 585
454 612
573 189
1101 991
1113 1112
679 1209
40 180
1339 1455
900 782
1185 1086
1051 837
956 1091
1200 1191
573 566
162 642
1360 828
454 363
1422 1191
204 180
1058 1437
1384 1101
492 233
100 480
796 1251
1218 1172
935 779
967 798
1394 1245
743 396
765 952
149 72
644 144
1223 782
85 155
1191 1051
727 535
1036 1051
547 1112
631 1330
219 35
363 460
273 729
1450 930
280 503
1414 996
729 480
781 818
288 405
579 55
775 1369
1360 968
162 363
467 623
936 1153
1295 963
1209 1051
1394 1051
419 490
1334 878
268 612
617 23
851 1290
1215 762
1026 1008
675 798
953 1069
1445 1021
536 712
1478 892
855 1097
880 954
515 297
618 579
1068 1045
460 14
856 1317
1131 731
1125 1270
855 1348
202 391
909 980
736 493
288 637
387 1045
495 144
1317 1152
489 547
644 609
191 276
1362 1179
615 347
729 547
615 1075
168 551
434 535
675 489
238 321
150 233
393 224
383 72
1278 1270
389 89
946 855
14 434
862 1108
880 916
1108 1472
1459 1008
729 642
1439 490
1459 1041
79 572
1360 1253
1041 1010
1357 1306
191 680
1061 963
137 144
688 144
1360 1150
589 756
935 1231
1117 642
897 773
453 1270
519 972
436 729
1047 826
150 1063
1177 1205
618 248
460 23
118 387
189 150
144 495
75 585
890 979
773 955
1269 1153
781 119
1052 1081
151 189
524 609
99 649
818 885
981 1095
647 756
1414 1317
947 1337
1048 762
99 726
781 798
880 835
1246 1411
1375 764
1418 900
1195 967
1381 119
1471 1153
574 399
1339 1245
1077 892
381 1179
823 1214
56 39
1423 818
591 434
436 154
24 391
363 640
431 1051
781 1395
1048 1328
1329 741
118 577
72 579
561 189
56 180
31 35
676 615
46 209
935 1185
1321 1255
119 483
1223 798
393 278
332 941
619 218
209 637
892 1048
119 490
281 483
1000 865
1402 775
144 577
1055 1437
1396 793
765 963
774 1260
1317 983
856 1256
235 564
935 1334
612 326
796 826
363 297
855 879
1214 1328
512 144
842 870
1451 1463
140 483
119 1063
444 55
1108 869
100 154
492 644
818 1306
119 14
1047 23
31 936
772 953
934 1479
956 1177
535 394
615 693
137 585
207 547
1352 1245
472 1463
312 810
170 155
1200 1121
75 55
856 810
694 155
467 374
109 446
1055 1306
873 990
839 1251
579 118
434 46
326 712
900 865
477 1179
1401 615
1131 589
1430 1223
23 434
1081 1209
855 1182
1054 1396
568 341
891 1245
1408 1337
1406 1024
993 1277
1125 155
90 396
187 155
1000 787
828 1298
953 1101
972 980
524 604
512 480
1461 1045
467 417
1101 1067
880 1277
886 323
259 180
604 16
765 786
1177 1222
492 431
1161 1135
187 118
1047 952
492 649
618 24
172 150
101 411
935 981
1239 1232
560 297
1372 1000
1410 1045
524 615
399 389
916 885
1479 1231
217 363
754 144
536 623
1246 1463
29 144
402 363
100 323
351 642
1348 1101
469 102
855 1102
855 1469
1431 1306
1055 276
89 118
1449 1048
238 119
676 35
75 172
218 396
669 514
943 1437
937 1232
816 1357
524 591
699 561
1163 880
1411 1048
275 650
1410 897
46 75
1070 855
58 587
141 248
821 820
1047 1306
288 75
787 843
801 539
1191 1172
40 374
1461 754
873 1153
438 1051
1334 822
855 1422
417 575
100 73
773 1086
807 818
781 767
21 1089
431 387
99 465
20 591
855 1072
1062 1251
1456 1051
574 508
980 1278
835 837
389 301
172 634
715 756
855 1343
874 1051
927 1330
596 233
489 224
1352 1112
773 1051
597 96
1335 1179
73 536
587 1437
918 963
615 210
524 649
574 495
856 72
479 535
814 919
296 641
1065 973
87 40
394 563
454 687
1432 1330
980 1290
793 1317
113 431
501 591
1333 961
24 535
1214 1148
387 377
1152 798
479 297
807 1277
566 644
765 1245
966 822
880 1420
257 644
1126 854
1152 1063
1133 1408
75 644
479 642
892 1256
620 154
140 145
1024 1489
434 517
773 1478
264 72
1153 170
935 1437
1185 1277
950 932
262 55
441 31
402 756
13 144
402 588
24 495
119 810
590 591
1269 1479
278 514
1441 170
909 818
40 229
1360 798
855 1070
1117 676
124 560
469 154
532 449
967 150
1320 1293
300 642
816 936
1246 1339
1396 826
1040 932
249 483
826 1270
1475 1150
434 441
1004 878
777 1390
1296 1153
568 861
274 65
181 514
1125 301
387 118
950 966
8 264
1172 1209
180 210
535 1051
326 609
1381 1134
167 301
180 394
454 676
481 677
1439 180
815 1092
886 1328
1421 1411
1200 741
1401 786
856 826
493 490
1396 963
729 1051
556 297
256 99
317 85
826 1337
659 17
300 434
387 432
1410 1217
777 838
101 389
559 687
1037 1192
241 677
1407 779
942 1122
856 1408
326 180
823 1437
1191 1121
1135 963
762 885
1200 826
1222 1460
1472 1437
669 461
389 399
596 650
1163 1081
93 979
299 514
816 1164
1334 1048
561 585
793 971
218 99
454 686
864 952
1482 1045
46 570
901 1008
389 467
1051 119
1479 119
1103 276
1217 119
755 669
669 144
1223 1086
1172 1334
288 89
612 75
1253 990
492 519
1013 1051
317 574
217 1478
995 1153
479 1463
1051 1055
729 1086
773 1463
1381 1063
899 1045
512 194
857 935
659 30
1384 1069
509 979
840 973
24 641
180 729
1216 798
852 1153
1246 963
207 323
90 180
773 1317
642 932
1374 1112
1191 55
416 65
1103 1112
387 405
904 1479
177 155
1047 1179
363 115
615 172
1 55
1411 814
618 229
1313 1301
259 283
966 878
1215 1399
659 407
947 963
909 1091
355 155
856 779
332 301
150 55
1177 1317
10 644
762 878
13 480
259 297
72 644
1475 786
773 1427
547 676
775 855
1172 927
453 155
922 1172
363 154
288 189
1362 1479
955 1135
699 72
796 878
1123 1328
40 615
1093 1172
1426 1063
714 483
515 1296
157 434
58 220
835 119
573 155
726 493
507 1381
207 233
1038 1191
1163 793
920 854
693 363
259 220
1461 936
773 1063
124 311
574 417
640 23
223 492
1277 1139
855 1339
1402 1364
1479 826
900 1328
1215 1217
1152 1463
1104 855
525 514
1478 1437
754 55
219 756
539 664
155 189
211 394
449 729
618 547
177 85
909 1152
675 963
935 1159
465 591
1360 535
676 118
402 434
574 1179
1135 786
1406 1437
159 55
484 210
676 180
191 712
417 492
676 363
855 1298
874 802
623 55
282 55
1227 1442
559 936
1408 778
1041 980
216 963
410 119
536 99
99 446
650 154
449 389
807 878
922 862
468 118
937 1164
493 371
483 547
699 363
1177 835
1296 493
352 892
1162 1112
115 205
1040 1051
1352 1217
326 756
1478 919
934 1270
399 484
1479 1092
1202 980
900 1191
46 85
942 830
699 35
14 932
9 155
1091 1325
202 756
535 677
995 1426
870 1293
1187 1360
620 563
56 374
363 335
966 1346
773 1150
1047 323
344 756
1317 312
1326 1360
101 118
489 650
202 351
1430 741
1286 1048
1051 539
1036 1000
156 189
1477 468
809 16
900 1401
818 1114
591 547
451 547
644 560
556 472
2 238
777 919
416 642
149 489
256 575
1024 1000
444 493
18 604
620 431
469 405
1412 1245
1063 1437
955 1037
288 144
1321 871
922 1357
22 24
835 883
118 202
600 1306
490 1086
1423 1112
137 577
826 1317
1009 1154
1126 1437
46 535
387 72
289 641
1000 1310
477 405
600 1148
664 405
1430 982
856 1202
1000 1028
10 687
1101 1045
1227 1153
598 501
664 547
972 1270
1374 898
347 754
340 283
1053 892
755 154
101 394
824 729
857 1021
1131 13
1410 952
1345 879
739 729
417 585
901 1112
1384 941
82 67
189 591
967 1437
1315 1112
1163 996
1427 99
855 1421
1 155
1140 798
737 798
1232 855
1232 972
972 519
180 566
793 1396
855 793
953 1245
1172 1146
418 756
317 99
826 990
1144 1197
55 405
484 574
205 65
729 16
1131 460
481 405
880 1008
201 172
583 301
1054 1390
132 1270
350 155
1444 1067
177 584
838 878
189 650
1051 878
490 323
765 1164
14 650
935 762
393 572
1187 856
942 1245
1287 1437
496 172
934 588
1175 1346
394 660
454 494
394 641
181 363
1412 952
155 39
605 323
1345 941
99 563
1257 1231
669 535
2 650
1401 119
377 641
726 180
1345 881
646 170
501 754
1231 862
202 155
449 572
981 1475
1422 1112
1058 971
573 323
205 563
31 202
1161 1055
180 35
144 99
316 489
943 1317
136 773
238 434
118 493
257 467
647 72
762 1254
377 564
1414 1179
1412 1159
756 405
787 1153
511 170
56 288
515 1479
490 641
1088 1037
805 914
620 1067
762 1187
765 170
180 374
1051 642
1323 1000
895 798
191 172
676 483
589 641
1374 1479
676 591
1054 963
278 32
1103 1219
14 387
1277 1250
1384 1293
572 489
1154 1008
1238 1250
859 1461
843 1215
1112 644
1215 1045
907 1191
512 40
1427 835
1321 1000
1096 958
410 90
374 574
575 980
399 24
922 1318
14 180
649 55
1006 996
401 402
676 323
140 641
1166 961
615 726
1087 855
95 341
1282 539
836 1245
1101 798
1473 990
427 123
604 248
793 1437
1374 895
699 756
89 374
347 480
181 42
144 248
68 297
1000 1438
623 741
187 394
600 13
920 913
578 641
585 535
1041 1211
191 78
217 53
1427 1191
1117 1437
492 99
909 856
383 564
737 130
568 452
1024 1051
1063 1463
477 564
168 29
1407 1112
177 472
454 566
1342 1112
1381 438
721 5
951 1306
124 726
243 155
1258 1000
484 144
136 1437
955 1153
793 1000
1234 1029
943 1461
559 301
218 1245
144 394
90 642
300 729
85 297
417 31
1362 1325
1441 913
1047 1447
1236 1461
634 575
1329 218
642 623
1215 1008
1195 1153
687 55
193 96
481 431
610 756
1427 944
1269 1245
434 754
202 524
40 465
1177 922
22 189
150 218
998 1330
737 426
567 323
585 202
1191 1461
180 118
796 1041
596 979
1172 950
847 1245
773 962
1430 1041
1413 1360
909 1463
956 908
904 963
741 798
589 687
219 561
1096 1399
539 642
1408 828
604 756
909 1112
238 726
1395 781
289 363
1351 55
288 756
1153 155
1135 1430
1051 961
189 480
1296 941
219 102
644 16
46 83
229 396
115 172
1459 1348
1286 798
495 155
1214 1306
296 1086
332 993
956 1435
1172 1346
1273 1328
777 818
982 1255
1329 1245
202 405
27 155
333 170
264 323
947 1245
1191 818
101 609
561 1179
857 741
101 575
927 952
394 55
281 55
725 21
75 218
1309 958
1106 798
1047 1217
1191 1356
1463 442
689 138
1103 1463
82 693
1426 855
927 1000
1461 642
70 78
953 1191
857 490
1260 1260
620 726
241 1
46 347
1236 1112
562 493
278 837
661 259
793 944
1195 1245
967 1112
981 952
916 1231
492 144
1278 1041
644 561
454 301
218 301
1288 1153
1414 1164
1414 855
147 55
855 1054
1479 249
99 754
1187 1418
664 187
512 145
350 621
675 150
1133 949
90 693
202 347
21 1051
1131 8
807 442
887 1360
101 644
1223 941
773 1152
219 297
1384 1401
775 1330
385 155
1384 1268
932 919
1275 879
880 779
1266 1245
1041 1101
454 41
1441 1000
209 664
645 703
493 669
781 1445
264 479
1251 980
451 155
851 1202
880 946
1463 1360
410 434
8 564
618 693
675 472
524 399
1131 404
1410 1013
517 588
1321 908
316 727
1135 490
177 245
479 323
1426 1197
953 1360
735 46
296 248
181 29
915 1306
1015 971
1329 1112
547 393
835 1437
312 782
772 1306
843 814
1103 1245
1381 729
75 85
434 75
503 641
1105 854
295 210
1408 1068
1220 775
1210 855
1088 1041
1101 855
1329 1250
1261 119
55 441
808 88
574 542
160 645
253 798
1209 1277
315 1021
927 779
1112 963
1015 979
927 1390
189 410
604 575
1015 1408
179 434
1449 1153
1460 1000
813 1437
140 514
1108 805
647 434
393 675
505 248
855 1226
1419 1245
1191 1101
1254 907
880 1399
434 641
676 297
892 982
688 89
296 1209
553 556
726 14
981 1437
70 489
588 514
555 377
1332 979
124 55
387 460
772 990
1429 810
824 1112
180 676
1162 973
56 323
144 535
921 856
1172 966
1166 963
1065 1196
1296 885
1394 1223
664 55
1396 1112
1290 1101
618 936
424 671
329 155
612 480
350 210
229 729
492 72
1091 1330
55 155
1250 862
512 170
238 446
323 726
727 180
1053 1463
618 585
953 1306
68 963
361 155
82 642
56 585
826 1152
1328 1296
1215 1356
880 865
1003 1487
454 55
1244 1112
21 574
253 741
1106 1293
1313 1429
953 792
1434 996
980 855
1309 801
223 642
1475 1236
55 472
1187 1268
1081 1437
1410 519
205 591
64 170
1112 855
98 453
1101 764
943 312
972 1245
524 572
524 650
1222 1418
882 1429
515 155
839 1153
916 1337
1257 1112
402 102
766 913
387 623
1381 1153
993 1217
1438 1000
453 114
1409 1245
935 150
818 676
1458 1134
387 737
500 1479
489 363
729 641
1209 932
1214 892
1306 1153
377 446
1351 874
1339 1325
1406 855
1244 1202
229 514
1429 892
856 859
467 155
754 640
293 483
855 778
559 154
377 642
566 189
824 1277
1061 855
900 919
1461 963
618 72
730 671
1037 249
218 495
438 434
165 508
326 405
1161 1231
1430 1152
688 191
249 729
1401 1429
1127 963
1439 405
123 323
124 729
635 564
316 641
808 995
1047 1172
1135 972
793 822
1401 1245
807 979
1108 1420
1392 1461
454 577
927 961
980 1306
181 714
1441 855
219 604
585 389
938 855
1412 1153
72 13
168 432
1082 1184
1436 1357
1028 1463
563 726
936 729
191 623
515 878
1406 1112
1054 826
617 729
202 589
163 155
561 641
465 172
224 514
1346 764
1482 781
538 729
363 13
589 1055
468 547
1063 826
512 561
326 172
381 170
495 669
644 394
699 23
317 535
1410 1191
241 483
980 1408
512 156
1191 919
1419 963
837 1232
467 363
1150 1479
29 248
87 393
501 642
647 241
20 693
1135 1337
40 675
1449 1101
1117 963
1473 1067
566 756
1104 1245
1410 1360
99 669
615 155
1168 826
101 150
40 297
1051 276
1135 885
805 822
747 563
1478 13
1296 1455
1246 756
288 23
956 830
202 495
1364 775
839 1069
46 519
1185 1041
604 634
109 623
224 264
1362 1475
855 987
460 394
492 446
223 150
72 434
935 55
24 154
219 114
454 29
204 78
1239 892
1185 1245
1317 963
1037 1065
539 1063
1112 170
1460 1232
895 1374
993 1240
505 483
436 640
1269 779
326 493
172 99
389 634
172 229
1162 835
524 75
1135 1317
316 536
477 349
865 1037
547 218
1245 1317
895 988
977 1159
568 675
1346 885
347 535
1482 885
684 493
1427 802
735 756
851 1041
468 465
919 1191
851 855
1207 1055
317 566
589 55
952 1245
855 276
89 547
132 1330
918 961
1275 1065
618 16
1103 1067
1008 855
1092 990
1125 1215
532 55
647 547
144 660
55 642
1163 798
23 535
1048 952
257 189
1257 1008
1040 1191
353 441
532 89
328 371
547 468
1150 1153
806 1172
855 954
418 729
1257 1209
1038 855
472 514
191 75
827 855
754 371
1000 909
676 1051
765 1122
659 420
436 743
73 641
1437 1112
644 102
570 535
1003 1080
1270 1245
467 301
726 72
900 1121
1261 1063
40 402
1163 1427
1163 1471
604 187
585 55
177 189
838 1209
726 591
469 130
657 963
363 323
156 35
259 55
1048 1270
469 35
900 956
1207 949
1236 826
29 609
492 118
644 963
652 144
503 483
807 1051
1401 323
816 944
40 492
1328 1081
1352 1051
618 210
15 323
722 687
669 297
669 641
29 15
1288 1159
1215 1369
892 1317
1325 826
699 27
1288 802
675 441
406 1232
1320 1430
14 1179
951 1148
937 1250
612 189
15 40
1244 1159
363 461
1432 808
851 1218
852 936
966 1153
856 1430
390 641
1185 1392
1103 1081
75 741
347 468
907 1408
524 14
919 1245
313 233
1436 816
469 46
637 155
1384 810
781 802
288 547
1172 1429
813 539
966 935
1049 547
288 634
202 634
892 1053
855 812
852 1463
1408 1423
2 495
31 297
679 1231
837 935
449 574
264 75
340 23
118 754
1482 1232
1161 779
993 1232
925 1153
1320 1055
708 483
1109 642
75 229
762 822
1439 856
468 810
1479 1246
1061 1479
1065 1163
747 155
434 172
387 417
1423 980
393 55
702 605
1431 1041
21 114
612 155
539 155
773 798
620 55
21 301
1471 963
1226 824
573 218
1290 1037
664 535
316 574
953 1328
144 467
1437 1086
1200 773
178 798
259 519
512 64
1131 741
1146 817
787 838
1430 988
843 1372
180 609
1412 1461
1051 1223
1277 885
484 446
124 389
167 316
813 826
1018 1112
762 1245
387 907
220 96
900 1153
681 23
568 109
23 623
180 387
1414 1306
935 1071
880 1349
264 493
102 349
612 180
813 963
288 114
151 514
1047 949
618 727
75 115
177 102
585 233
151 89
191 23
851 893
585 417
559 483
1310 814
1129 1232
452 155
383 155
29 45
856 155
241 276
344 13
524 109
98 114
1001 23
1313 1086
762 1008
589 662
436 563
1280 1041
149 641
602 664
29 693
493 726
813 941
817 1150
1275 930
1360 1081
508 44
55 18
1162 1045
95 726
100 23
1236 1478
387 99
646 641
465 297
998 878
660 55
580 170
1408 908
642 155
1479 980
535 145
144 589
89 1051
754 189
387 1330
726 577
1227 1221
1277 1459
650 514
317 405
1280 835
155 391
1320 490
32 564
191 278
257 641
1325 952
144 23
755 644
993 1051
21 493
612 233
1253 1461
837 1270
1226 1041
820 821
31 574
1410 856
1236 1048
823 1330
547 35
539 878
238 72
788 1245
1092 1150
1217 1270
1437 764
1437 855
932 1048
921 817
876 963
1403 949
454 118
1152 483
574 249
818 55
1125 1306
1341 996
775 814
583 155
1101 1463
99 323
501 561
99 405
1223 1325
539 1430
901 1153
617 55
194 535
1054 1055
874 1008
1439 1051
114 641
1141 981
1425 1437
1221 1013
1394 764
916 1479
714 155
331 642
1364 1201
2 323
1231 1356
1101 813
151 729
1401 477
641 114
1106 963
974 1330
1329 1360
755 642
1185 963
202 118
1325 971
1135 1306
1463 1063
953 1037
99 189
172 189
1473 1153
512 754
399 191
855 1296
1221 880
640 170
1333 1051
664 726
202 72
1054 1152
253 1270
110 501
101 564
676 460
1381 1250
644 89
417 634
566 417
16 1360
956 973
1407 798
781 1337
1295 55
1482 1222
781 1091
980 1251
410 191
326 467
1187 1041
1461 1231
363 389
1021 564
1144 539
1429 1112
117 741
1199 1081
55 35
1432 854
900 1209
1362 878
75 480
56 726
781 1153
604 233
590 75
335 155
856 1330
988 1179
675 493
417 467
317 729
807 1153
417 35
278 432
907 1245
631 1223
1049 1482
946 963
994 1051
860 1101
754 566
1007 1081
1221 855
829 919
1125 1153
1278 980
8 393
427 310
524 27
1479 1177
839 767
332 1123
935 1447
688 979
144 72
699 102
29 351
547 150
1191 1223
699 729
1360 855
536 394
1210 1051
417 99
835 1270
835 936
900 1360
664 514
1384 1277
1410 1463
615 399
118 189
521 233
264 8
618 144
281 155
14 644
460 417
406 1478
1254 963
980 881
1000 1489
1334 1245
1203 1330
202 180
492 55
1185 880
605 495
1274 826
1000 927
1329 1330
559 394
1108 1163
1072 1041
761 1134
1054 1478
1141 1209
735 155
1445 1048
743 642
181 233
1236 1330
167 387
56 391
765 729
264 389
467 405
296 150
855 1077
436 323
936 297
273 718
660 371
634 154
1177 778
223 1051
568 596
1352 1461
278 1112
909 1153
998 483
1168 996
587 963
883 1209
660 514
317 644
1162 826
1015 1153
219 323
1334 1081
8 180
1395 963
20 154
1200 941
89 467
1088 1051
1185 1270
259 754
483 729
1357 1164
715 641
792 1153
699 712
855 807
1427 180
855 1006
480 967
1021 544
1320 1041
856 1191
1125 1112
1410 514
781 514
307 641
943 1217
676 454
818 1330
317 233
283 655
202 170
865 837
454 96
46 729
137 641
144 210
874 854
772 1159
1216 431
132 88
467 642
472 434
209 727
82 405
1041 1317
1163 1065
469 535
815 1191
1152 1148
72 460
1329 204
43 155
813 1148
1168 767
918 944
1047 1215
559 172
1200 1277
417 741
24 55
943 879
644 441
811 972
726 202
87 155
361 189
264 140
1047 1067
1133 1185
1101 806
814 1101
241 756
144 591
56 167
823 1069
223 798
56 563
307 155
1092 980
824 1179
1430 301
56 712
1152 119
880 1061
1420 779
726 461
961 1270
1185 1121
702 677
1329 885
953 1051
617 374
46 563
1479 1081
402 401
775 1145
441 434
1384 1195
1321 1227
934 1232
55 23
631 566
585 326
1389 1164
1101 1081
855 1128
1254 1028
288 172
489 754
1264 855
977 1293
489 118
218 642
167 493
1384 964
1411 830
585 642
1058 1045
238 644
15 156
1360 1298
278 136
1095 1218
900 1152
363 612
1177 1048
900 1409
959 878
623 323
880 1427
1177 1250
31 642
1414 810
856 1463
1113 480
573 729
974 963
399 155
102 155
29 535
241 249
1246 1429
564 156
150 527
317 402
1135 817
418 55
1135 766
118 712
14 150
856 855
1051 798
2 561
726 535
524 202
1286 1277
781 1055
694 591
454 13
470 729
547 754
824 1045
737 483
864 1051
694 13
1426 1051
1231 1417
1009 763
162 15
15 650
793 1305
440 979
765 1251
855 1162
809 1179
511 65
257 102
675 492
468 756
1164 767
75 634
281 170
1108 782
333 155
22 434
1191 1429
1103 1269
1223 883
363 24
1320 862
41 687
775 1005
777 1091
417 461
315 1086
617 297
864 1232
1231 1158
1387 1172
793 1049
80 1209
824 885
885 642
736 168
874 1164
24 102
1000 1301
1096 822
801 1306
238 35
936 1461
965 1150
1038 1164
238 272
210 396
943 1430
431 189
1352 898
754 517
644 202
1314 936
238 623
855 1149
46 480
1429 982
217 23
118 669
968 119
519 721
729 754
1041 1051
892 956
764 170
1439 1463
399 641
1328 919
927 641
1471 1245
897 1232
577 180
1246 729
824 1478
1329 768
296 1152
540 515
1051 1153
1199 1296
813 1112
101 756
604 202
387 572
645 591
809 579
1061 1437
1245 892
1410 1429
377 399
562 55
256 189
363 99
1091 1399
675 55
1302 170
1317 1101
1227 854
256 641
468 16
479 55
70 172
892 1134
1415 872
295 641
1374 1170
907 855
559 729
527 798
1088 762
163 170
1211 878
1425 1051
259 210
947 826
535 396
1126 775
975 1245
1065 949
765 1479
669 493
1125 792
892 1461
495 468
1482 1330
1113 1153
942 990
1364 1489
1296 922
75 387
956 1277
118 492
615 1395
1103 1455
1047 1191
264 468
515 514
816 971
115 402
856 1045
417 159
568 329
573 641
1286 855
1125 956
1200 1153
1007 623
151 1179
1076 1245
1101 956
469 55
1045 855
1131 39
879 1245
556 615
980 1423
831 1455
316 288
1426 974
218 13
190 1
1133 1429
687 675
895 519
620 687
1191 1318
1269 1277
1153 1264
434 85
467 493
282 23
680 641
943 1081
417 297
469 514
852 1179
1352 963
865 990
1264 865
326 570
587 300
930 1101
535 641
1092 781
1214 1000
1444 855
1423 1374
1328 539
591 180
1250 1381
835 1134
880 187
1478 941
390 798
1296 856
1431 1245
765 1463
850 990
393 637
1425 1100
998 1121
454 354
109 729
1396 990
281 191
675 154
897 1277
817 944
598 297
737 687
852 1114
567 155
264 642
1161 1069
637 483
172 535
295 727
512 210
574 189
855 878
1394 1461
99 35
1463 1330
650 687
694 399
855 908
556 641
1140 963
648 155
765 155
15 564
813 1101
823 1112
167 323
454 444
1320 1277
1236 782
899 1095
856 883
1026 1051
966 1041
1269 1041
118 641
973 1209
417 301
861 568
539 483
469 431
900 802
1326 1245
405 1051
1384 1121
150 1209
1165 1308
1362 1330
387 22
1408 941
852 1306
172 405
389 547
1047 919
855 1108
1028 851
288 323
168 454
615 387
524 484
155 210
405 55
289 756
935 1478
775 865
765 1270
661 495
602 961
610 155
477 972
1414 1045
417 150
644 14
612 441
1041 1153
350 637
140 472
909 826
568 22
972 936
1280 1317
620 604
352 431
1438 798
288 644
508 15
1256 1101
1215 843
177 78
218 323
553 233
1245 1306
524 89
23 102
1101 1251
754 712
1364 1330
561 144
900 1144
1471 1112
1246 798
332 427
109 417
1037 1222
1441 963
839 1290
418 490
618 417
900 990
1329 1306
1461 826
1287 1000
1384 1308
42 323
610 434
612 621
489 492
273 155
1140 1330
1222 1232
1410 1245
387 1277
539 180
1135 1197
257 615
307 741
179 727
855 1274
851 1206
1101 1122
885 767
880 1258
1362 1153
503 114
1212 996
204 402
363 480
1408 1081
537 641
82 204
1317 1041
167 641
377 756
465 405
1063 1337
1047 952
399 441
241 674
144 154
676 461
363 374
1205 1306
410 675
1101 1461
652 145
363 150
24 641
762 786
573 493
1290 1251
1191 1215
1325 1330
956 405
1375 855
1459 818
1246 1240
1479 1042
681 39
249 180
519 480
1420 1051
1202 1041
865 729
1187 913
1154 1065
1131 301
1185 1437
1384 841
1133 1268
793 1201
524 22
729 818
472 641
18 495
1345 1055
1254 762
1456 1245
493 996
1048 885
481 172
1195 1150
72 297
1191 1325
839 775
1252 1271
454 434
1346 950
1164 881
851 1287
775 763
1103 1152
775 1479
583 114
212 96
1236 500
524 660
1482 1112
610 1051
921 1055
1209 1317
56 642
374 754
803 885
167 712
604 405
1427 810
1028 908
711 547
1258 1063
1185 941
8 591
1195 936
1351 885
1478 1325
454 441
720 1437
273 233
1333 1041
180 640
788 119
29 589
1402 1164
465 323
940 908
1101 908
461 55
773 1179
40 389
165 547
904 995
79 40
515 851
843 1338
469 233
492 729
857 933
72 712
508 671
56 14
1239 1055
1303 990
1439 55
1109 490
19 144
1135 1287
1177 1112
406 826
512 405
1427 936
1113 1148
935 1209
1146 1422
618 644
1047 1095
368 441
943 1037
1003 1430
568 664
1222 1041
876 1000
535 1179
927 1478
1325 944
317 297
46 641
935 1177
1392 741
1130 855
1384 1395
100 417
677 23
434 465
1479 1250
1085 1000
434 405
860 1051
573 55
652 297
619 323
40 495
699 547
762 764
460 180
15 389
1063 971
1131 318
1065 1124
1154 854
85 641
855 979
1374 1330
1041 990
754 642
981 1390
892 119
768 1277
1333 878
15 687
1461 483
824 490
1200 1112
918 777
75 642
938 1041
1372 1328
393 714
1003 787
480 115
855 1026
180 703
953 1153
1202 1270
953 1296
880 1214
880 1121
1459 855
209 729
40 664
956 1478
1227 979
709 514
417 145
775 1421
1191 1001
273 741
224 675
109 818
1088 1293
1085 996
816 956
13 642
1047 810
1421 946
1096 1122
288 347
1274 1123
479 150
1048 1101
1344 854
524 144
775 1344
566 489
838 1306
202 323
1457 1245
387 144
886 1041
878 990
729 441
264 39
1117 1325
568 477
1328 1172
347 547
189 489
1133 803
1223 1152
1013 1101
1004 1055
1007 1185
72 544
693 664
144 189
1318 990
468 480
72 249
434 472
755 579
993 1459
535 453
1419 1185
809 727
781 810
1083 792
1253 1330
953 856
493 31
1325 1166
224 754
121 741
1108 1384
1456 1179
1329 835
168 564
296 1191
855 946
40 649
1108 1153
1321 841
454 570
1253 1463
1115 1437
851 814
1489 855
644 483
852 1245
202 484
1236 818
243 189
1459 1339
363 189
675 650
1286 729
1131 432
1249 1153
1479 316
764 1399
1026 1055
20 564
555 737
1482 855
399 23
18 561
296 155
1317 1153
1326 155
417 483
1384 883
1246 1270
1301 1437
41 454
648 40
483 514
577 248
495 218
604 618
837 830
980 1197
1222 1152
1246 1461
694 297
28 641
10 575
21 468
865 1153
119 588
45 564
1246 883
560 741
387 660
190 155
1236 762
567 13
892 1429
253 1051
363 513
1047 1153
777 1153
938 1051
818 155
660 155
788 941
42 1317
1320 826
29 168
2 172
90 155
1408 1051
806 963
1382 1051
1010 823
934 904
524 282
1375 995
1047 810
1200 963
736 524
351 29
935 119
892 490
101 712
241 85
855 1297
873 963
816 1325
726 644
536 495
1217 935
223 297
980 829
787 1126
219 40
1364 1112
46 150
1007 1269
1357 822
524 460
468 155
1000 1318
180 634
167 644
119 312
1274 1455
55 712
536 483
217 405
1321 828
1172 1445
1177 1144
1463 1250
1214 1330
1231 1185
224 729
556 493
511 392
1041 837
935 944
843 1418
1101 1368
1125 1049
612 512
1051 885
547 394
1478 826
1277 1153
729 453
856 1399
1101 1158
1472 1164
202 389
1313 1330
980 778
115 480
880 980
715 434
711 35
615 961
669 156
46 434
1135 792
644 172
72 90
75 591
693 644
1360 1250
1414 1051
1295 1309
1108 1320
468 615
851 937
1152 1179
880 1172
774 1270
762 1390
1041 1121
259 642
477 417
855 1328
669 1153
371 756
256 493
115 824
855 1242
1427 1437
387 480
1135 1245
1195 944
512 374
1431 1479
288 443
904 1437
951 996
1413 932
1038 1337
317 55
31 349
585 483
68 154
1439 1041
775 119
1215 773
155 535
1458 1101
667 85
1329 963
333 367
1135 782
1451 1051
577 363
699 687
512 155
660 167
793 913
1402 1071
919 767
1309 1430
191 578
921 949
1051 460
274 609
180 570
1135 981
691 641
1192 1164
604 461
1371 1008
1403 1159
1163 908
775 907
1459 1478
241 180
347 288
1199 1328
177 642
787 946
361 55
1031 119
657 664
1236 1412
1020 1112
150 187
943 764
727 726
118 703
754 591
426 737
417 218
612 89
741 535
1168 1051
347 729
741 89
1472 855
448 483
856 818
775 1062
1048 1045
555 449
773 276
1412 1330
1320 1264
1411 1172
743 155
68 275
851 909
813 1185
712 641
512 434
536 180
101 585
168 323
824 878
813 864
118 664
1244 893
604 23
8 278
781 1021
1313 1159
512 640
515 1051
24 154
109 55
512 729
835 1325
103 588
676 1063
1115 952
620 144
921 1179
1429 1134
1000 1321
160 367
277 155
980 1469
1359 1437
144 432
24 170
90 495
484 102
409 114
816 1330
568 491
278 387
664 687
256 579
645 754
596 726
1321 1270
1257 729
313 85
387 675
856 909
75 472
218 603
1192 1041
210 535
72 489
253 167
1329 990
1317 944
729 483
703 687
694 687
730 96
566 687
191 99
559 1277
647 454
332 490
919 856
524 979
283 363
712 756
1104 1091
855 1135
363 492
1384 1360
590 609
1478 779
469 669
23 644
694 189
167 662
187 641
191 394
973 1399
1414 1215
574 31
1315 892
118 741
839 1067
1475 764
1456 1317
1460 1245
956 1357
1482 822
15 162
1427 855
711 641
1009 879
1051 1112
223 603
589 363
703 323
806 1479
278 87
1250 1392
926 963
24 107
756 677
823 1164
454 205
909 1071
238 641
512 268
729 1478
1227 908
1236 1081
68 323
1337 810
1212 892
936 1463
886 767
177 410
927 1461
628 85
1177 764
605 514
1318 1000
967 936
579 417
1282 1360
927 1459
932 826
604 144
449 55
191 764
1461 1330
1104 1041
1131 736
1313 1150
754 676
1360 1051
981 1055
574 377
762 1357
150 460
467 441
109 756
857 826
837 1437
253 963
399 170
857 944
895 1309
1384 856
573 99
1432 869
591 609
317 547
1195 817
1009 1301
842 1101
793 1192
492 563
118 461
1135 1070
1082 968
856 1435
12 155
980 1205
418 1086
1135 878
82 547
512 623
1439 172
387 547
99 371
1187 1437
781 971
1389 1055
1055 810
460 756
1082 1197
90 493
567 483
316 245
24 170
454 180
1222 885
418 155
1209 966
775 1348
453 729
501 110
570 189
1430 1055
1052 979
150 641
503 363
835 1330
1202 869
1384 1479
828 559
180 436
1185 878
191 687
1153 1317
31 461
472 535
1271 855
46 756
935 941
773 1437
953 1122
793 950
975 1232
843 1130
1217 1101
363 394
587 154
421 155
618 55
18 703
1187 1476
331 155
1000 1323
210 438
100 687
762 1328
855 1085
219 642
765 1232
1031 885
943 1232
568 729
438 936
660 154
85 140
1187 961
741 204
1172 762
460 741
472 675
843 787
1317 936
1384 1214
729 31
1020 1134
851 1392
241 1479
165 649
1054 908
1047 1045
387 454
303 741
31 729
735 641
615 492
885 1172
841 855
1317 1478
55 371
824 1121
256 693
454 469
317 634
1037 1028
1335 539
1463 394
410 493
328 650
564 544
824 782
180 577
1477 559
1047 1000
956 981
109 596
880 1001
16 579
1078 963
826 1478
1232 830
507 1109
124 326
852 941
919 781
1088 1437
712 1245
75 609
449 650
160 276
1317 919
953 1067
880 817
387 604
1091 1112
612 349
1037 1321
70 155
527 218
1024 1067
167 441
101 363
483 431
495 570
855 810
1166 952
711 664
82 102
612 278
1456 1425
823 1245
1406 1328
631 405
1153 1051
432 640
501 1479
1211 1101
1088 1232
880 959
568 736
118 18
676 547
729 172
1212 1172
1300 1277
808 1432
1000 1472
615 374
278 572
973 1479
813 817
23 575
855 841
8 634
1444 996
938 1317
775 1478
598 405
167 75
882 855
937 855
1310 1000
1231 816
387 1250
648 278
1479 1445
615 754
818 941
775 1293
1329 996
409 210
1313 1306
29 310
1207 862
1048 1445
836 155
1131 669
468 130
40 1270
884 996
1231 1306
959 1051
920 979
512 990
1126 958
864 959
664 642
899 1000
101 102
55 189
177 490
167 1360
117 963
773 1153
807 1232
1051 919
72 493
1410 1112
394 967
1185 1429
699 427
1441 802
806 1245
524 35
138 664
1229 664
316 495
1364 814
980 347
935 1152
1436 1101
570 1179
1263 963
660 394
773 885
434 676
1410 1458
880 966
1154 1000
570 371
694 156
454 417
619 1325
570 467
1420 1232
645 741
205 363
288 623
624 996
1245 1051
953 865
782 963
816 1222
788 826
1185 1337
596 575
480 675
1446 963
36 641
454 387
1402 963
205 454
568 13
1369 1095
1427 483
935 641
326 687
561 535
1345 1301
180 712
1131 498
493 441
1088 1112
612 55
959 826
1218 1092
1031 818
238 681
855 1215
1153 767
660 180
326 301
1091 971
290 729
1209 150
189 31
101 460
18 16
763 1037
824 480
881 1037
837 1051
1209 967
40 591
647 468
736 55
223 441
480 489
481 475
1202 1217
644 363
909 878
156 187
953 1164
669 218
72 187
966 972
644 396
278 465
434 514
788 1112
434 642
1187 1159
1202 1479
1461 1055
855 1444
1384 1348
971 1045
1051 1478
664 75
618 288
1364 1245
241 798
1458 1217
1345 1394
574 387
229 55
1096 1070
936 641
405 297
1350 990
170 640
40 642
566 650
568 301
765 1250
659 170
1444 1420
1202 817
140 480
851 1329
781 941
927 1429
843 1201
469 539
1185 1179
855 1081
931 1330
900 980
762 1063
1209 394
1463 936
773 1360
14 460
1126 1328
934 1112
618 564
966 1489
1023 818
160 878
1112 1455
1444 1164
1223 150
1036 1270
296 1330
1153 1445
468 493
1313 1463
204 119
851 1487
244 105
1001 822
1389 1148
839 1008
857 961
140 297
172 472
1185 1048
1192 1437
406 919
1150 1008
403 756
16 1245
839 980
257 729
973 1418
1482 878
921 1021
1177 1463
1000 815
140 150
702 493
117 641
363 644
938 1112
460 75
38 377
1106 1459
1154 775
113 144
1395 1384
852 919
851 1472
981 1150
1037 799
313 155
257 669
660 675
89 189
1172 1001
1335 1007
449 268
204 1121
688 468
1244 1310
966 1459
1276 1041
755 483
778 979
1384 1390
283 159
504 495
805 1245
1209 1306
460 323
688 572
590 180
317 649
156 154
454 62
855 1214
703 642
56 461
935 1051
149 55
28 210
118 566
515 1349
935 967
18 726
644 288
1325 956
115 556
1162 1317
596 493
202 741
189 72
515 1348
574 591
773 941
1477 92
993 1112
573 477
560 446
711 493
278 127
264 292
1101 1482
747 150
919 1055
512 13
2 754
1215 819
1430 1317
1101 1371
56 35
27 78
1411 854
14 1041
807 1041
644 675
618 150
508 345
727 566
350 554
202 483
631 591
431 99
1153 901
219 23
1062 1153
418 150
755 118
1384 926
460 189
1106 1399
575 417
1227 1232
137 495
1244 1348
886 958
669 180
14 641
454 466
410 591
982 1429
935 1277
524 118
1209 1401
1020 1330
389 493
1164 810
1333 490
1275 1246
219 405
1051 1222
492 623
1478 878
155 434
465 155
1058 996
351 726
144 650
1000 946
151 1067
209 756
791 1455
1085 963
865 1309
880 810
481 75
115 856
956 979
919 1437
8 241
363 396
631 535
829 155
210 641
972 1041
1313 1051
781 855
205 492
899 897
570 335
895 919
585 436
1063 961
1328 1445
119 1021
118 454
855 1133
669 189
460 687
1096 1437
24 89
561 394
85 172
1408 872
699 154
959 1251
492 615
383 729
560 180
1192 1082
524 726
118 483
14 885
773 741
1113 1270
977 979
218 114
461 189
137 642
1384 764
1427 1153
1051 14
524 642
1479 1095
113 996
1223 936
856 1245
377 493
597 155
524 483
113 155
1195 1041
434 623
587 170
469 13
99 623
187 102
892 1112
493 405
495 575
23 1380
580 448
947 1051
676 55
87 115
1166 1245
736 661
219 187
1412 1479
615 644
1322 1041
501 527
2 564
1185 1306
350 431
1406 775
943 837
544 963
1472 1328
399 180
296 588
935 1306
1015 981
560 323
895 1051
956 1052
669 55
501 417
1252 1048
1439 810
787 1000
1191 971
32 544
181 140
394 405
1422 855
160 172
118 563
1328 249
1252 908
524 8
1031 1153
99 351
602 1041
568 288
6 737
837 1317
217 155
1286 1317
465 13
1348 963
1117 990
1360 349
536 729
21 155
1141 1008
1150 1437
1461 835
559 493
865 892
1461 119
1021 767
814 1172
1482 1337
574 38
99 55
967 1086
229 75
1348 990
1185 1352
1254 990
394 818
699 563
1231 1246
915 1479
907 919
22 756
644 669
13 155
394 963
1053 1036
389 489
699 727
726 363
660 187
155 46
1166 1478
1191 1337
361 387
257 575
1287 1101
399 609
75 650
1200 1461
681 18
1446 1422
1177 1245
279 155
647 596
662 1437
640 574
1296 1164
547 102
555 249
305 641
84 535
980 842
1421 854
813 865
468 1477
100 218
512 289
956 982
40 405
729 1381
835 941
387 484
980 1162
579 467
879 155
1390 1456
1054 1461
387 155
1092 1101
993 1153
460 564
224 210
855 1301
1177 979
477 756
756 55
445 642
855 1255
75 189
1381 1245
309 641
387 1179
699 468
935 972
935 1245
1082 817
578 155
202 644
1172 1245
1020 1086
726 99
1000 1104
211 389
515 1381
765 1317
124 648
477 1478
140 75
1000 980
417 167
296 830
1168 1306
713 155
512 89
762 818
370 979
1191 1306
1047 249
100 492
1040 883
1253 1360
857 1306
1246 878
224 229
210 35
492 727
524 29
40 449
363 283
23 107
604 620
886 547
180 363
1047 1277
241 8
1192 1296
1362 1041
296 55
1209 961
165 391
921 818
1421 170
467 591
1065 1040
793 1245
1398 956
662 454
831 1255
1412 1306
521 363
1456 1170
31 97
612 297
1488 1489
84 741
1072 802
1071 312
451 150
1282 855
737 452
980 961
1150 1306
189 644
1112 792
172 55
1227 919
1 664
1187 1317
788 1051
1372 1028
1277 897
89 264
90 301
1000 793
570 99
160 155
1414 913
570 495
574 1067
927 1360
387 512
1024 941
1000 904
428 55
1115 1049
1275 1287
1242 996
645 170
1180 1245
99 202
1135 1069
469 297
432 75
72 591
1459 1217
1403 996
410 517
1112 1437
1004 155
218 798
1187 1179
1214 442
316 218
18 579
1177 1437
956 1459
480 519
467 579
277 96
179 744
729 1250
1020 1317
618 714
574 579
1185 514
1082 944
901 1209
85 229
1095 1160
755 493
937 1112
755 535
944 1055
892 1315
787 814
1166 1092
1101 1459
469 1479
956 854
855 1425
220 669
623 301
124 675
224 479
647 604
1081 1231
1041 1277
180 454
762 1153
299 298
1485 908
556 480
1437 312
1055 1245
1326 1086
762 944
743 436
664 65
144 483
82 584
556 579
980 1458
211 155
989 1427
21 144
1051 988
1318 952
762 1418
1091 1306
1431 1112
65 27
644 641
1206 1205
765 826
1168 1041
1172 878
618 664
55 21
1473 587
727 187
927 762
622 609
726 676
142 363
559 155
481 535
46 489
703 621
524 618
1419 1409
14 1337
223 1437
1352 1179
589 621
1426 963
495 55
1104 1191
16 468
775 1130
1384 1053
524 115
737 514
956 1101
838 483
1040 941
631 782
980 1392
1408 1112
1041 1245
1463 830
813 1041
855 1015
1217 1461
1051 1463
1459 1429
1482 936
124 495
295 323
1269 1461
962 993
124 249
855 1332
202 544
644 547
1051 1337
162 979
140 713
138 641
1215 1153
454 14
493 145
1062 1328
512 31
1329 1231
218 641
118 446
515 102
99 301
191 1477
659 171
1236 1270
257 16
492 547
640 154
856 249
612 535
449 29
883 855
1092 1209
402 23
142 454
644 170
1051 297
1269 1232
1214 963
1185 1081
124 561
1282 1437
664 436
191 642
711 55
604 446
229 180
1434 1245
922 1048
626 155
1333 1461
855 880
418 677
1338 854
1445 1172
461 467
631 297
1108 991
98 729
664 417
438 1086
956 1045
191 218
278 1246
512 323
1329 1223
1154 1306
1439 1245
1245 1330
289 443
1372 793
1479 1356
952 1430
1392 483
124 669
966 1357
508 130
1263 1245
1334 1209
468 508
189 729
18 99
1015 1245
747 99
480 75
1413 898
1238 1437
787 1148
641 677
402 642
410 288
417 664
1108 754
117 438
189 669
1402 1408
1047 1101
610 23
570 644
1322 1245
574 634
974 1013
524 688
204 535
535 727
1215 1095
1223 963
980 873
556 205
1191 1153
415 681
791 1112
660 301
900 961
615 202
55 547
363 75
383 544
935 973
855 1482
1049 993
644 489
1271 1055
46 547
1427 818
737 623
980 893
1236 249
283 371
156 180
1384 966
911 597
851 1389
124 449
1052 1053
1439 936
791 1245
1384 826
172 371
634 642
101 115
402 483
762 1221
512 703
699 432
699 570
1422 1232
726 566
179 233
1053 900
229 155
754 570
1096 973
492 664
941 1037
202 21
282 144
391 27
387 563
886 1348
152 237
113 641
1074 727
241 726
615 189
137 547
1446 773
396 209
1352 1153
968 862
1126 1000
1209 1063
1150 1478
1473 778
1051 1086
1231 1121
477 1148
1215 963
645 144
561 118
109 89
585 248
1053 1172
699 15
909 1251
909 1479
253 729
1236 1051
1303 1112
919 779
1165 855
1313 1356
1200 756
1000 1371
1374 1045
493 577
244 641
793 600
756 453
1427 1150
1420 1231
204 434
73 72
391 155
1302 963
72 467
873 1179
335 535
1152 669
512 102
579 297
406 1048
1028 1389
399 512
444 579
1217 1177
583 493
181 535
40 609
1041 1482
1144 932
1222 1209
31 541
55 535
144 743
1384 922
1408 907
144 645
547 1008
1461 641
856 1069
998 892
818 944
381 155
1115 1269
417 609
1101 1323
1172 1392
1238 1153
1077 1041
803 822
900 1251
669 1021
259 650
953 855
1041 930
852 1000
1109 535
524 268
856 835
644 1245
1478 961
512 493
113 514
1366 963
1051 442
1101 1418
771 1041
469 609
217 642
117 154
29 687
1191 1112
1177 1051
72 727
1036 1269
1223 1337
1287 919
596 218
268 449
11 1055
860 980
1049 944
815 865
1461 539
55 167
614 1437
243 641
580 434
1106 1081
1163 1479
1232 729
604 180
85 86
42 72
855 1196
229 623
980 988
947 1086
1309 170
662 170
596 89
1329 1177
855 1156
1352 1232
1438 1134
1047 1091
930 1364
921 779
377 38
788 1069
1329 1209
1191 952
843 980
1091 1418
109 585
1166 1459
1407 952
144 24
1382 1041
741 55
704 664
944 964
644 347
865 941
1384 1328
937 1191
468 675
158 418
787 1112
1359 1008
1140 641
1471 855
1389 1245
23 154
1223 1390
99 461
454 662
568 1229
995 1000
1346 822
574 191
886 1159
465 547
454 637
631 687
347 170
1487 1437
1345 963
1237 872
1053 1317
2 623
900 1177
1325 818
1007 1092
881 1245
1313 1179
40 99
238 391
1223 944
317 677
989 996
72 664
219 434
1045 1306
144 754
238 431
1246 1041
501 55
305 453
253 297
481 155
833 963
596 591
467 634
1192 963
688 24
1058 945
935 837
900 1461
895 792
935 1390
1277 1478
703 154
1131 333
326 640
754 399
1062 1245
1321 868
518 779
573 727
1427 1270
773 1159
562 996
508 249
493 467
101 65
283 155
1063 729
1015 1330
702 729
1361 990
303 641
503 23
1280 767
492 363
1207 855
508 127
187 1463
1318 1422
363 687
676 535
772 1301
264 360
600 1055
703 156
880 490
475 172
1172 249
1166 941
556 621
602 210
29 167
855 1104
880 1478
1407 1455
515 1048
1384 792
575 399
961 963
560 621
1085 189
1427 963
168 699
816 1041
1041 936
1431 1399
1427 838
618 99
1223 1270
90 154
1209 885
891 979
1360 1277
168 664
675 31
229 637
669 155
56 22
1296 822
189 460
363 483
387 589
259 301
547 726
838 1256
556 180
1250 119
189 726
1069 1306
387 688
762 741
562 561
880 1321
818 1086
202 688
363 675
1000 796
224 572
1373 930
981 1280
283 259
1047 762
53 446
1411 1328
1374 961
305 248
394 374
775 843
880 679
1185 1092
1426 767
664 446
1083 1051
1185 885
273 170
878 155
1131 575
501 575
1222 1088
389 72
420 194
618 446
259 192
512 432
725 483
144 642
1000 1346
1200 1295
729 615
140 493
577 754
498 454
2 644
1146 996
855 854
389 75
1047 539
1371 762
561 446
1351 941
1392 967
1203 35
729 563
449 323
282 434
150 394
981 1092
1047 944
773 1446
1334 1051
72 535
855 815
886 818
736 323
556 492
1431 1101
241 415
1245 1270
1192 826
13 99
922 762
659 160
493 687
938 798
1093 764
29 31
619 936
40 8
1223 932
191 700
155 23
1054 823
1437 1245
85 75
454 150
1037 894
264 604
855 996
417 566
1410 1071
856 941
813 1232
1307 767
56 363
1063 932
16 1179
585 990
855 1389
477 468
454 189
521 650
512 248
394 741
787 1330
144 27
1367 996
559 514
1057 817
1172 810
326 35
935 835
900 1245
829 119
618 202
856 642
536 434
436 615
855 1351
618 391
1461 1478
1318 830
454 650
1191 405
402 492
669 1041
644 468
278 402
1153 1053
837 1277
460 13
313 204
1408 1167
826 1063
721 434
492 620
1121 1164
119 55
1232 1330
1185 1153
220 585
817 1101
935 1461
886 973
1298 855
492 202
822 1122
1076 1008
1065 1141
1172 1052
852 1418
1223 878
631 729
151 468
21 725
835 1306
1062 919
1419 1298
1475 1214
172 712
1037 778
460 441
259 587
585 297
289 532
1061 1122
469 417
451 154
909 991
1053 1411
422 1112
1408 1045
465 563
1375 1215
1152 641
467 535
788 1430
567 741
1195 956
495 35
1246 119
479 961
967 442
1231 1330
852 1112
1047 878
953 934
855 901
229 434
574 1275
796 988
118 535
118 288
278 205
1305 793
998 944
1325 539
817 1437
205 170
1104 944
345 1463
363 159
1339 932
675 669
283 180
1153 1172
73 100
490 798
469 495
144 191
1041 1348
1360 1463
892 822
604 154
181 712
1219 1245
807 1317
144 29
10 472
1328 1121
568 115
119 1209
1217 1081
631 798
807 1121
55 191
1360 1153
377 1021
1113 1455
144 798
818 519
560 634
669 323
1236 941
855 1220
378 31
278 574
224 360
1420 1008
922 764
495 561
1172 793
660 726
560 167
1172 1437
24 155
676 687
937 1069
418 442
547 434
477 973
1387 782
451 55
1427 1007
363 187
1432 885
765 1429
479 564
855 860
24 741
625 454
807 941
765 1191
660 172
1482 1049
1356 1000
880 714
940 1390
1028 276
694 75
972 1479
1309 802
15 85
472 669
24 402
405 547
559 115
556 371
1113 1021
675 233
1162 1270
585 394
461 1463
918 1153
1081 1479
1135 1328
730 426
1390 1245
755 218
604 389
42 150
1352 810
202 727
855 1383
390 483
357 144
1047 762
1402 1007
1048 1245
512 547
570 754
816 1337
612 288
536 144
365 477
729 472
477 908
1052 1447
468 642
967 1463
1384 1320
1414 1348
524 465
390 1325
882 996
675 741
1441 990
1226 1000
1104 1000
865 1051
988 878
879 1437
909 892
585 756
56 727
803 855
1408 1103
185 1245
1202 837
912 979
14 323
377 687
1257 119
431 155
1389 892
410 332
55 297
137 712
1396 1121
1131 323
75 264
824 741
781 1330
1209 1152
2 641
220 730
101 535
1320 1330
396 150
1103 1191
1360 1437
42 85
296 563
1104 155
993 878
36 729
1479 973
1135 1246
1047 764
31 460
1383 1245
538 55
1463 1413
865 1133
1031 1112
512 730
1004 1153
998 1455
417 89
974 941
1088 1330
93 729
532 24
761 963
793 1389
675 1437
321 399
1432 781
566 301
454 675
1199 775
467 641
880 974
264 42
136 1122
469 144
1410 1223
989 1051
880 818
852 1091
855 1467
618 493
1135 539
223 936
303 301
880 995
363 14
32 1112
618 460
618 18
56 218
1041 490
259 498
1063 1266
1276 1051
1301 996
374 563
669 650
1244 963
525 155
181 144
224 495
181 495
150 99
1412 1236
1222 1123
1135 955
1186 675
566 676
916 1306
1250 150
393 79
855 814
421 687
1269 837
729 155
1375 1338
472 563
1177 981
289 210
503 575
966 1101
1351 1008
335 55
495 202
612 641
1429 1055
644 446
778 1426
75 514
1444 878
1000 1214
880 1092
492 434
566 634
1232 765
1065 908
935 1150
1364 1000
191 547
72 726
1238 990
1063 150
604 1380
1162 990
807 1461
1414 872
1369 1436
477 1461
1135 119
448 170
1201 1037
40 248
298 55
803 1000
399 377
1004 1021
1408 1330
729 535
777 1360
118 441
409 641
99 577
1177 900
1092 972
1435 1086
56 535
855 775
1209 119
1333 1153
28 452
1425 1309
101 495
209 535
1026 963
436 585
574 644
1101 1095
907 1095
1436 860
980 1104
347 756
347 644
961 1209
968 1184
1317 993
918 835
1275 817
1049 276
909 1053
144 35
477 741
1325 883
895 773
1449 826
1369 1270
861 798
202 399
927 1245
1313 908
188 248
1269 919
181 264
156 465
927 990
1135 1053
384 641
1214 1437
1185 818
773 1101
481 229
1313 1277
1202 855
29 371
1381 1051
1161 1245
737 493
363 282
843 855
855 975
725 1463
942 963
676 480
288 155
743 99
1236 1250
1236 1231
754 432
981 786
202 461
568 337
31 99
1402 781
778 980
436 634
765 1153
610 664
1313 835
1373 1459
1172 764
1479 1325
589 572
489 756
1040 1063
101 55
907 1049
211 329
669 24
219 644
1223 1429
1101 1071
70 641
909 1478
219 394
1352 993
972 979
187 189
1404 996
1037 1185
647 495
900 1437
498 155
1389 1008
1162 1306
406 1152
469 180
1461 1223
570 676
981 539
938 963
1346 1296
1231 440
775 1306
493 144
99 114
1215 972
140 115
281 609
257 453
461 441
946 893
1047 885
855 803
217 498
40 460
934 826
765 490
144 621
202 577
1130 1008
956 1051
115 1417
585 575
762 1232
1130 933
23 563
20 180
492 577
1430 932
209 434
573 634
703 202
631 155
818 1051
781 872
10 535
344 641
1131 168
278 754
167 405
1437 1055
685 535
1374 996
615 55
921 979
1109 507
524 714
675 726
434 637
170 65
1163 959
685 371
1479 729
428 23
223 323
1179 1112
664 714
855 1264
640 72
1430 1134
238 155
647 1437
157 641
1101 966
1081 941
1096 1245
515 55
585 13
460 623
536 210
187 677
99 441
765 535
1420 1444
612 227
982 956
1375 810
644 1179
172 650
1166 1179
1047 1051
855 1458
773 1200
967 1051
891 155
1364 950
560 493
508 391
762 1422
981 898
150 619
1246 933
807 856
726 405
465 489
99 363
512 589
1149 963
736 180
249 1047
669 170
1384 1164
729 118
377 1430
966 1429
524 434
387 650
855 766
950 1101
652 23
930 1037
669 394
886 822
596 55
930 1041
612 39
645 268
699 535
900 941
650 248
1478 971
1135 779
1092 1041
1481 1270
1 367
274 155
1218 1116
512 1430
524 1277
118 570
190 641
619 297
387 256
1384 982
669 642
559 323
1484 963
642 514
1315 919
1317 155
1164 155
754 202
389 65
296 818
835 980
1166 634
524 100
775 941
118 167
618 297
22 574
767 1055
454 86
305 114
431 323
880 826
40 623
1227 829
191 449
1371 878
468 574
664 363
1288 855
381 323
124 641
295 514
1041 1223
1092 935
956 1245
823 1055
1109 1041
1009 833
218 55
344 323
256 55
521 248
914 1306
818 1063
137 288
757 65
9 741
959 1245
72 495
417 189
882 1437
92 1437
725 798
345 993
288 754
809 677
1153 1069
604 566
187 323
864 1479
115 209
123 798
1381 394
664 229
688 623
90 417
298 642
512 189
387 465
8 387
167 469
1187 996
807 1455
434 436
18 144
1479 1460
1179 1463
1109 1179
23 402
1146 862
524 167
454 167
1196 855
648 604
1423 1219
1221 1045
726 564
1135 1256
1161 1317
880 1209
177 72
604 72
1101 1156
1226 786
113 363
14 99
699 13
570 301
119 1041
688 493
14 729
729 1063
24 402
512 191
1489 854
1215 1408
1218 872
257 192
610 1232
900 276
1410 961
40 566
1237 996
615 405
1088 952
181 675
477 150
1163 802
727 729
1023 810
1413 944
410 363
241 24
1381 493
1140 1306
864 1101
229 664
1000 995
1384 778
99 641
1342 996
1108 1051
1220 1437
669 579
1222 1217
900 1092
1374 767
966 1051
1103 764
377 55
1320 1121
943 641
202 150
788 323
1360 1179
1093 990
1004 323
959 855
855 1432
387 736
72 676
1041 119
535 150
2 446
814 1045
493 402
1091 1191
1425 1456
1092 1164
782 966
489 55
1275 942
900 1008
181 224
1131 572
966 826
1410 1091
1192 904
377 544
317 389
1463 1179
75 167
1135 996
55 566
575 641
693 754
855 1336
219 180
168 736
1063 539
1168 1122
150 477
282 15
307 979
855 835
1402 919
1091 1045
524 259
461 460
257 693
916 1153
1364 1045
792 786
1163 855
1384 1423
777 1215
1439 1063
101 288
1408 1454
786 1317
29 591
855 1271
144 644
570 55
1402 1252
573 623
1435 1245
824 1152
1487 1251
953 1121
512 85
396 756
935 883
775 1441
202 489
498 29
1152 1461
144 371
596 23
31 374
137 687
264 15
1222 1390
1227 996
604 460
1383 1411
660 453
892 1270
1223 1179
109 24
179 575
1103 1049
1482 837
378 687
754 347
596 547
763 1000
410 521
454 155
1053 1215
699 454
480 1437
289 729
1117 96
432 363
56 579
259 687
189 363
1239 1250
995 1437
778 1472
155 563
860 1041
1108 1231
492 150
138 756
664 563
874 1441
317 24
144 417
879 1328
835 1337
1041 967
1216 995
1277 835
378 233
361 102
1212 1112
1444 856
417 326
1131 123
1221 1244
560 130
1445 919
1047 1461
612 301
8 604
574 323
379 402
21 29
974 1191
460 402
1091 885
243 102
434 210
646 155
816 1045
1476 1437
676 434
1054 1232
477 347
1185 1148
1461 1435
101 754
726 144
816 878
880 1340
100 150
708 99
855 1246
40 191
1384 1298
224 391
1280 1112
99 172
477 323
75 78
883 1051
495 564
968 756
209 186
347 24
815 1179
512 288
504 78
137 650
1051 856
699 650
219 603
1213 854
1339 786
2 55
1125 1245
129 78
46 453
1 85
444 756
765 830
224 191
1411 1220
956 1153
1254 1153
946 857
1062 1209
604 417
966 1250
468 180
826 1463
620 493
1020 1437
75 465
1061 1270
822 1346
417 570
454 563
816 1436
454 544
454 351
1083 1179
857 1337
461 13
300 155
778 784
956 1437
843 1209
1479 1435
772 1101
612 574
1009 1028
90 218
1135 1461
935 1459
566 155
1051 150
202 89
829 1317
512 45
1140 1270
1419 1153
1398 982
778 276
993 855
189 186
585 241
1275 574
245 127
387 467
40 1437
1200 1414
387 677
1352 1215
1010 1055
383 756
157 85
1101 903
172 323
535 186
938 837
1239 1051
2 431
1458 1041
238 102
257 396
82 490
1223 729
24 644
229 480
765 1461
967 944
1007 963
855 992
1053 1430
1408 1095
191 441
1316 963
1150 855
927 826
856 1095
980 1221
1381 980
155 642
1207 1191
1362 1069
950 803
1451 980
669 495
1076 990
150 493
1135 1008
1360 980
601 78
972 883
1101 1306
1431 952
1406 1049
688 387
892 1163
1239 1185
1236 1053
1317 1381
417 55
296 963
1101 1479
454 89
1351 963
249 574
493 642
1177 1136
468 623
2 563
1177 935
1425 798
535 493
189 556
1258 1051
72 23
1369 1041
512 600
535 323
1381 1277
676 818
1351 952
492 591
980 1277
731 323
1384 1031
1362 1209
1362 974
729 150
1290 1153
856 1100
99 483
1362 932
953 1209
880 1139
612 323
775 1154
762 1071
1217 1051
1239 893
466 189
1101 1112
1220 1172
1162 1121
1461 729
1179 1051
762 1270
1320 835
1231 679
1419 1067
1364 1101
855 829
1007 855
368 367
814 1153
55 561
309 155
224 493
1222 1270
950 878
1063 798
264 465
934 822
172 483
765 1048
1177 1041
147 323
55 150
1286 155
189 754
1215 1207
418 158
816 1270
1438 1270
880 1231
705 78
167 535
193 534
418 641
675 514
118 468
644 495
501 687
878 837
1131 465
895 980
12 96
942 1101
702 508
89 1153
943 1250
178 623
101 434
1126 965
1216 1051
852 312
296 932
29 409
23 798
278 737
726 563
1113 1437
1101 907
726 642
1187 1478
818 1112
843 1437
1414 773
640 687
956 1223
843 775
1329 798
223 405
1081 1250
56 644
1000 1038
775 1406
704 155
660 75
357 654
1051 1152
1259 1260
645 634
927 1148
650 65
238 514
1406 1037
604 156
950 539
749 855
712 114
743 13
1054 835
1191 1258
15 27
561 560
1152 756
68 495
1329 1047
15 351
1177 1427
612 51
118 150
1231 830
1432 1463
1135 967
860 1436
377 249
1209 883
21 1179
202 13
610 1245
736 547
410 641
1413 952
907 1045
793 1321
1444 1322
1101 834
82 401
1163 1051
1237 1121
727 297
371 660
1179 535
1207 1158
477 961
489 210
1413 539
892 1041
300 154
150 936
1440 963
296 1437
419 434
1063 669
70 140
1101 1277
735 297
1362 762
1360 150
574 547
1264 1231
966 1348
919 961
394 489
1207 775
24 963
1223 835
298 514
377 449
1426 778
144 335
755 31
109 561
1215 1352
13 180
1244 1000
220 85
1286 641
1130 1000
778 1037
8 572
191 754
900 1063
1432 1479
1378 1055
140 431
1266 1232
1306 1463
40 55
1 434
189 155
1250 782
210 729
1475 1153
417 155
223 729
338 640
1411 1274
935 826
1411 1053
490 1245
855 1367
1383 1179
2 29
602 434
512 472
296 782
725 495
993 1330
1401 1461
843 1150
1269 824
224 292
347 564
1439 119
15 699
880 874
454 436
1333 963
618 441
101 145
268 99
115 443
1180 1179
1223 1459
114 798
278 42
191 648
1102 855
1000 1339
217 600
980 895
477 535
387 693
566 754
204 245
1421 775
1133 1008
495 547
772 1411
935 756
259 154
851 1133
818 394
762 1051
191 621
699 642
46 155
155 297
278 1437
856 971
377 572
1084 1081
136 973
1209 1463
512 615
387 649
160 170
900 1214
1326 514
189 297
1479 801
480 434
209 519
647 693
357 483
1082 312
1329 764
75 363
644 591
568 141
940 588
1414 919
615 781
1345 1479
778 855
1427 297
1177 1179
1325 973
601 119
1047 1048
547 389
1192 762
524 477
1436 949
767 1223
787 119
895 1390
40 454
1231 880
278 653
1177 817
109 85
406 818
852 1166
612 23
1205 1251
1000 851
851 1251
1317 1306
1215 840
755 189
1425 1374
1191 810
741 563
1461 973
566 31
264 278
1231 1427
1382 1429
618 495
1153 1419
737 1051
18 574
1187 1399
177 140
880 862
980 1352
69 564
855 1163
501 178
109 731
1275 1257
115 1
726 374
855 1300
1021 1148
75 623
264 441
387 687
82 591
612 154
434 483
644 150
1000 889
15 481
857 988
765 1418
1427 919
1244 937
205 55
1360 167
163 248
1482 1164
851 980
1269 990
602 826
268 115
55 644
1329 1479
469 150
1309 979
993 908
772 1270
619 729
1320 1051
363 248
566 729
560 615
393 75
1421 949
224 46
1191 1330
290 547
238 301
664 512
604 712
837 892
570 693
777 810
326 495
927 855
927 741
400 487
453 798
745 248
512 220
604 275
816 1231
441 641
754 162
1352 1479
1364 952
662 489
410 297
1026 855
1426 1000
238 145
855 849
33 1070
980 1250
1280 990
72 585
613 575
981 276
31 441
1041 938
1108 1441
315 609
399 144
568 446
492 204
160 323
1402 883
781 826
377 72
1232 762
1321 1277
1461 779
852 1356
118 297
711 1463
674 241
351 564
115 729
256 432
468 560
524 34
874 855
816 762
1037 1489
99 508
289 301
793 1372
1150 990
556 55
1220 1201
115 434
99 492
99 191
1394 878
1227 781
1101 1301
432 155
604 109
202 699
756 394
813 1478
16 301
1384 1045
823 1317
417 669
363 402
1381 535
880 885
501 1231
972 1459
1222 1463
901 979
1345 1245
387 550
202 186
900 1390
363 47
525 114
402 204
18 156
1000 1065
468 13
1388 963
617 461
1451 935
1360 838
712 1209
1209 1479
99 551
647 574
1429 932
1209 941
357 963
299 204
556 664
20 155
1329 1069
822 1357
495 754
46 585
224 278
675 483
1365 854
1103 1051
1135 1153
1382 155
72 405
434 24
560 468
1427 1085
144 90
953 814
1218 762
1202 971
693 591
502 89
816 1455
1212 762
1009 1351
596 1437
1360 1101
40 718
1052 1417
786 1437
377 712
861 434
612 561
