1177 786
288 55
1220 1437
838 1051
15 55
1461 767
481 155
943 1095
762 1047
511 392
852 944
935 1150
556 664
469 434
155 13
660 155
662 170
454 676
387 218
585 990
288 405
772 966
855 1102
332 1052
202 563
980 895
626 194
227 210
90 150
880 1459
1275 1246
390 461
229 46
982 892
492 641
813 539
1392 1101
1003 1487
935 936
617 641
1057 1045
180 436
1227 781
974 297
927 483
394 150
417 676
501 102
612 102
1153 767
880 1475
1329 967
664 187
843 1008
1410 1091
1410 1164
432 1270
508 589
762 1153
839 1245
1108 930
1131 109
755 417
1062 1153
1222 1270
1351 1153
40 641
1295 55
293 729
56 480
610 483
1381 1250
264 46
469 55
1000 1125
573 477
115 480
1135 952
1238 893
1232 1101
177 172
1362 1479
202 155
103 82
177 82
897 941
1113 1067
515 1296
1407 919
589 726
841 855
953 892
99 563
22 434
1296 1164
273 170
777 862
344 323
1475 1000
31 441
781 822
1061 1240
468 1245
465 547
14 650
967 756
162 577
436 55
352 892
1322 1245
461 31
363 202
1484 1463
787 762
1040 1461
524 615
1222 1429
1384 764
1026 539
99 517
568 102
1092 762
1246 919
181 714
615 835
873 990
852 1112
101 118
1049 1164
596 233
815 1179
167 669
935 154
238 323
855 894
775 779
1209 1081
882 1429
659 30
1026 963
855 1351
919 779
778 1112
981 1245
1384 1048
1051 1179
1373 1153
1325 971
454 29
427 544
1150 1209
855 981
1037 1274
1130 767
856 966
144 669
743 641
187 756
508 730
1246 1222
1357 1164
155 493
29 687
1439 490
570 99
361 524
1081 941
943 1081
524 278
1125 855
909 1209
323 1179
181 465
966 1245
600 1037
136 1122
1374 963
1479 1095
644 634
1131 446
525 514
1425 55
144 465
1052 1209
75 99
1262 855
180 756
1051 539
1 641
856 1112
1362 779
410 493
512 591
296 150
1384 781
702 572
264 389
1105 775
1047 1277
857 826
1217 941
524 489
512 460
1410 1101
840 973
14 454
1459 1479
362 155
1238 1461
1209 883
1135 1081
85 75
504 495
634 741
1482 1479
468 687
15 282
460 189
699 399
1140 1051
762 779
241 609
1411 1209
390 1139
524 14
75 642
566 726
1436 816
1172 1346
860 1209
1236 1461
162 99
573 727
650 514
150 570
99 180
1024 963
493 127
989 1000
259 99
502 89
735 297
650 729
1150 1053
727 1478
350 210
1479 967
775 170
835 615
15 13
8 604
1360 967
460 472
1406 767
393 75
935 779
561 535
1306 855
755 729
1414 1306
652 55
156 55
1287 1000
855 1425
391 323
626 323
1103 1172
1000 1047
953 1478
818 1459
205 641
1478 1463
883 1041
604 570
220 96
223 1306
1141 1209
363 187
493 441
956 974
493 726
618 461
989 996
1329 677
1313 1049
1384 1041
1384 885
492 144
219 35
256 575
68 1051
637 561
618 754
1117 170
880 1390
13 566
1047 1153
350 389
1041 971
1131 141
1410 835
515 1048
806 822
389 712
784 963
468 465
1161 1250
1346 1489
524 377
1381 490
399 24
1101 903
1444 996
1328 971
1048 1001
1058 1057
493 374
1246 961
988 878
259 492
80 1209
189 186
699 650
773 1429
460 72
492 729
229 102
612 65
267 1051
1414 1112
1412 170
900 1409
101 570
1041 1232
806 1150
904 995
1096 1245
1125 1463
943 1153
691 78
1232 1222
1108 1420
46 115
1091 1330
1439 798
469 644
1461 973
477 539
836 155
1055 1306
896 798
1396 963
117 23
660 453
781 1122
377 399
347 493
941 1401
56 454
115 443
947 1293
1407 952
40 693
935 1069
1101 1211
1431 1306
1201 1000
943 170
1422 990
685 741
289 431
880 966
618 676
1009 1301
1092 1218
778 919
935 1245
801 1245
387 729
1209 1152
15 351
793 1245
1166 1191
622 380
444 89
900 1177
84 55
150 323
977 1159
623 535
762 1051
1049 944
296 490
615 1051
1191 1337
1215 1437
460 288
191 484
777 964
1150 1437
1451 1479
1177 824
826 1091
953 835
1392 1051
1121 1112
167 405
1106 989
631 323
855 860
587 548
803 822
966 822
75 729
619 150
660 167
2 154
570 644
936 119
1112 1223
935 1164
1187 1214
288 301
618 712
762 490
492 642
980 1287
1410 1317
489 664
1051 741
755 575
493 189
1384 1348
737 452
604 493
818 798
980 765
854 855
1404 775
1009 907
600 323
981 979
14 189
566 535
761 963
855 1421
524 402
332 993
501 110
585 209
953 1232
927 952
1484 963
683 55
1296 1179
835 980
1213 854
1426 974
574 399
1135 878
191 662
699 275
257 396
14 99
379 641
1399 767
238 321
515 1223
1250 1231
249 155
393 42
27 155
1351 664
1131 2
610 467
765 990
762 1122
956 1293
1101 1346
19 144
1117 55
1309 802
618 405
1041 756
1437 1101
972 1373
1246 837
1041 967
708 99
1381 1086
156 467
927 1330
977 1179
118 585
1063 1223
8 180
1128 1153
703 202
1425 908
1192 1269
144 371
675 483
1209 514
1320 835
1165 996
1125 1041
729 480
202 21
801 1191
475 155
1444 155
238 642
444 170
15 181
1209 1051
79 278
1388 963
204 82
393 278
189 145
1130 843
885 1112
172 642
1041 1179
694 189
921 818
851 1231
1216 995
1105 1000
838 483
585 220
1408 1215
155 514
477 535
1141 883
89 1245
387 907
418 303
1439 1191
644 664
1052 778
35 442
326 170
1362 826
931 1045
1231 1052
150 218
501 150
880 1209
1141 1021
187 218
371 642
1473 351
1214 1179
259 480
241 1
99 623
1101 1112
1333 1306
544 564
935 347
56 23
418 493
223 150
1325 641
1172 927
807 979
468 589
1430 1013
1352 993
1177 1437
317 650
185 650
282 144
974 963
765 1429
55 297
296 932
631 405
181 189
956 1101
613 575
1425 895
726 564
21 1153
351 55
1166 941
1320 932
290 729
35 297
1429 1152
1366 1121
23 170
224 712
469 46
856 855
29 162
256 99
573 642
1128 490
512 55
13 642
55 399
238 446
1426 963
99 72
778 1134
559 155
417 664
618 472
585 297
1054 1041
829 1112
1007 901
119 967
42 641
1065 858
1254 907
72 90
14 480
53 446
1047 885
15 248
1215 805
1187 961
1276 1051
467 323
1135 885
536 35
405 55
1394 1008
907 1009
835 1317
1317 993
850 990
409 609
907 1306
703 687
680 641
281 641
393 87
615 493
418 155
1177 1463
1332 990
568 483
591 664
1 483
1419 1041
765 1277
177 434
669 1112
775 927
855 1265
1427 838
775 872
1154 1306
577 248
436 434
1244 1101
275 650
36 979
781 1150
1478 1437
856 1053
935 1459
219 417
1318 1153
46 150
1313 1356
1326 1418
1093 1251
1150 1392
347 650
596 23
393 224
644 712
1352 980
162 754
224 591
1185 1148
23 741
1394 878
793 1396
781 1463
623 564
454 755
326 65
1131 669
878 1041
55 323
1101 764
900 1437
46 218
465 55
855 1472
818 810
775 855
762 1296
754 454
1398 982
615 483
1369 1101
85 472
209 434
347 577
180 566
387 180
942 1122
1041 1250
490 1478
383 564
816 878
492 389
855 915
547 89
1254 1028
1394 1245
1427 1463
524 484
1215 819
150 35
1185 1390
85 86
1020 1134
851 909
326 609
46 35
540 245
1282 1437
1232 1045
1152 1463
1411 830
405 1051
814 1172
839 775
1423 1218
568 141
1163 1471
1392 963
495 35
778 1045
90 623
688 524
1008 1392
1275 930
1113 1455
18 641
317 78
187 493
899 1095
1360 1340
1345 1479
393 46
903 1008
536 180
333 367
1131 157
82 229
788 1478
172 297
829 490
1401 1461
1459 1360
27 1479
1223 1478
453 155
831 1255
1459 1008
617 726
460 604
934 1245
836 788
524 282
729 641
212 96
1252 813
10 641
1439 644
1402 883
363 402
880 874
813 767
574 501
953 1427
210 186
981 805
1159 1293
256 729
1409 1245
363 374
927 1121
56 156
1320 1021
1429 1223
1217 1479
922 1384
1412 964
155 99
952 892
610 1051
648 155
155 363
209 233
747 454
144 644
72 604
1108 1179
1393 1437
615 932
1408 878
936 967
90 431
936 798
1479 249
1315 802
99 202
668 154
811 996
1223 936
1153 1101
1191 974
20 1209
1108 782
472 172
1329 856
402 55
350 669
1047 1101
191 172
1239 1437
1439 883
626 493
1461 1435
1221 883
886 1114
568 589
574 484
124 729
1055 1164
1329 535
762 818
880 881
347 405
1351 55
855 1156
675 13
618 72
508 241
1223 1337
1423 1095
2 363
992 855
640 23
775 1441
14 55
806 1437
99 508
1351 762
1055 1179
1101 1122
259 363
1277 1245
241 764
892 1317
259 192
72 483
118 16
1192 1296
1091 1112
70 489
264 191
851 1287
620 189
101 363
815 1218
1187 1293
1277 980
972 855
773 962
899 897
1000 909
191 78
1244 893
843 1372
1313 1427
1063 944
72 118
1489 854
1337 1051
1191 1121
218 535
562 446
1113 1437
1482 312
547 97
540 127
144 387
1254 963
1392 1461
765 936
1215 1008
765 1419
1394 919
974 979
55 363
241 431
1402 1271
619 936
46 472
1329 1455
1063 119
2 563
727 155
1313 1330
1047 1045
1246 1455
1209 1306
1000 1307
943 1008
1031 802
900 782
1000 793
394 417
399 484
1161 1153
900 922
1152 826
1037 1321
477 493
1245 1317
816 964
297 461
136 1437
1427 1245
1328 1346
1220 1000
512 669
556 483
229 341
669 936
434 23
467 547
570 288
1185 1429
644 371
1150 1144
1191 1258
1076 1051
469 519
89 374
1054 1270
511 640
1101 1092
605 549
14 577
762 950
570 144
460 741
562 483
843 1026
916 885
1117 1232
1000 1126
82 434
1352 1479
793 1065
536 623
46 209
14 591
1128 1048
492 331
142 454
856 1202
1187 1258
899 1000
31 1063
1166 996
2 248
1313 1159
1439 1049
410 332
1315 919
1323 1437
1436 949
566 118
1101 1144
72 563
1221 1244
468 89
503 55
1407 1153
479 642
993 941
1296 1048
218 99
615 741
705 78
1047 1447
1130 990
855 1301
1210 1146
75 218
880 1321
970 1245
601 119
998 826
264 218
618 85
1426 1197
202 363
1286 1277
361 573
855 1200
1162 1045
818 539
890 979
892 936
82 102
150 936
1426 1063
410 341
410 521
224 547
217 156
241 363
852 1091
303 798
763 879
363 566
1360 1081
496 172
1317 1152
202 650
1214 1463
1333 1153
1323 855
181 55
409 75
394 99
1194 1301
477 574
1479 1081
1359 1251
1103 826
981 1019
851 1392
604 387
1382 1429
1451 883
563 547
394 756
1246 990
892 1164
816 956
715 756
72 323
180 454
1152 1430
278 399
743 446
209 641
1309 781
1346 1172
775 1306
775 1478
465 301
1045 1000
1058 1000
1407 798
1125 1051
417 1041
101 288
1275 899
953 1408
972 1081
950 1328
1069 1067
1223 1051
1109 1051
1438 1479
99 347
410 641
781 1470
1461 1112
765 855
1185 1232
1460 1222
1041 402
1478 826
177 189
100 687
1246 963
556 371
1321 996
1214 826
882 1153
332 490
855 1367
900 802
1117 641
1113 1041
508 249
524 589
191 712
855 1384
1329 1153
778 784
13 480
1471 826
962 1152
806 1459
610 55
974 1330
585 441
1209 1479
1152 936
536 642
332 773
536 73
600 530
155 347
90 180
966 1348
1226 1041
956 1325
1295 1309
604 144
1048 878
181 493
21 114
1479 1222
907 1000
885 1479
610 89
757 65
1091 826
1410 1458
469 347
1037 1185
1109 1179
1419 1153
55 579
24 155
438 664
1087 855
1051 1390
89 570
1047 963
167 118
1041 792
1479 1166
604 648
417 55
347 641
1063 1231
1479 1432
835 1139
1296 1455
618 204
508 387
14 118
561 483
535 323
936 756
1028 837
512 310
892 1179
1280 1245
434 114
1244 1221
973 741
238 189
402 127
1061 892
1320 1298
1249 1159
188 248
1117 1390
415 681
144 218
70 741
417 202
1348 773
296 941
219 23
900 1092
1209 1048
363 301
1171 1153
1451 1071
835 1270
1445 1150
515 1245
394 155
118 460
1141 773
1476 961
377 667
524 567
1088 1112
881 1245
791 1067
855 1346
618 16
855 891
620 564
73 741
818 1306
177 72
555 432
1131 55
1185 818
1280 798
813 1478
843 1150
387 577
14 1041
1396 1054
1383 1245
409 172
615 363
512 405
1214 963
1236 883
675 23
711 102
711 547
101 729
787 946
1191 1172
1104 1337
852 1223
387 688
602 1317
1482 490
865 1328
140 189
855 1218
160 659
519 721
1394 1055
124 726
56 634
257 465
1187 1051
1055 1013
988 1250
512 64
313 233
469 144
962 1461
702 677
1071 312
1360 1150
454 370
662 489
21 323
257 615
650 687
1411 1288
855 1482
959 1245
562 996
1085 1051
1328 1048
498 1
298 204
180 641
1004 1051
1479 883
460 564
1115 1232
892 1409
40 508
900 781
268 645
512 687
1360 1245
1185 1256
1357 1095
15 564
681 24
535 514
465 591
173 213
864 1479
539 1437
1048 1055
1361 963
524 662
823 1437
460 150
202 676
966 1360
1216 1021
1439 741
1135 1478
293 493
615 280
1472 1251
267 483
15 664
259 651
1282 1008
1303 1112
824 1041
181 46
1427 855
943 1179
1246 971
1482 851
612 563
1421 913
943 1051
492 727
1104 1348
1109 642
64 170
1088 1245
1410 1223
860 1008
968 1250
1328 1153
1328 1121
1004 1045
469 729
1165 1308
1202 837
1221 1408
361 323
1168 996
204 729
535 85
1461 967
1320 1348
981 1374
498 31
1031 1153
816 822
1329 782
980 893
1246 1240
703 396
642 535
1357 1306
187 150
914 805
243 55
1047 885
417 460
1200 1153
119 312
157 729
1041 762
180 712
167 154
347 323
1103 941
283 168
440 55
512 39
224 641
2 159
1103 1121
669 155
791 798
1202 1153
1459 641
99 189
916 1045
574 317
224 46
406 756
535 55
1187 1153
880 276
1348 762
434 472
40 577
177 579
904 1067
1320 1217
1388 855
1329 1306
75 547
1325 14
777 973
618 172
618 371
341 75
1047 1191
737 65
24 495
1104 1008
1009 806
1162 855
418 297
172 99
950 539
1104 1330
755 189
363 35
566 172
1163 854
729 150
604 102
1130 855
566 394
22 483
835 967
775 1150
137 495
1036 1268
82 472
1439 115
1329 1245
140 729
843 1009
36 729
1144 898
394 461
1131 460
851 796
826 835
900 1455
934 963
937 878
508 688
1161 919
1317 1055
188 640
1413 944
189 297
1392 483
2 323
469 615
604 99
377 754
351 99
1362 878
1268 1429
696 276
775 777
454 96
1244 1159
209 514
253 167
2 641
972 1141
726 347
427 564
1231 1053
1113 1013
351 29
1461 1463
1076 1008
1000 852
1253 1051
1326 1463
2 144
14 1152
1076 963
144 703
652 493
538 996
296 99
956 854
119 936
590 155
856 1394
140 480
559 159
9 210
469 417
568 465
980 1290
1154 777
55 454
1295 963
897 1055
966 1191
919 767
1427 944
659 408
224 570
631 490
1217 1179
278 75
387 1250
777 1317
852 932
187 417
980 935
829 1317
1047 539
1296 822
150 394
816 764
1013 1245
570 512
660 535
1028 1251
492 664
1404 802
493 615
619 798
618 460
815 878
1401 788
1458 1101
1220 1479
1091 944
573 24
787 793
1430 539
1186 675
189 155
155 89
831 1455
390 1337
1329 1430
23 1380
460 99
754 399
1402 1164
1131 187
1357 855
1161 1121
1000 763
1222 824
919 1330
1310 1437
393 264
1224 855
1218 1116
971 944
664 172
1329 150
618 187
590 664
782 1250
934 793
431 566
477 642
765 1122
856 1100
980 1330
204 55
387 460
568 155
1333 798
477 741
150 55
937 1164
77 155
1263 1245
1309 1245
1362 1325
659 17
1161 1463
585 46
1001 23
539 1318
87 1437
250 564
554 361
911 597
332 155
326 55
1351 1112
1037 955
1101 782
1425 878
897 830
452 155
1225 115
1061 919
1037 1409
1101 1041
377 564
14 798
191 644
1227 1436
1051 1223
278 8
1128 1245
815 865
765 1478
72 191
773 1041
1000 632
1459 883
818 1277
1191 1461
1125 1122
1040 885
109 561
562 712
568 288
880 775
1135 1287
1459 1348
1231 851
966 1437
1366 1270
453 641
224 393
1222 1051
1000 1406
1410 974
524 374
559 642
856 1411
539 1051
806 1455
1187 764
118 756
1051 856
1410 519
1463 729
1411 1459
1131 323
818 78
570 754
602 756
56 323
1479 1101
1333 1232
1061 1306
1226 1051
612 99
781 1418
566 729
856 1245
140 150
501 1231
465 489
1150 1211
735 292
118 145
40 650
361 102
23 391
1004 1055
729 1051
499 1215
880 885
1471 1245
807 855
316 641
934 901
610 23
1049 1101
1112 892
631 1330
1047 312
618 24
155 609
436 130
793 249
1177 810
1231 1417
493 202
477 677
185 90
574 634
824 1223
82 405
878 1051
774 1455
570 14
22 189
892 1021
754 55
256 118
981 988
241 24
328 371
416 363
1482 1055
389 399
1238 1153
301 155
40 89
56 687
1101 1191
1109 1423
879 500
431 323
512 703
114 798
229 480
1253 990
652 233
1459 539
1232 792
209 677
1421 1105
1108 880
1 85
181 591
1192 1055
10 477
1003 1148
178 623
807 878
1374 1051
75 264
167 687
90 493
855 1360
818 885
790 990
493 480
1155 1330
1282 1051
815 1479
56 641
1215 895
40 394
956 1045
854 963
772 762
1146 862
454 625
1222 885
566 664
1408 980
118 676
165 248
503 23
1333 1179
1449 1112
180 726
573 641
1257 729
1246 1478
150 349
1278 1000
807 1179
1421 990
880 1231
743 150
417 89
966 880
977 979
363 115
15 547
310 29
223 323
1051 641
1432 1330
465 144
341 514
101 109
402 641
1177 878
612 512
492 417
699 347
1254 782
1047 1172
966 972
501 754
1296 922
316 467
840 919
1000 803
1414 1232
1461 1306
980 838
229 489
615 374
1061 1055
855 1356
288 634
604 669
13 440
934 1041
374 574
547 224
137 389
489 570
144 621
618 644
980 898
387 377
1232 972
935 1179
754 535
204 245
940 1268
754 517
817 1067
776 855
1051 535
1153 1172
160 564
93 493
1041 1463
1091 1095
1250 1479
268 99
2 29
289 55
659 2
1096 822
729 535
575 641
1037 904
1092 935
1249 1437
1328 919
644 1179
347 170
755 16
493 297
585 467
729 1209
29 248
1254 773
189 1153
927 1459
942 1153
1458 1217
402 363
299 55
1478 1217
538 741
1403 1191
781 615
1202 869
805 914
253 963
683 130
1425 1301
472 323
524 577
355 155
916 1418
851 1290
856 1091
1051 782
377 737
900 941
204 547
55 202
1163 1172
699 563
801 961
118 89
775 763
1277 1209
335 155
512 172
1477 191
880 1049
144 729
559 1417
900 855
1053 781
1320 490
693 363
626 23
223 563
1262 996
885 1172
1401 961
181 140
777 1306
109 363
1028 1256
635 564
46 726
583 119
418 1463
180 640
288 729
1177 767
895 762
1135 766
764 1296
101 297
378 210
1150 775
1051 835
326 189
202 726
101 664
855 1130
860 1156
1020 990
1320 1164
454 434
1334 1101
40 615
765 1455
880 1121
1375 995
567 8
1082 964
326 405
257 323
826 1051
468 434
699 756
1215 966
1477 642
729 114
1047 1179
1296 1328
75 664
539 402
956 1437
288 114
1313 1306
570 335
467 489
1437 878
778 966
676 566
634 154
100 210
1427 779
489 155
1015 1245
1163 779
714 55
193 534
699 591
921 979
1037 1192
1440 963
589 640
775 762
664 75
589 484
1371 1008
807 1427
1457 1245
739 729
387 202
1037 1334
1479 1209
219 55
536 417
1482 1245
830 1153
1252 1479
615 585
793 1220
278 1245
900 826
1269 837
892 1048
1255 854
1058 971
922 1318
1479 1306
479 167
118 72
90 417
982 1306
181 42
735 154
151 641
1439 1245
377 544
737 493
855 1064
223 156
454 439
652 431
188 641
935 1399
229 224
460 535
282 669
574 477
1237 872
101 55
1414 855
1351 1306
389 155
591 642
477 202
1083 1270
406 1152
431 363
1371 1306
1237 996
1125 767
41 512
56 675
1249 1390
55 726
694 641
946 1126
1425 1112
90 570
1222 878
1346 950
879 1245
165 313
15 1021
1321 893
1245 1122
387 72
604 361
1113 1069
1364 946
257 99
460 754
268 115
493 741
350 323
98 114
956 1430
297 55
140 535
461 563
806 1270
786 1317
1065 793
1329 204
778 1472
1402 908
1010 883
855 1075
210 396
218 1463
775 1421
1037 881
24 55
24 402
618 145
113 323
618 441
681 23
807 818
818 941
1325 956
1047 1209
1335 1277
953 956
835 941
1346 963
922 1048
642 650
836 119
1362 1475
729 490
782 1051
1319 1245
857 961
539 1209
115 186
561 363
1218 980
1408 1306
661 495
454 637
387 480
852 803
837 1152
406 818
202 99
101 535
684 167
335 570
1101 802
454 350
168 323
1063 971
191 623
1232 1217
876 1306
550 754
524 591
981 878
118 13
857 1021
567 641
1000 796
1104 1437
180 27
610 180
828 1091
612 35
172 405
56 155
298 642
431 180
967 442
14 642
547 144
449 29
144 585
1082 762
55 754
1131 465
1296 764
1255 831
170 55
1215 949
1223 490
1257 1153
40 180
140 713
765 1437
566 297
347 547
1246 826
1215 818
79 191
124 561
1217 1101
40 712
202 623
400 487
892 1479
142 377
567 560
160 24
1352 963
1101 1121
224 15
835 883
1374 1429
1200 729
218 150
1429 988
1065 1124
1041 1479
1232 1330
942 1270
909 878
559 519
574 687
8 393
257 693
1317 1179
900 1152
1414 1217
688 191
512 144
900 956
1092 781
918 1459
191 323
1088 1069
29 323
980 1408
1202 1041
1172 1231
1047 1048
241 941
1162 961
185 1245
1296 514
644 570
1244 1000
818 519
865 1037
1054 1164
224 40
1445 1112
787 1148
278 40
1108 1287
900 490
399 575
465 297
383 297
345 729
852 1191
855 1026
347 676
467 535
36 641
489 547
676 1325
1413 1223
484 574
787 119
615 961
641 367
1355 1179
347 394
436 687
781 150
820 821
647 241
100 150
943 312
283 371
1172 1053
1374 1121
855 1157
492 712
501 579
446 323
521 650
1286 941
992 1330
940 1055
217 391
762 1352
1264 1320
87 637
123 637
664 726
172 650
1000 1426
524 379
1104 1408
556 615
489 577
113 687
1457 823
777 1215
1479 1476
943 431
204 85
953 1121
574 21
1387 1191
1427 180
851 959
1000 981
20 641
1231 1109
1177 1162
73 35
1430 982
980 1218
688 180
198 323
618 159
763 775
1108 1163
1479 1418
282 65
585 399
1410 871
1052 1000
238 1437
315 1086
631 1463
1375 779
524 387
1162 878
316 489
42 155
1237 798
1113 1153
993 1277
1051 1317
1438 1045
337 564
1326 1430
14 119
1083 967
644 798
1329 1437
754 741
1150 1401
155 642
524 405
1280 835
1093 1172
699 99
539 642
1101 860
765 756
566 493
55 676
1144 1197
1185 786
644 468
1040 1418
390 798
1041 1374
878 990
615 155
410 191
23 27
144 634
935 1240
101 687
90 218
683 155
1381 539
664 492
1153 1461
855 1141
596 979
1037 1210
321 399
454 493
1065 276
1222 830
547 634
189 644
561 23
801 1008
585 563
1177 1150
675 99
1351 1041
1479 1435
675 1463
1364 950
1000 814
1123 1051
762 1187
685 535
256 172
1047 1399
642 431
468 483
420 155
357 55
909 1053
281 563
181 712
775 953
993 1240
1161 961
773 1159
224 729
935 980
737 622
699 156
113 180
977 798
1384 792
55 712
377 712
959 980
484 446
469 539
1202 908
574 688
1362 1048
536 570
99 210
661 736
1167 802
676 591
676 1086
289 155
1430 810
615 574
495 363
1009 904
460 209
566 687
406 729
15 623
1163 802
811 767
966 1008
1426 798
1339 963
278 574
1253 1360
389 756
909 1041
1408 1092
1222 981
363 675
585 579
512 467
268 145
818 1063
217 114
1125 792
1237 1121
13 99
347 591
460 514
618 544
648 224
418 741
652 145
14 495
829 588
1408 1399
1288 1153
953 764
788 792
1053 1101
604 40
1421 1126
940 837
1423 1250
1396 1069
681 39
117 210
1047 810
1411 1076
729 1086
308 741
585 101
449 650
1463 1045
762 1214
1168 933
410 389
1309 1051
778 1000
773 1191
880 1232
1163 1185
467 434
943 1430
243 210
144 377
1344 1328
1041 1164
1161 1231
972 980
288 441
1146 1172
1352 1437
18 218
1421 946
280 503
480 1225
374 13
1374 898
288 669
927 1055
1444 170
992 1220
87 40
664 189
117 154
492 35
332 55
68 1
927 1086
1326 936
378 55
1236 1051
839 1251
1037 893
238 623
835 1330
1140 514
253 514
1345 881
40 547
1176 1153
640 65
998 1390
1054 276
124 326
925 1479
826 1337
29 726
922 1172
966 913
288 495
378 233
570 150
434 441
290 396
399 468
317 756
1101 950
855 1242
219 99
1135 856
851 1026
460 664
224 735
589 363
211 394
55 650
14 687
1449 1437
31 374
24 102
1434 855
591 75
363 162
172 371
754 434
180 585
410 22
15 591
156 187
82 641
210 443
935 547
1047 1478
209 443
1125 1055
851 1133
56 591
880 1317
615 399
1211 1101
512 276
835 1153
547 145
1459 972
1037 793
547 837
117 515
211 1479
614 47
944 961
1000 899
567 28
907 1095
1409 1037
1459 1185
287 85
1473 1067
1009 1154
402 514
1459 880
787 1000
1041 1211
1206 1205
852 1463
440 155
855 889
85 39
469 495
1187 1179
1096 1070
1423 1219
688 85
90 301
524 650
703 156
361 155
972 1459
1040 1325
1040 1306
495 754
1236 1231
1320 1245
460 204
1185 1055
766 913
647 434
205 634
922 1346
479 229
297 72
1096 741
512 156
771 980
573 566
209 363
755 55
855 953
575 878
468 675
615 547
469 167
210 729
824 830
14 144
417 729
1104 1051
109 431
140 363
1215 1179
1317 767
1246 782
694 564
13 297
1287 1148
661 493
1222 1185
205 492
1420 767
1152 1148
1478 490
468 664
816 1277
387 453
1115 1044
813 1112
1191 919
190 641
23 990
927 967
1364 1489
1047 764
1226 1317
1214 855
1020 1478
782 966
56 623
943 1482
1410 1191
855 854
909 1430
1321 1277
223 603
303 418
777 818
1081 1448
1180 1153
436 729
1381 442
774 1270
1413 1166
930 990
1054 938
816 1231
85 172
765 1063
515 878
1162 972
1224 1045
1 23
803 1000
922 950
1479 973
1439 810
936 741
1109 936
1258 1306
1185 1455
46 642
99 454
852 1153
56 434
409 29
901 1008
892 1461
938 855
618 642
156 990
1041 1223
2 561
1200 119
835 1320
566 489
916 1047
659 171
524 1112
162 979
1061 1112
994 979
394 489
1384 841
573 729
1054 1437
539 729
778 1008
662 621
444 727
1047 1000
727 180
1238 1232
481 106
46 563
1435 1101
1048 1049
617 23
1051 944
566 72
417 387
1253 1330
1180 1245
935 1232
1007 1000
377 493
210 519
1103 1455
919 961
524 18
517 102
828 1158
181 29
664 102
1007 1185
1246 1217
1187 996
1482 966
73 467
1047 762
762 1221
1325 826
460 492
1273 1328
703 363
1125 779
472 519
202 483
602 826
495 1380
1054 1245
14 729
775 1351
347 712
377 449
524 347
937 1250
1131 432
1296 249
118 591
259 233
489 712
643 990
561 13
1352 798
180 118
394 441
998 1256
855 1458
1104 803
1135 1048
998 810
1244 1185
1010 1055
650 154
788 1430
220 669
1392 1217
229 434
155 519
144 591
615 1205
647 798
1296 963
1461 1040
492 699
559 936
56 167
417 145
1384 1164
1040 1390
900 1461
191 224
570 374
99 118
875 1276
549 23
1053 1215
219 155
1414 773
1399 1001
1244 814
438 798
202 589
1229 492
773 1463
801 1150
21 641
202 16
1062 1037
117 1051
1459 1209
363 101
1436 956
257 1
157 641
1290 767
144 399
1004 1153
1101 1360
1410 1217
512 1478
934 1270
702 508
589 623
856 1330
743 99
257 405
1402 863
943 1037
227 55
180 189
818 1337
1374 1330
1177 1250
587 963
1460 1437
332 729
82 55
1473 180
1416 996
1287 835
980 1392
162 650
363 443
965 1126
454 494
856 1013
777 932
449 119
1162 980
1223 150
189 669
856 1152
1112 1270
892 1315
151 1067
1439 856
508 541
880 1227
1126 775
73 641
1041 1269
383 641
1394 1399
1408 781
618 167
1135 1191
75 441
773 1446
1195 1479
547 35
956 822
1244 1344
1375 963
743 687
24 24
140 641
1214 1134
224 493
993 1041
864 1245
217 642
1214 779
704 664
967 1430
409 514
224 634
772 1437
1226 1122
539 23
1207 1153
56 642
454 31
930 1364
90 669
816 1270
1135 1069
1108 754
980 822
117 155
694 399
1166 961
119 687
151 75
1163 963
807 1306
180 405
762 1270
165 55
781 405
835 539
347 155
371 756
16 31
1125 802
387 530
241 233
851 1101
1439 687
144 137
1177 1306
480 726
1383 1330
754 31
479 664
347 729
615 202
387 621
326 585
1317 1101
399 441
618 363
612 493
953 1045
895 1153
922 934
574 591
935 782
676 570
967 936
172 535
287 155
772 1411
1325 155
85 55
1000 1191
855 882
281 55
702 55
916 1112
777 1095
1103 979
918 781
1063 818
1246 879
224 292
144 150
1141 1445
1412 1330
1394 835
21 155
1055 944
72 489
1401 944
934 1429
10 687
1231 729
604 238
669 1245
981 1437
1406 1112
524 570
144 143
788 826
1227 1269
647 89
842 870
1130 996
492 446
781 1328
615 288
855 1205
973 878
1317 952
644 29
1430 1112
18 405
1024 1007
653 155
892 1134
547 664
119 941
765 1197
1192 1041
1116 855
454 317
394 35
1065 1196
495 644
469 431
1414 872
219 493
394 288
219 662
99 579
612 640
472 644
1001 963
644 990
99 446
177 493
394 729
1101 1461
1191 1164
604 642
1047 826
417 623
1479 1092
1360 838
1401 1231
1269 1041
14 1437
1115 826
536 144
512 114
998 892
796 1041
644 170
468 726
1108 908
150 460
631 967
1371 963
202 641
399 512
793 1172
1318 1437
296 830
886 1153
644 465
1091 1429
204 434
1389 1008
495 468
469 295
835 837
1321 868
1218 1150
535 99
177 693
1239 1051
503 483
492 297
402 233
1195 1427
288 155
132 1001
694 297
387 467
637 713
373 677
1463 1223
880 1052
1460 963
1460 1479
604 729
953 1037
1427 490
1209 1330
1364 1112
726 72
1036 878
119 14
852 1306
1427 980
243 189
555 249
1473 591
508 99
434 180
202 727
40 35
300 431
861 55
468 323
927 963
1220 1172
402 23
1172 1153
1108 1346
438 210
918 1051
1328 1317
617 461
209 323
1396 793
253 547
345 1463
855 1328
238 641
1421 170
282 180
277 155
66 248
855 1433
99 575
852 1063
434 341
980 778
259 535
1328 1172
508 168
921 1250
137 642
1339 1325
855 1485
855 1034
144 472
95 233
1217 1112
75 167
1191 764
1250 187
1414 1153
1048 1268
40 535
813 1153
935 1293
1214 1101
14 535
1218 1101
1144 1166
615 297
85 462
1461 1223
775 1154
560 23
1374 767
1354 1159
238 634
936 729
737 609
1414 1479
1245 1041
378 483
56 75
808 88
1214 878
1413 323
508 102
1333 1461
315 972
468 712
826 786
156 189
1191 816
1253 1122
1236 1245
1135 1070
851 1202
117 669
631 535
1215 1153
880 1334
257 669
1317 312
855 1349
490 150
1031 1051
489 480
966 963
755 669
217 210
1236 1277
1345 818
495 664
288 233
1364 1153
365 477
516 85
1131 492
1263 963
1161 1277
1057 1000
1126 1192
99 649
1267 805
55 642
880 1104
373 301
882 1188
498 29
255 589
24 402
448 434
89 468
755 89
56 579
282 155
824 1179
966 762
781 1166
1045 1112
1108 854
1177 172
405 454
10 1063
82 1099
277 55
1047 1478
762 1387
467 75
363 55
956 1250
89 990
454 193
1280 1051
805 1245
855 1165
288 754
1051 615
1203 1437
620 729
1441 1330
1047 826
1482 822
736 547
699 55
900 1429
103 492
180 347
307 979
604 29
477 1478
807 919
1487 1287
1112 1041
1081 996
649 55
99 417
726 461
347 288
410 119
1429 312
1185 1205
489 399
951 1148
189 323
754 591
100 114
773 1200
1047 1095
8 264
909 1330
775 1348
454 136
189 441
856 937
1000 787
1407 1270
601 78
765 535
864 1051
508 289
1191 907
18 564
1406 1024
856 729
535 155
1427 1461
512 14
1093 963
645 39
333 155
1209 539
1277 885
1133 1159
70 434
16 1245
1479 779
1130 1159
880 1150
1412 1293
1200 1437
524 512
664 389
1211 1437
495 23
873 1179
641 186
762 1095
249 803
568 729
726 155
808 995
150 1250
1000 1215
1052 1091
187 729
72 154
475 78
645 189
980 347
561 55
1221 1191
1000 1209
568 664
824 1317
1334 855
29 609
72 467
664 727
1266 1325
481 535
347 615
645 729
927 779
1123 1055
900 981
1413 782
256 453
326 35
991 1051
1055 767
919 1121
368 441
1041 1010
489 754
855 814
852 1418
1395 1459
980 880
1187 1041
880 1250
68 687
935 641
618 693
467 855
1185 1163
1101 1068
469 493
615 460
956 1112
489 572
1296 855
1439 641
55 434
2 391
138 689
570 687
589 202
1214 979
1049 490
73 729
980 900
15 642
788 1209
512 347
603 798
31 202
1303 1455
1412 1008
644 434
1236 1122
647 210
1135 1333
238 65
515 155
793 1201
743 729
1334 1081
481 229
229 159
762 1348
117 438
46 55
454 119
589 1055
119 490
220 434
918 963
980 1202
29 642
259 15
1427 297
1286 1348
1037 900
156 615
664 155
257 641
1222 1478
1401 114
172 472
664 218
1172 810
1482 952
1131 313
972 1330
1234 1029
137 644
615 1075
880 958
418 936
1162 1270
118 323
864 1101
1051 1164
468 649
477 349
140 441
703 18
1296 1346
703 492
982 952
896 548
1444 1164
615 446
568 115
712 664
1049 1479
191 441
762 1430
1048 1095
618 566
241 85
454 417
773 136
1317 798
702 102
1214 1164
1277 880
1482 1051
56 202
288 85
835 1069
40 387
1329 1047
389 189
223 514
475 641
350 23
818 493
883 1164
1412 276
90 55
1263 1479
1329 1463
562 669
72 167
539 623
299 535
793 944
1410 1417
391 27
1276 1293
855 772
559 1477
775 1337
1037 249
32 1437
144 127
100 73
727 301
967 1479
980 1427
944 964
824 741
402 155
387 570
219 726
1359 1277
1433 1192
316 371
180 288
1427 818
992 1153
535 460
1488 1489
900 1222
1161 1122
855 1308
160 323
1072 1069
765 1418
1430 119
417 461
762 1061
1007 919
75 519
765 490
743 591
824 1306
1401 838
1212 432
669 1134
40 519
1166 1459
524 34
1047 1150
1276 1121
561 712
1125 1179
68 156
966 798
1133 1152
847 1179
223 798
1200 756
1384 988
536 55
1246 1392
547 1008
1000 1085
1408 949
1200 1360
18 664
431 210
664 446
685 371
574 693
273 227
1441 1153
1037 778
1427 1330
570 180
843 1389
415 155
791 442
1479 801
535 727
496 331
220 585
547 40
357 483
574 559
288 363
40 524
454 497
259 644
489 189
33 1070
778 1052
1257 1048
31 189
202 687
817 1144
623 741
703 189
229 465
814 1051
1383 1411
818 973
755 150
75 210
256 615
612 570
998 941
942 990
1275 1408
1246 988
570 202
620 483
604 461
1215 778
399 640
1478 1330
664 514
1441 741
378 85
618 150
75 577
823 963
16 72
699 323
101 72
699 363
387 933
1298 1217
536 394
1104 941
726 363
119 1461
1000 946
900 835
1152 1179
880 817
508 737
1020 826
189 150
484 102
219 16
1131 36
1371 878
824 1209
144 589
144 233
1461 1063
205 65
644 55
943 1112
15 389
150 619
524 399
241 210
490 1209
559 551
417 726
453 396
1334 878
699 468
1195 826
1214 1148
1429 1461
220 730
1232 1270
46 443
1351 1231
1313 1008
1321 1161
1236 249
1168 767
1439 1232
1430 1152
1195 1463
1258 676
743 189
1103 1049
1191 1095
1104 1306
508 59
568 337
1195 979
1000 1187
475 229
72 180
289 453
921 1013
1131 597
793 855
468 1477
1103 817
481 297
1277 1478
109 189
855 949
1106 1399
417 31
229 55
1037 1062
1051 988
922 249
589 170
539 756
1333 1051
851 904
189 535
880 1001
938 1217
1187 1461
936 641
1222 1479
873 980
676 1437
579 495
483 1048
1244 937
417 693
618 729
210 664
484 155
880 916
525 434
1113 1063
1061 1245
1153 1112
1135 961
1410 1051
855 935
1320 1390
1162 826
1404 854
1153 1069
856 1463
387 18
535 186
1054 1185
1461 971
387 591
953 1179
1000 1387
1364 842
980 1209
72 623
634 55
93 514
1457 1408
895 802
772 1159
1381 1223
1420 1411
944 762
1225 480
1106 1081
1037 763
935 1086
664 687
982 810
1149 1461
160 78
508 127
1384 1179
241 276
1264 865
1133 1008
900 1223
1374 1306
101 712
781 961
556 150
341 641
317 483
1274 1455
880 1463
966 1390
1339 1000
1162 835
172 72
1374 1479
180 642
512 8
72 564
181 434
579 669
859 810
297 396
1051 1045
299 547
1191 1399
21 1191
839 1067
40 264
219 634
204 492
1115 952
852 1217
75 615
223 218
416 155
560 621
417 641
113 996
1430 1063
623 13
765 1251
604 202
1246 1122
941 892
1223 944
515 363
444 72
283 180
618 248
1482 1270
791 1317
180 512
851 1468
907 480
726 118
487 172
1135 855
347 480
181 535
852 1166
559 729
688 493
35 729
23 535
560 641
699 727
808 539
857 1063
1310 862
274 363
574 644
574 495
815 1360
1013 767
1133 802
95 754
449 1095
205 434
1317 786
417 180
1276 741
137 101
180 65
880 1461
191 634
1410 830
855 874
1482 1091
604 712
204 490
118 703
1477 575
465 563
503 170
1269 1112
241 405
493 405
966 1051
1364 1201
495 18
492 675
1072 1067
927 1429
390 297
1024 1479
852 1430
568 301
856 826
1479 817
498 155
1063 1051
754 1051
524 167
264 604
683 483
953 1337
441 55
781 888
882 908
781 1374
1479 904
1179 1153
1108 1172
668 431
737 574
988 1245
1076 1277
454 72
144 202
1478 1325
524 609
942 1437
2 547
1161 1069
1246 786
1135 944
332 156
1015 1045
101 585
1383 810
1162 792
1010 1245
856 1406
118 288
1082 1197
1021 564
115 140
415 609
417 703
1150 1197
683 564
1041 1051
