676 288
202 40
561 483
1460 1245
855 965
229 480
1054 276
676 687
1328 483
1381 967
1280 980
1408 1095
880 958
699 449
1051 1049
1185 786
210 512
1282 1360
472 1051
1266 1325
165 313
551 155
326 323
836 514
793 819
363 97
46 615
238 604
493 396
1387 1172
787 1330
691 741
856 909
922 862
1037 953
278 1246
1195 1191
568 521
1026 963
40 399
387 23
1113 892
387 535
72 288
167 641
874 1065
782 729
1255 1479
568 329
1250 729
16 72
961 963
243 102
809 662
278 1112
1072 963
1429 1337
316 641
1217 1479
1047 963
90 641
796 1041
1044 1223
1115 1250
907 862
1047 1047
172 687
524 604
118 460
434 687
402 102
1112 1245
1427 1223
492 729
56 641
1318 952
855 1444
374 13
683 564
585 441
1212 892
189 754
823 963
1177 817
144 579
947 798
1352 1245
953 1328
566 72
1352 762
856 1045
806 822
469 417
1414 1069
387 589
172 712
1461 818
15 154
568 13
177 78
644 371
144 726
14 150
219 16
556 347
460 180
1401 961
1048 933
1000 1161
1209 641
124 693
1131 2
469 295
460 591
479 155
378 641
524 641
387 75
119 1041
524 155
1375 929
768 1378
1362 963
1472 1000
241 514
574 1275
475 155
31 189
574 224
563 1179
202 676
762 1317
1031 1153
1172 762
1394 1153
835 119
880 1442
1041 1232
1236 1191
1231 1475
1427 1231
351 517
574 1067
512 72
1195 1010
1212 1051
524 480
1144 879
1382 1101
900 1223
1344 1328
585 650
1459 883
880 865
1461 810
1006 996
191 394
512 8
1215 810
826 1270
547 644
765 1455
953 1121
909 1053
524 441
620 563
725 21
140 514
897 1250
855 1070
1277 1478
709 170
350 642
479 662
512 570
644 570
1346 922
191 662
40 297
434 1245
646 170
1478 961
919 961
1140 944
1101 1345
644 563
452 155
150 35
1328 941
755 417
895 855
880 950
1482 855
966 1408
223 687
1000 793
561 154
512 170
1004 155
238 323
1345 892
115 229
1408 1112
1364 1479
406 1048
918 835
935 810
1266 1055
935 1185
1236 1437
1163 779
387 677
555 249
1195 967
508 130
943 1482
855 1242
1051 1250
818 1121
1126 1441
492 675
55 441
1135 824
31 461
477 1478
515 935
307 155
705 78
1231 1399
1461 1223
1092 972
1222 1250
1215 1185
101 170
345 1104
1257 878
1191 1045
826 990
1437 1055
1101 981
453 114
1217 1081
518 779
1013 1101
1083 1179
1320 835
1329 1463
1041 792
1082 1184
988 1245
46 85
573 563
857 1270
635 155
1362 878
1216 963
454 150
99 72
363 612
935 1112
1131 313
389 489
1047 1000
993 908
765 824
676 297
207 547
1325 1051
980 979
816 1478
596 495
22 297
204 102
1246 878
218 461
454 434
980 1121
727 1478
118 664
1250 1063
489 150
42 150
941 1037
1000 203
856 1152
1392 963
615 99
469 693
1124 1179
489 145
560 446
566 461
363 18
249 1328
855 793
729 145
202 460
187 741
1048 741
781 347
762 1055
1278 1041
387 687
1461 1463
1103 1000
124 249
172 729
1141 1479
512 191
980 1290
855 1360
585 754
1364 814
1210 1051
711 396
535 1463
264 493
205 515
72 465
777 1245
191 23
1194 1306
900 885
835 1320
461 150
1040 1390
21 119
1461 779
1471 892
1348 1414
468 102
361 573
278 172
818 1013
1152 729
765 1293
418 798
296 1245
493 102
480 150
1482 837
259 687
264 360
1392 1461
42 72
935 949
1276 826
24 89
399 574
1037 1185
971 1112
99 155
144 55
787 1164
1185 1163
981 1374
1152 756
1392 1153
1185 993
469 46
1296 514
189 664
1360 1150
402 204
1351 1306
472 99
1461 1250
363 162
1000 1387
1200 762
1236 878
454 393
69 641
468 885
420 194
669 677
180 189
900 1177
1061 1479
1352 1317
589 640
56 218
434 641
536 100
1394 55
754 374
1135 1463
1130 1328
469 130
434 24
574 495
559 323
1482 1222
101 712
219 102
1421 1192
101 363
676 374
1053 813
1108 854
818 1459
966 1479
1101 829
880 995
781 1395
675 741
892 1037
210 438
839 963
43 1437
512 664
73 641
1427 818
953 1122
168 29
323 155
72 118
982 1051
1051 1179
1296 1153
880 1036
14 1461
1101 798
714 514
1407 952
1172 764
1021 564
1362 1048
907 1051
124 669
1414 1081
829 872
113 677
612 650
1463 741
32 155
189 394
1140 961
852 1112
1482 1461
560 729
856 1337
1439 798
1163 908
993 1112
118 650
1220 855
1031 1384
15 591
144 35
726 118
1191 1134
604 513
87 224
566 301
1101 1408
998 779
189 144
117 741
204 180
1106 1337
210 155
492 402
880 974
1269 1041
40 180
1076 1277
1202 1164
900 1150
1429 988
668 548
615 347
1348 901
524 75
1427 1325
1435 1390
307 641
851 276
1388 855
1309 1306
575 641
1223 967
1479 779
1223 1390
953 1101
737 493
1092 1218
417 467
1 664
998 878
1236 1461
647 693
55 434
816 885
229 307
1179 1051
517 323
1394 963
726 492
807 919
1476 1463
144 604
1108 1468
1410 1164
524 256
915 1479
645 634
75 472
1061 1055
1329 490
1482 1330
1047 1325
468 641
180 363
579 55
259 637
1048 1268
1000 1346
1427 967
950 539
765 119
1461 1429
560 561
1246 729
1159 1293
726 642
1290 1067
943 1153
669 189
508 541
85 39
157 115
1187 1048
454 1317
243 623
377 495
856 55
930 1275
938 1245
1328 855
298 661
72 189
256 642
21 483
1431 963
729 150
1482 856
446 323
1135 1430
585 587
438 210
574 693
775 1301
1041 119
604 318
23 535
490 967
202 468
1246 1037
801 1008
596 650
1270 1179
1172 1245
170 55
857 1063
1082 762
377 612
288 591
566 754
1387 1346
224 181
137 144
1384 1394
492 154
644 641
394 1051
880 1223
1412 1159
118 669
1135 1008
560 495
694 741
570 118
615 644
118 489
1047 1095
699 399
943 1250
479 641
856 1408
1101 1323
811 855
620 1067
675 669
729 818
818 155
1296 764
1221 1000
75 432
688 170
1412 1008
801 1069
256 729
1278 990
549 55
394 641
585 563
610 1232
1328 323
1362 1153
535 480
493 297
941 490
1325 1330
42 1317
1021 544
468 55
132 1437
1457 1153
1192 1437
604 264
1413 1360
935 1169
117 609
202 23
1177 1144
167 154
205 493
40 726
1207 1045
886 642
664 465
587 259
933 1232
202 693
1115 856
394 1463
935 1055
1368 1055
1171 1051
264 140
1162 1270
1150 1172
887 155
964 767
676 1045
1101 1196
253 55
677 641
1222 1268
8 180
927 741
1384 1095
229 591
574 644
559 563
838 55
919 1153
858 1356
615 295
24 170
773 1159
460 570
337 596
835 1317
1430 1337
765 1051
631 1051
508 249
765 1479
757 65
817 1095
604 224
1362 762
1478 13
1217 1153
257 432
492 535
288 664
1047 919
454 483
793 1372
855 1369
823 1214
10 72
492 99
618 756
1460 1153
1112 1437
568 596
640 23
118 155
796 963
935 1296
87 637
224 579
1457 1152
1461 642
132 301
323 55
688 218
419 490
1436 816
1217 1270
1394 1461
855 856
98 453
1047 1000
16 644
631 154
900 782
1048 1445
144 492
909 1418
229 99
21 417
118 446
1231 991
1371 1008
1214 1148
950 932
14 323
1108 1250
1291 1455
1346 764
15 641
1024 762
675 519
29 432
1192 904
1004 1045
387 144
855 1158
24 741
702 596
204 119
1329 944
916 865
73 467
1047 1045
1401 114
827 963
229 641
644 460
165 417
1057 971
238 431
515 741
100 641
303 301
1309 1245
1125 301
1041 883
972 1051
53 55
855 908
24 495
1152 1148
156 189
1329 1051
936 1041
946 878
1163 1427
1221 980
1225 519
417 687
765 490
583 119
806 1179
1065 858
1048 1269
943 764
454 317
418 741
204 641
1053 1036
855 814
573 727
461 155
568 341
875 1276
1396 793
1438 798
547 664
452 434
202 669
124 675
880 798
907 1328
172 140
256 192
838 1123
23 609
1459 1245
1308 996
363 675
1185 880
1214 1437
652 145
55 172
371 55
1053 1081
512 102
144 118
1384 1401
605 514
953 1041
1215 1411
956 1306
1401 786
1213 793
264 89
892 490
406 818
1191 932
109 431
992 1330
773 1070
677 155
55 150
721 434
535 150
1286 878
23 434
1333 1179
1015 979
243 189
1436 1357
1108 1190
918 1459
84 963
1000 1007
943 878
24 402
1277 773
936 1223
806 1153
238 278
1266 1256
202 89
1222 981
824 1164
1065 130
1287 892
909 1306
1246 1217
1051 818
1246 883
1427 493
892 1179
793 1172
1425 908
1325 150
56 495
144 19
754 27
1351 880
726 535
14 563
1222 1418
389 323
56 669
807 312
712 114
644 687
432 640
119 490
1333 1101
892 865
512 15
492 115
454 39
677 23
1231 1123
399 65
394 585
387 405
249 950
713 85
855 1328
1439 963
219 641
492 741
1246 1482
781 1418
1478 1463
151 561
1456 1041
781 1152
1482 1164
15 687
89 189
647 572
566 363
1345 792
1063 936
101 675
390 1325
585 154
566 641
573 99
660 114
760 855
68 115
1215 1051
1054 170
1231 1256
1000 949
313 363
1236 1223
1432 1334
650 609
1317 919
1 155
1052 973
1105 1008
763 1000
1387 782
1128 1479
1479 1317
981 872
1155 1055
1048 1374
1384 926
43 155
1 641
1456 895
878 990
589 547
454 154
278 8
394 155
1187 885
238 641
1402 1051
880 1399
1200 1461
190 75
1445 1172
219 150
1103 952
1411 1048
1223 1063
775 1364
826 490
180 561
387 567
1482 822
1061 1045
1108 1409
585 756
1407 1051
754 99
921 1461
911 597
1325 563
75 664
981 898
82 410
210 209
1459 1008
556 363
1223 1152
726 14
1191 899
754 609
257 256
953 1112
467 189
454 297
144 756
118 351
1000 1215
936 1051
814 1051
151 55
168 55
493 535
1246 1339
241 642
1222 1153
416 155
1419 1270
953 802
82 490
18 579
532 155
1328 1411
29 693
773 155
539 878
207 189
1444 1065
1439 1463
644 741
824 1461
816 1191
1000 803
935 837
824 762
1133 830
1088 1232
205 492
8 55
508 55
1222 1479
467 55
410 55
525 55
468 187
781 919
288 189
768 1455
220 483
922 1001
1271 1055
1411 1420
892 1055
1209 1317
907 1049
1031 1357
781 1175
75 405
396 756
806 1346
1196 855
880 754
1401 1461
1431 1306
1040 1013
349 1463
1096 1394
855 849
1113 1013
1425 1390
619 405
389 405
1047 1067
922 1134
644 31
615 399
1477 189
377 130
99 191
223 297
431 119
938 1317
55 363
1362 1209
410 521
22 963
124 326
1214 1461
1052 778
278 119
475 741
278 127
1382 170
1231 1417
75 268
2 483
495 664
278 432
1249 1390
250 727
967 1152
1246 919
739 86
434 102
661 99
524 379
1088 1270
559 297
762 802
55 399
559 394
1349 855
46 489
967 936
137 389
1187 1390
1236 944
396 150
1352 1048
604 187
512 550
865 775
1439 1418
1126 949
1313 1179
493 669
857 826
278 402
927 1461
387 574
449 741
566 650
1282 963
515 1049
22 493
1326 1306
956 982
1374 963
1430 810
953 1179
835 1478
1195 979
1345 1055
191 402
1408 1121
1461 971
1439 1306
399 389
699 29
1439 1063
1025 1112
1200 741
765 1081
935 1240
1309 1430
726 441
512 297
534 210
781 1153
943 1461
1432 808
935 961
568 736
965 826
1209 883
1461 941
492 14
963 1122
492 434
1008 1392
479 150
1101 1461
14 885
823 1055
729 118
612 547
1103 1401
644 642
793 893
699 535
227 55
489 387
851 919
1408 1457
612 99
1384 1414
14 1051
1162 967
631 563
1482 1455
956 1091
562 493
839 1153
1223 641
259 115
46 405
556 399
481 229
895 1309
119 996
694 155
972 1293
788 1401
15 264
1000 1068
1325 1306
477 973
124 180
1200 1245
1410 835
36 641
1246 1479
282 641
1103 878
1479 892
1000 1244
1133 1179
974 979
1427 835
570 301
618 301
880 883
1150 1223
1296 1172
387 374
18 16
1108 1153
56 99
144 472
118 394
943 892
1154 1093
70 140
157 55
900 1278
1209 1418
503 563
711 297
99 489
1344 1041
1351 963
547 389
1396 963
1153 1048
1244 1344
1477 559
14 641
760 963
927 323
70 641
900 1390
389 634
162 492
763 879
387 172
765 786
1326 1245
219 756
765 55
560 72
935 1153
1207 1055
224 604
393 75
1423 1270
521 363
922 934
1244 1000
1221 919
144 191
781 777
781 1150
1456 1390
264 648
1108 839
644 150
980 1231
1063 971
82 72
909 851
1427 1478
1373 1461
649 512
1065 908
500 1479
1246 1429
793 1245
1461 961
824 826
172 650
155 492
1004 1051
775 1199
824 1179
1328 775
934 793
436 729
168 363
217 600
566 644
344 687
1411 1051
1427 1179
1381 1041
99 493
687 675
824 1041
909 818
1384 817
1384 810
778 1134
1408 1369
117 248
909 826
676 1437
524 609
87 393
966 1112
387 89
177 401
685 427
927 1112
1000 1323
241 88
40 572
664 492
484 650
880 916
259 498
323 1067
577 650
283 55
140 189
460 634
615 55
1164 1049
1164 892
870 990
1047 1191
1153 837
861 55
524 23
454 466
977 1270
180 642
574 477
70 75
55 229
1153 1317
1166 1091
921 1250
1394 1008
109 524
118 756
791 1317
796 1112
1335 901
99 714
1264 1185
1103 826
660 233
993 1232
1162 641
1040 1245
966 1351
856 971
1154 958
1081 1245
223 729
1436 1101
1215 988
1131 714
1135 941
1140 514
1185 1455
113 514
492 547
618 144
217 391
417 72
1192 1330
118 631
1028 1245
75 514
1435 878
644 288
788 1478
823 1437
946 1126
1185 1321
574 687
775 1220
138 75
1430 798
350 23
99 703
904 919
1103 276
410 729
118 297
409 641
835 932
559 55
512 40
1061 1306
1150 996
681 379
585 575
699 563
1053 1411
465 642
1212 1053
14 932
472 323
283 168
1187 810
1052 1092
144 218
288 96
417 754
296 1063
288 453
778 963
156 1051
1194 1159
1238 1245
469 472
699 347
824 798
1412 170
480 967
647 604
1463 187
1121 1049
461 441
399 468
1191 1038
1352 952
1211 818
363 443
1177 1435
468 297
1479 954
570 1179
492 621
181 8
676 387
1328 971
604 620
1351 1031
880 1047
179 575
1000 1287
856 72
219 210
1189 145
204 55
1250 1381
793 1305
333 170
816 1270
223 577
80 855
1430 826
699 547
1125 1418
256 493
515 1479
1479 967
778 979
907 1408
773 1479
14 1152
618 417
1362 1478
777 1091
167 535
847 1153
622 609
347 641
762 1328
1266 826
1091 1306
467 301
535 85
612 172
1180 782
1317 1461
129 78
512 675
664 180
570 712
95 371
288 434
1104 941
150 535
1187 1430
927 1390
438 935
14 1041
1044 1153
787 1372
399 1437
495 547
202 621
460 453
675 1437
1009 1346
99 144
512 323
1211 1429
1461 1051
257 729
1053 764
1410 1232
312 810
828 953
256 186
22 500
1041 936
1461 1337
1351 762
1185 966
1088 855
363 650
167 454
1101 1369
966 1222
31 150
1256 1254
460 323
900 1051
1420 1051
1374 961
264 637
1214 442
568 36
1036 1069
217 642
1275 879
1236 1209
956 1102
121 741
417 703
741 973
363 323
995 1426
822 1357
1309 856
377 1051
727 99
1150 1197
296 641
818 883
165 248
980 347
257 644
773 897
125 493
762 1008
1378 768
219 396
981 1475
1061 933
938 642
981 1092
431 563
1479 679
807 1179
880 851
966 1437
765 154
1192 934
1085 1209
140 642
966 1051
187 118
384 687
874 1009
1348 1153
851 796
1384 1357
726 202
1047 885
1115 1269
259 220
189 492
296 1222
1101 1352
870 1293
1200 729
259 189
793 822
307 642
317 102
118 374
1146 862
1101 908
699 729
591 547
1479 1435
1191 1357
1055 810
1101 1390
807 1232
715 641
585 150
1367 855
191 575
1384 1245
1215 1045
56 371
754 155
1473 1041
14 297
1472 775
660 167
24 535
1041 1392
1476 961
1028 851
765 1122
1127 1270
99 434
1047 963
202 405
1051 756
919 1209
615 288
147 155
1439 641
1456 1162
383 55
1277 885
363 492
468 13
1209 1351
842 1437
596 23
855 882
1061 919
580 155
1381 539
561 446
347 563
659 738
1000 1475
1439 883
512 591
99 472
556 115
885 1479
363 335
940 779
283 180
660 371
1325 1437
618 159
604 367
837 1232
1321 835
865 801
1232 1086
1010 1245
1313 781
1004 1223
489 591
1346 822
524 512
27 323
1381 963
852 988
1047 1306
82 46
843 1372
880 881
1394 155
99 114
1040 1437
351 483
1479 1092
492 570
1323 855
664 218
940 1268
1392 483
21 729
418 936
1275 1197
1313 767
1007 623
101 679
880 1101
1345 1179
1101 862
1185 1231
566 563
493 642
115 205
788 1112
1031 1128
615 387
1328 1048
1478 1051
1412 855
189 726
2 572
1421 1344
1009 806
1063 967
160 24
162 754
787 1045
1202 952
507 641
1195 1051
977 798
885 642
56 570
264 155
1000 763
2 159
1445 539
857 1112
880 818
1096 1479
480 115
816 1277
851 842
1133 803
257 172
15 210
1482 1045
553 556
756 641
42 591
238 55
1435 1177
1220 854
1220 1437
347 615
892 1461
631 118
56 687
856 1081
980 1092
659 408
873 1153
886 767
1082 1310
428 979
75 461
824 1223
495 144
332 1123
1303 1455
981 1150
675 35
755 55
296 818
585 189
574 316
409 623
755 644
268 441
664 687
90 396
241 170
402 23
1221 972
935 878
454 312
512 488
15 664
387 22
1487 1270
1037 1065
418 158
1054 500
217 498
623 465
570 144
461 676
512 547
1200 602
1108 862
15 323
402 85
1459 1429
469 477
1482 1245
288 726
144 145
619 150
856 1406
1298 855
974 1330
772 802
773 1306
89 669
218 396
1135 1112
953 764
1473 1328
1113 547
224 85
454 727
1427 55
536 394
1287 1437
177 588
508 589
907 1459
1456 908
431 1051
897 1277
781 1026
1236 1463
307 741
14 99
762 1047
547 145
168 15
172 150
1479 817
1108 956
410 394
156 446
966 1209
1325 1430
618 535
259 737
410 664
568 323
980 878
363 566
168 283
494 641
77 434
402 233
15 55
660 756
117 438
1009 1215
895 1153
467 563
467 754
856 813
781 1092
55 493
900 1479
259 297
492 97
1055 1306
15 118
762 1166
1236 971
454 809
1412 1330
75 282
24 610
778 1052
1135 826
100 154
1392 1200
40 687
835 919
99 579
1411 1053
72 114
1431 1437
1321 949
416 363
489 399
191 729
1209 885
1461 1067
645 39
597 96
818 1041
209 55
936 878
935 1277
118 14
72 489
273 687
600 1021
165 493
762 878
1104 835
317 649
363 623
855 941
448 483
505 609
891 155
806 856
1423 1191
1055 1148
468 480
699 754
472 35
1360 1112
512 566
1195 798
1049 944
1153 767
332 641
921 1148
735 756
1130 843
570 436
100 73
347 24
137 609
1257 1245
796 826
1194 1270
788 1430
1429 1223
860 885
855 772
140 233
454 441
1246 1112
180 14
922 1390
980 1187
1108 1346
495 31
968 1360
1316 963
1435 1101
1024 885
1328 781
1226 786
847 1112
217 233
1135 1191
602 1461
113 180
1461 936
659 128
512 730
75 642
454 193
885 1317
1212 741
765 1429
351 726
431 756
99 187
1364 842
790 990
943 1037
1295 963
377 564
863 1402
993 276
144 31
768 1329
880 1172
1202 869
22 642
1191 1031
417 585
801 1153
1240 1232
1479 1399
1191 1429
363 350
10 55
1048 1112
1069 1306
75 46
956 971
855 1469
498 55
79 191
46 591
747 493
669 756
618 489
46 363
1394 1245
807 878
305 114
1309 1295
886 1463
1153 1053
612 278
1306 855
155 301
40 560
615 46
1479 1418
417 159
1436 956
409 29
855 1471
84 55
150 570
283 159
1258 1306
642 741
618 693
674 241
1472 855
1413 944
167 371
1135 1385
1479 1045
1384 276
778 1008
189 642
1081 1112
788 539
489 664
140 493
393 714
1047 826
1403 963
640 574
189 326
806 1455
1140 442
617 374
1300 855
919 941
580 434
1326 1430
1280 1112
31 35
1334 963
775 1130
602 664
1054 1245
754 979
727 1317
1414 996
694 564
1003 539
1222 1108
1421 1008
610 798
310 29
1191 1121
1408 1221
936 729
1429 1245
1231 880
165 660
1112 1270
1351 1009
1080 1000
964 1153
754 591
634 726
172 493
256 16
204 85
755 434
331 189
764 249
444 579
1298 1232
892 936
180 72
1427 1430
824 1051
814 775
741 89
1427 1245
851 980
18 495
377 38
880 885
1164 1478
422 596
585 326
1407 963
953 1232
1177 1317
378 24
981 539
121 641
1387 1153
311 641
1076 1245
855 1334
727 301
1103 1048
855 1075
19 144
219 623
1479 1328
1253 1122
492 248
568 549
326 687
512 399
739 402
1419 1067
1113 1069
219 89
460 547
1333 1153
1401 788
204 741
363 570
620 301
618 35
1101 813
1351 885
1149 1461
16 202
1384 1177
1475 1112
620 55
585 391
1192 762
1435 1086
855 992
264 575
762 1112
1408 767
524 268
669 180
1449 1101
664 229
855 838
815 1153
762 764
604 301
454 587
124 726
191 78
1220 1000
1024 963
1036 1000
489 566
729 563
972 1209
1489 1008
409 155
172 570
568 591
46 585
1360 908
1257 1209
217 53
434 480
15 85
1253 535
179 727
243 170
1187 818
1246 1245
144 547
363 210
1334 878
1024 1000
1244 963
807 979
472 563
298 64
659 17
1200 773
851 900
100 297
1123 1051
1461 1191
1381 729
68 1051
396 35
1185 1133
118 561
467 374
384 396
761 1134
75 483
87 155
736 547
1047 788
647 454
702 493
14 1337
204 82
568 168
856 835
1108 1308
1161 1223
24 55
149 489
2 154
1360 1179
1192 1037
202 278
243 55
893 741
938 1479
394 967
418 155
1460 1479
508 289
410 102
1177 1191
1410 1417
501 756
1325 818
1258 944
566 480
501 191
1352 972
1346 1437
935 973
14 535
1047 1045
24 391
2 669
921 979
1479 1101
935 762
1374 996
634 642
980 935
726 493
454 396
1101 1036
892 1112
699 564
559 180
662 170
1088 1152
501 603
775 1369
1408 1091
793 1049
1408 1071
1425 835
1401 826
762 1063
224 154
326 495
1387 885
635 729
933 885
1317 312
501 1479
1223 490
1185 1051
1117 963
1223 936
883 1041
454 494
1250 297
618 118
570 585
1244 1051
604 591
475 55
40 519
326 640
345 878
953 1153
1062 1330
1047 1461
909 1293
612 288
289 39
568 597
1360 16
191 283
1101 729
181 180
82 584
837 935
784 963
387 180
1000 1047
1431 1051
512 644
773 973
410 693
1407 1455
461 55
15 480
1373 930
238 434
919 1051
454 623
210 535
956 826
1360 1209
1451 935
140 641
1482 967
144 535
843 1045
205 55
824 1277
363 99
1459 1041
150 460
1172 1357
568 333
218 1245
880 1104
865 1133
726 180
524 109
589 687
1238 1250
1062 1251
855 763
618 229
109 483
1185 855
449 115
932 919
648 155
393 39
1427 1150
1131 446
40 374
1031 1055
602 323
460 155
1325 1191
950 1172
568 8
393 46
405 323
118 441
55 85
1125 855
539 1437
172 489
772 862
144 189
943 1390
1459 1101
537 155
644 154
99 517
1411 775
249 1479
612 227
644 604
781 1121
101 741
1 323
283 259
512 532
155 687
509 979
508 1437
1275 854
743 609
756 453
1202 1041
966 1306
1202 817
35 55
130 1153
1479 1427
144 24
1054 966
157 155
559 154
938 837
1325 1223
793 971
205 480
256 1
1113 1055
585 220
892 941
1166 919
1276 878
838 1328
452 55
1057 945
1202 1245
480 210
421 323
1461 1063
570 99
1411 1459
1112 963
855 1264
8 241
793 1479
180 570
1239 1461
167 687
46 453
180 472
377 1430
736 483
618 18
980 981
755 642
796 1251
980 1437
238 642
1112 944
855 901
469 55
393 42
307 159
727 677
1477 495
714 468
1091 1191
559 570
1117 119
492 577
219 155
1411 1008
181 714
249 1047
296 1430
839 1251
1077 1041
204 490
625 41
623 644
839 1048
422 1112
431 642
860 1371
784 1041
1315 802
1478 1209
855 1300
483 1051
1216 1134
604 238
1047 1317
1411 1293
882 1065
880 1112
326 434
1108 1101
1346 950
1352 1437
909 1069
972 1479
1103 919
1290 1069
217 431
277 155
402 493
499 1215
1172 878
809 16
1191 1325
36 189
1103 817
1063 1209
461 460
1352 1179
317 85
181 648
1390 1245
564 544
484 102
623 55
688 574
980 1350
1475 779
935 818
452 963
788 1051
1214 1179
70 172
855 1227
855 946
125 729
781 1430
1253 1360
281 609
855 1207
1041 1086
1131 432
1215 1349
947 1101
332 956
1425 1301
1274 1306
1187 1069
218 323
1221 1164
155 441
391 27
1226 824
477 405
669 1153
813 817
1152 1112
851 934
283 548
1321 828
1485 908
46 492
31 649
585 159
1001 822
347 431
851 909
788 936
257 493
1040 885
596 493
524 662
1191 1337
916 1081
31 347
1116 855
469 35
762 1187
1020 1478
777 798
880 1420
90 99
508 53
711 493
681 415
243 23
417 89
468 99
460 204
296 963
777 1095
177 82
264 641
1320 779
618 664
1360 968
981 1101
1195 878
1051 1013
559 514
1310 1437
620 642
350 186
818 119
1482 1479
58 220
454 347
1063 1250
1461 885
547 394
512 1430
604 361
137 495
604 154
109 24
1402 863
856 781
55 640
55 155
82 245
1329 835
524 301
1162 1051
155 493
467 855
988 1179
55 535
1441 1330
1036 802
417 189
772 953
1329 1231
1096 981
441 55
980 909
615 1395
781 862
1041 1330
855 937
1441 919
1246 1463
1135 779
1246 1121
484 468
1366 1121
664 172
764 1346
652 641
927 641
604 109
417 623
490 1209
1031 802
612 23
1131 498
1135 1081
1425 1456
725 483
121 204
1047 1153
373 677
1041 1153
224 264
68 154
791 1153
1052 995
317 493
644 170
1202 1153
1314 963
132 641
755 669
880 1220
1128 855
1381 1250
1152 483
537 641
1313 1301
98 155
1051 1478
1214 798
378 798
596 564
755 89
855 1472
735 155
224 79
1104 1041
852 1114
880 972
1345 1122
1276 1245
1187 1041
855 1426
312 547
1329 1177
1015 1000
377 142
1487 1251
1055 826
1045 1429
669 936
826 1381
856 1055
1108 1420
361 563
620 604
765 1459
731 323
224 42
765 1232
155 641
144 27
644 109
1256 995
1125 1153
1277 1209
644 102
787 1209
855 1218
46 209
1461 944
1288 1159
801 963
737 1479
223 405
155 89
865 964
1313 855
900 1000
1088 919
699 591
1384 1051
1112 644
389 154
144 621
1108 1437
394 660
1253 1330
856 1427
1360 967
165 649
974 1045
460 741
16 563
852 963
1195 814
224 46
855 803
566 347
1215 1008
1218 1101
1384 1348
224 391
143 641
855 1346
82 579
907 1245
1215 1436
1329 1437
1266 932
477 417
349 535
1427 798
5 514
493 155
454 350
650 233
142 972
1384 764
1461 878
1223 323
1024 1346
449 493
118 187
363 13
1163 1051
253 1270
465 591
1131 301
901 1112
296 535
72 154
480 55
835 1266
1420 1444
1429 1055
300 154
956 1191
1257 119
573 570
982 1255
966 1179
922 950
316 495
852 312
1430 1317
737 514
449 572
618 642
434 465
418 1086
688 609
842 1251
1459 936
15 495
968 297
99 432
1052 1417
492 727
1053 781
741 1179
56 756
754 712
1154 775
618 615
559 644
1432 990
1152 477
357 483
1010 883
1063 119
187 603
840 973
1215 1245
1216 155
525 155
157 434
1313 1086
803 810
596 726
521 233
1236 1306
725 155
524 489
953 855
479 642
479 1270
778 784
815 963
626 155
22 406
566 460
1408 979
852 1153
1232 855
1004 323
596 89
1329 204
436 467
1063 1051
818 1081
1381 919
1328 1121
972 1373
981 979
1412 1236
387 933
781 810
953 1051
1425 641
1432 854
778 276
1047 878
556 566
156 990
777 1045
1051 944
536 144
501 13
1101 1482
299 535
14 1086
1401 490
468 89
508 44
927 810
909 1179
754 432
1244 1221
856 961
393 637
75 189
1133 1008
837 1245
1125 967
1459 1185
72 351
259 587
1217 1231
935 764
1083 1330
1007 1185
1101 1158
604 159
15 65
916 1418
75 660
943 312
289 453
1326 798
772 828
259 300
1101 1360
1223 941
72 363
387 642
809 189
1250 119
223 1437
241 495
1482 966
1313 1461
317 24
559 150
1091 1325
711 963
855 935
729 453
1329 1435
1000 1278
204 13
803 1000
1092 817
805 822
155 637
1191 956
451 150
211 389
210 363
1402 1252
492 72
191 564
1062 1328
1000 1167
1351 843
585 209
438 664
1015 1437
590 642
773 136
560 493
1172 1052
1115 963
843 1209
1108 1207
202 729
387 484
826 1153
1115 1041
778 913
856 953
813 1232
1328 1209
1221 779
891 1245
469 669
1003 1479
676 150
559 828
467 1153
755 564
189 150
152 237
1351 1051
512 574
512 249
915 1411
29 162
1446 1232
855 1224
1280 990
855 1332
931 1045
326 155
835 1152
855 1338
1177 893
618 490
755 405
9 996
454 31
123 85
284 979
1321 880
468 1063
1055 1245
406 798
394 118
468 210
168 736
620 405
618 323
824 1121
1015 1159
1231 1246
1091 1045
377 449
1384 792
55 676
434 363
172 189
669 650
1195 1052
202 189
907 1045
1041 938
223 519
1101 856
1187 980
1246 1232
181 189
762 1418
824 764
15 248
861 798
1475 1095
778 775
1274 1123
1441 854
1108 1179
1360 1413
919 835
1187 1156
930 1153
1384 1055
777 1081
1218 1195
144 233
620 431
612 461
1383 855
980 1479
817 1150
85 641
417 493
432 55
185 90
1101 1009
1004 1121
1214 979
644 72
363 389
99 13
1269 779
1456 1425
191 641
1383 1479
669 1051
454 634
40 508
1438 1067
1115 1000
495 575
1251 855
512 202
754 512
590 180
229 492
1392 756
664 288
1333 1232
72 35
1185 1429
561 712
1246 879
818 1086
892 817
855 1281
144 90
177 245
855 1352
560 130
481 729
1410 949
1472 1437
1162 792
1364 1366
829 490
1269 1245
1246 826
1244 1202
277 96
493 202
661 155
669 155
839 1374
394 477
448 155
615 591
417 609
1112 1020
1063 1223
736 189
1408 1245
1271 1000
836 1270
524 664
1101 816
775 1427
1328 1479
865 1179
70 229
1217 1306
1048 1429
101 547
13 144
1104 1337
1425 895
619 936
1277 880
137 101
244 641
1209 1048
762 775
1231 1330
953 762
1421 1489
217 155
995 1000
754 8
1215 1049
189 55
585 27
1320 1298
1315 1051
855 1308
644 472
1261 119
1171 854
72 544
893 775
649 541
114 641
409 170
703 18
1101 1475
1004 1270
777 1360
919 1069
188 39
711 102
100 114
390 798
1146 1008
972 1245
988 1429
660 55
735 154
773 885
180 644
1051 154
82 172
399 155
1135 762
1421 1411
1369 1399
1221 883
512 676
1313 1277
634 465
160 333
1320 1148
159 55
1430 312
1337 1051
493 741
807 764
1163 1153
1421 1126
317 441
981 1349
560 1430
363 653
1460 1000
45 717
1236 1222
1475 1236
1215 1352
268 387
763 1069
1239 1270
1318 1422
501 55
1239 1232
1092 1245
1125 1437
351 642
956 1381
517 102
503 637
747 150
620 754
140 431
399 136
189 172
465 297
16 118
612 519
1177 1232
1288 964
676 347
762 830
1187 1306
481 650
1403 949
489 563
1103 1219
40 76
688 649
168 564
1238 1437
56 480
16 547
84 535
1278 1121
15 72
268 563
675 405
75 374
852 1045
1325 1392
89 264
886 773
1334 810
469 756
809 337
773 1351
762 1086
900 1144
882 1150
2 664
675 99
1202 1270
41 454
814 1251
631 1437
90 623
512 172
610 323
202 454
536 634
824 1250
1221 1191
886 1222
574 615
1229 564
1177 952
72 729
391 55
387 649
801 170
1164 1112
1475 1214
561 547
15 155
393 675
535 1179
431 65
405 454
947 826
508 278
1031 855
454 354
568 363
323 1179
299 55
1238 1270
814 767
1 575
856 966
936 1463
699 13
427 155
713 115
547 393
1412 1123
132 449
570 189
554 361
1290 767
1425 1034
187 102
747 155
99 591
224 519
788 798
1333 1270
680 55
189 644
454 756
1209 1392
144 484
481 35
618 650
1413 898
1041 1164
1333 798
1135 1070
1144 932
1320 1217
1103 1191
393 40
1103 1463
1115 1330
590 547
818 394
922 1328
55 39
477 1401
363 535
326 570
775 838
489 115
855 1034
187 1463
461 189
23 170
1195 1153
1185 919
1489 854
317 535
23 677
955 1037
418 350
1258 764
824 1317
387 118
956 838
610 963
1413 1121
356 741
1047 1172
1238 1051
241 585
202 191
16 493
1478 1008
316 371
495 579
1384 1091
1473 1067
449 483
1395 1384
40 363
224 15
886 1172
1133 1408
909 514
363 495
227 189
209 434
1000 1209
756 55
1161 855
765 791
1131 575
119 1152
936 490
859 878
1191 764
1 1435
144 202
754 23
1150 1401
68 205
1051 1112
855 893
536 99
22 756
1117 524
886 1387
115 514
383 323
1472 1164
907 1084
660 172
1185 539
1459 641
568 714
119 641
484 675
1210 1000
238 490
296 55
167 387
209 323
150 574
953 1191
434 676
1478 150
570 95
1045 1000
967 1086
1369 1270
1162 1164
855 1393
144 102
115 756
1135 944
1191 1318
512 85
1065 1124
574 180
1096 878
762 990
238 72
467 23
936 150
773 1295
389 547
1389 1348
556 150
612 377
1334 1463
675 480
567 204
282 23
604 394
1096 1153
1054 1317
2 204
909 1051
993 1459
1459 806
1177 1301
1459 119
1269 1067
1318 990
363 187
688 729
1348 990
1113 1148
1175 963
1131 465
524 18
1227 966
524 100
644 295
467 405
980 1044
818 664
788 119
566 634
515 55
399 609
1408 1101
855 1087
1172 1328
454 374
165 256
85 297
472 535
1439 150
920 979
165 669
787 539
1209 1045
249 803
1076 990
326 493
935 835
389 649
1209 1051
974 1437
1131 736
1216 798
1410 1041
851 1359
434 405
501 527
256 118
350 363
1296 483
675 591
977 963
181 535
1329 1461
31 677
465 535
1041 1270
865 1437
1275 1065
396 677
387 268
547 417
781 150
647 1360
1131 452
432 323
1054 1055
98 114
1061 1270
837 878
68 480
703 621
880 1250
56 347
1479 803
1334 855
238 389
144 210
387 18
202 649
1048 952
1362 974
1185 941
1047 23
1103 1164
604 156
70 687
524 818
326 288
1329 1041
273 155
729 967
155 405
489 712
333 659
922 762
15 259
180 154
815 878
1164 1051
1101 602
1051 1245
461 641
297 461
711 39
40 609
1246 830
417 167
363 669
640 609
1209 856
982 892
1037 778
1106 989
967 1051
46 493
460 75
875 1479
1186 675
921 883
1282 995
815 539
347 288
1041 878
781 802
1133 835
754 640
465 13
40 642
568 273
179 664
1060 591
385 396
454 99
1273 1445
119 1478
1345 818
1303 1148
1222 119
132 27
729 1270
688 662
1351 1209
856 155
389 72
446 535
1325 460
150 566
1113 826
1135 955
675 472
824 1232
119 1479
217 405
156 155
406 641
940 837
899 1095
399 24
1010 1041
645 170
737 574
703 483
967 1021
561 150
1408 849
121 514
892 1254
1092 1479
393 79
468 756
217 641
492 623
855 1017
604 1179
469 615
1410 1463
1437 878
886 878
602 1101
972 880
943 952
469 89
1460 963
1062 1153
829 1112
351 99
1106 798
998 919
851 855
615 712
1214 823
498 165
1187 1153
12 564
406 1152
118 547
1341 996
1112 490
492 615
566 729
264 323
841 996
743 13
1103 1081
1381 490
278 1179
387 587
1202 980
1218 980
1164 1317
659 407
781 888
396 297
2 644
191 572
72 468
1202 1232
1200 798
144 99
956 1441
855 1467
591 664
144 432
773 963
1223 1330
490 1223
55 687
297 641
296 405
492 144
1382 23
762 1387
1459 1153
223 1479
892 1051
736 661
1375 995
1152 786
1209 1172
490 1245
1461 1435
191 155
1223 963
675 493
363 394
278 87
619 323
835 1166
547 224
1345 1134
1215 835
1239 1238
980 873
202 484
590 664
1214 878
1410 1021
943 1245
223 544
807 442
1261 1063
624 996
223 454
288 190
900 1317
180 205
1298 1217
434 483
99 514
669 468
852 1191
22 24
855 1090
1438 792
220 85
729 1063
41 687
1445 1021
383 495
747 563
1085 155
1413 1051
410 301
241 641
1101 756
1231 851
460 712
1374 1121
524 618
1246 1179
40 89
787 1112
460 402
566 623
944 1413
1214 1245
1007 855
916 1461
956 1325
835 1392
1053 981
567 323
1329 1067
385 384
399 439
454 275
113 729
326 150
489 189
1478 826
1003 1430
56 712
1153 1172
1191 1112
647 24
313 172
647 1437
417 154
1185 1390
20 55
477 202
76 979
1091 883
1413 1223
1135 781
823 1069
24 563
1320 1164
387 604
1102 855
645 85
602 1478
1429 967
1479 1476
253 1051
210 35
1246 936
262 677
708 508
1308 1065
1335 539
612 434
8 387
374 467
460 301
95 754
1271 1330
511 548
1195 810
1381 535
1315 1112
1037 881
843 1251
137 118
818 575
855 975
477 1152
855 949
472 363
1000 1351
694 591
953 988
1114 1067
659 98
1487 1003
477 10
547 55
980 941
626 434
843 775
855 1287
167 660
612 35
1153 1112
1266 941
209 756
1437 1232
56 55
1479 399
410 90
601 119
1414 1384
1429 973
1307 767
1473 1069
729 1325
743 591
92 495
1036 837
495 72
900 963
1346 855
418 323
1362 1112
1320 1270
1451 1051
992 1220
1065 973
839 1069
1141 1445
816 835
1041 1162
118 202
660 405
994 1179
590 150
1146 855
814 1000
344 180
72 90
317 644
618 561
596 218
691 642
469 150
155 39
46 172
1351 1069
1108 1045
1214 1037
144 282
288 603
966 798
504 140
90 72
28 341
1264 855
880 1071
562 798
916 1047
855 1105
1245 1270
332 434
625 454
503 170
489 363
960 1338
956 1277
631 591
432 75
880 979
56 27
1185 1244
851 979
998 1091
1420 862
1202 1101
623 535
940 1041
1041 990
1476 1000
851 904
600 13
688 85
669 566
181 145
1193 963
1161 1478
614 47
930 1112
701 741
1131 713
1185 1232
620 936
1335 1179
1426 1179
363 493
1187 961
1053 996
900 802
492 620
824 883
1473 591
1384 949
644 615
1364 1037
1402 775
768 1112
817 1197
856 1100
512 634
544 564
615 641
454 493
1449 1479
968 756
241 674
793 1037
1214 1433
1352 1461
1051 642
1277 1232
137 55
393 465
1457 1245
99 726
1257 1461
467 180
384 391
1135 1048
1101 1008
754 144
703 434
675 347
1274 1455
204 798
1346 1053
117 154
572 489
1108 1222
951 996
189 756
967 1063
434 664
676 644
238 446
661 495
1101 786
492 394
1317 993
24 102
1384 762
703 363
1427 1053
1479 1153
1187 996
612 75
927 524
137 323
1329 23
501 417
972 835
40 637
1231 440
249 1217
688 180
101 535
454 589
238 189
259 492
1101 782
685 741
676 461
1172 1334
612 323
477 574
641 233
1245 1153
1163 802
1082 964
144 468
1026 1055
492 1229
218 55
851 1374
1326 1223
1317 983
823 1112
1161 1437
1010 823
566 756
822 301
224 229
977 1153
920 913
556 641
839 1067
1445 1112
441 641
16 1360
1191 1153
1028 1179
972 1049
190 229
1439 347
27 623
377 249
300 155
140 72
454 41
29 535
481 172
518 996
685 1463
762 824
688 155
101 514
1425 1245
1384 908
191 489
620 323
618 563
1463 1051
82 115
816 461
454 745
981 1051
822 786
14 669
942 1437
823 1164
1053 919
1223 1429
1051 878
1051 1055
755 16
883 1209
835 1177
1246 1231
124 155
99 535
508 688
460 644
604 644
82 641
326 483
895 756
856 729
900 1008
1460 1232
454 1437
1426 1330
645 703
521 248
568 377
1131 731
220 669
1209 1152
1231 1121
150 417
124 493
855 964
144 281
137 570
1411 854
998 817
363 517
66 248
365 477
283 655
283 371
1041 1381
1325 967
355 24
1244 1185
1463 1413
118 570
492 591
9 210
89 1041
562 729
495 563
1154 1065
1041 895
1212 1172
1320 1051
387 202
431 55
387 489
1463 1086
1191 55
118 566
605 1041
1408 1104
399 512
434 535
481 677
245 488
238 180
1389 1148
1286 1479
72 218
935 1293
393 278
1162 1045
1185 1121
454 301
1054 1270
495 118
1328 1041
31 729
1401 477
1047 1179
993 1298
326 641
1053 810
492 75
1210 1008
1306 1153
299 664
1296 762
479 547
208 81
1191 1000
604 727
1487 1287
604 202
394 180
55 579
699 150
815 1245
41 431
966 935
1152 941
312 782
1329 855
381 170
937 1251
574 202
18 564
219 604
399 641
575 55
119 1325
89 374
843 1026
1210 941
202 615
73 729
301 180
436 756
387 109
1275 1257
1085 963
1065 295
1339 1231
907 1091
1459 818
1021 767
1459 539
1135 1161
803 1270
288 637
1051 539
774 1260
1140 535
1101 839
489 391
1245 1112
1209 1223
165 1437
1339 781
1155 1330
852 1245
839 892
612 441
347 517
1296 878
1482 1049
1436 949
966 972
168 699
162 99
755 172
1375 855
256 644
726 676
1286 810
21 1051
492 446
943 1179
417 326
1394 1399
615 118
604 579
468 634
1375 764
31 374
468 589
615 961
793 249
1154 854
574 484
922 1306
568 301
1037 600
909 1479
299 64
56 150
1445 1092
1121 1164
1031 963
167 469
345 741
218 756
1152 798
1216 431
1268 1112
618 150
1323 1000
55 371
1384 1459
492 603
437 741
851 1041
855 1425
1396 990
469 519
547 693
835 967
56 187
205 641
115 434
484 323
699 189
90 417
56 434
1088 1037
150 187
229 637
1041 1051
778 1463
1427 1437
1161 781
1445 1209
1446 1330
524 461
410 191
454 460
536 180
1000 966
489 154
1161 1277
1413 150
28 114
676 1063
1250 150
181 224
761 963
402 642
189 180
855 1156
835 1112
847 1435
1047 1399
207 210
612 640
512 495
1408 1423
483 729
1359 1008
567 729
512 387
1047 1095
1335 1461
1215 972
781 1055
1257 1479
962 1461
1166 1437
1364 930
1479 1042
1384 1164
568 22
110 501
1000 1126
1031 818
1269 1461
140 687
490 798
410 189
262 467
1071 1164
1325 1231
765 1251
99 693
855 1322
387 39
838 1153
165 85
934 826
1000 1045
676 493
1221 880
55 156
1477 92
855 1049
90 218
1399 1153
1191 1001
1015 855
1036 963
1414 872
477 1209
167 990
89 118
765 1222
824 1086
99 460
909 1337
1325 1463
788 727
238 687
1430 1222
855 1232
101 72
998 1455
604 248
515 878
55 461
218 547
1135 1101
484 547
814 963
469 539
189 483
934 922
441 323
1166 941
781 798
1219 1245
72 167
1362 1069
1192 1112
743 547
387 468
699 35
561 562
149 55
454 155
1041 1245
1275 1246
173 213
980 1162
1216 1021
1329 885
434 210
602 1152
1320 1348
787 762
1091 1330
1051 1148
1131 109
406 1086
1199 1328
855 1389
585 180
1413 1463
467 623
585 167
675 233
550 233
600 323
389 465
688 335
1439 1041
1135 892
1427 1095
1040 1065
477 539
652 233
754 641
295 514
891 855
886 741
711 156
1052 956
1231 883
1276 1293
561 170
1028 837
549 23
387 530
1325 1040
449 29
1326 1418
460 23
711 756
1177 768
806 1245
856 1245
1103 949
454 86
892 1274
1061 1317
619 490
921 1112
620 726
118 24
851 798
524 579
919 826
566 323
1000 1449
289 756
524 389
1407 791
762 1390
824 936
317 756
219 570
900 1041
1131 361
1407 936
350 669
1051 1390
856 1091
1471 1455
1015 1008
775 1384
180 512
1192 793
1041 402
56 650
966 822
980 1427
953 1221
1231 1185
618 460
563 726
936 641
1200 1112
1280 1317
40 85
124 104
87 181
1172 793
1461 1437
1288 944
10 756
830 729
703 563
229 159
1459 1231
892 878
177 204
1117 990
494 55
268 154
1407 1112
1207 1191
816 878
927 170
469 297
259 283
224 514
1009 904
1359 1277
536 323
570 591
1163 1471
1401 838
282 575
1209 150
90 579
781 1164
843 1437
363 75
644 99
981 276
262 389
1048 1045
217 210
956 993
574 612
1135 1329
975 1245
1396 826
876 963
860 1436
547 754
1264 1320
855 1297
1442 996
956 979
900 1245
493 374
224 210
851 1133
114 210
109 675
55 118
992 963
202 144
974 1051
631 712
1394 764
191 547
880 805
469 189
793 1201
1187 1418
417 297
396 1245
477 469
241 233
1351 961
855 1164
778 966
177 72
223 693
1047 249
187 547
935 1245
99 544
1384 941
612 454
1166 634
167 55
512 45
1161 1112
1101 980
1328 1346
150 477
1246 933
326 725
477 1021
1429 1063
1239 1437
400 487
273 170
873 990
659 241
754 495
317 634
326 55
1141 1328
1113 1063
566 150
1051 483
743 396
980 961
460 650
1414 1330
1246 1051
326 118
1049 276
1269 1479
511 392
1318 1437
816 1051
1008 1101
9 741
75 519
99 347
1172 1069
151 579
223 563
1047 764
1461 641
202 754
219 114
29 687
896 548
807 1067
1063 490
855 1210
281 483
922 1384
714 233
475 140
762 1437
855 1130
893 1270
1221 855
1231 1348
1031 1112
1065 914
855 1187
895 1390
468 465
688 979
288 159
410 675
1449 878
1472 1251
874 963
1406 1049
1381 1179
679 519
532 170
855 1064
980 828
29 493
144 623
229 396
809 1179
743 1063
781 822
610 1041
618 726
604 29
878 1041
827 855
1104 1245
410 297
967 1179
1215 911
1427 72
224 87
1185 1479
980 1399
1126 1328
1085 996
465 156
1250 1179
813 539
843 1215
927 1478
1329 1047
70 85
886 762
855 974
865 1328
144 489
40 641
1384 1148
503 575
90 570
296 155
202 623
508 574
85 514
618 394
900 119
363 205
394 461
1047 855
180 55
317 402
1037 934
1421 946
2 238
1092 1164
101 495
726 55
1047 1277
1211 1112
965 1150
1045 855
190 55
922 1357
729 493
264 479
1177 1275
660 514
566 687
1103 1153
568 23
1308 1460
1135 1246
855 1114
75 107
1436 1150
778 1330
144 570
1236 249
974 908
1461 967
1153 1069
1013 878
1185 1041
1253 1134
777 119
1479 1245
1222 1429
1371 1306
1218 1150
328 371
29 409
449 1095
377 737
959 1051
415 241
835 1100
144 729
1162 1461
1128 1153
851 829
1187 1045
490 1463
475 172
568 347
900 1328
843 1201
1000 1301
223 159
480 1225
664 564
1091 885
966 782
1200 1041
838 1209
568 246
824 1430
2 1
1000 1421
1051 971
109 561
144 669
1402 1240
223 1306
72 417
676 1081
935 210
380 622
1321 1000
1161 1135
824 779
880 312
418 641
241 172
980 1205
561 151
568 731
1329 967
843 1389
1200 119
644 202
856 1256
18 55
618 577
1346 1296
467 446
14 687
1408 1068
202 574
536 55
766 1293
1177 1051
1410 892
765 1197
1329 756
1214 1250
570 89
1236 1101
40 35
1478 779
317 483
900 826
835 1437
472 431
585 417
99 363
1195 971
895 1374
524 99
472 547
1053 1052
1274 826
775 810
1429 566
1432 802
512 155
1384 1268
1131 434
21 493
918 781
278 136
1227 1436
970 1245
816 1121
1135 1091
955 1135
1215 1047
1280 988
1313 1306
772 908
1246 885
1084 1081
806 1051
1101 1153
556 374
1357 822
390 483
968 898
1489 1000
855 1065
80 1209
1354 854
1038 1330
21 55
140 570
1364 1206
109 641
202 688
585 13
631 782
843 1009
892 963
767 1055
573 434
273 227
660 75
657 963
436 431
1236 1214
711 323
1371 170
229 514
99 461
977 1293
326 609
1316 981
1339 1459
1477 468
807 1153
335 431
574 323
1101 1392
1479 1172
1101 1435
585 615
1081 1164
930 878
539 941
732 687
880 1478
22 434
449 547
921 1051
438 434
14 818
1237 872
1072 1041
669 493
1488 1489
934 839
483 1479
162 31
177 102
1215 819
454 621
492 78
713 155
935 798
189 535
1152 1223
773 1150
524 514
264 42
652 431
387 46
1161 919
144 687
218 114
669 729
1479 950
1172 1150
454 703
256 99
885 762
1257 1328
909 1000
162 979
56 155
465 323
818 1223
508 564
177 46
814 1455
736 180
861 434
1054 1479
826 1478
387 662
64 170
1223 1191
839 775
688 432
838 641
389 467
1409 1037
610 1051
245 127
876 1306
1061 892
160 1021
1432 885
590 323
409 233
553 248
1191 1306
570 374
755 1245
1047 1172
547 89
14 118
1445 1048
99 465
1295 764
1000 865
187 660
1410 1217
843 1192
1445 1153
2 642
507 1381
851 1231
115 172
406 1478
90 185
1408 980
492 650
224 547
264 75
1351 1101
1244 937
492 726
1381 741
508 377
1286 564
477 189
675 729
128 979
1010 1051
1262 996
391 641
460 726
188 248
953 865
515 1348
296 830
15 481
1101 1371
1412 964
296 729
860 1101
731 1067
729 727
1407 779
1000 995
363 95
156 180
1172 885
492 634
1154 1130
1473 1153
363 288
950 781
953 1390
1282 1408
1153 1461
115 621
612 51
1215 1348
79 278
536 483
1225 480
708 374
178 180
568 18
568 429
289 443
82 693
631 394
2 547
1015 1245
469 154
561 560
1101 1209
839 1008
1361 963
583 798
1175 1346
886 323
340 23
1439 1250
202 564
492 155
1451 1461
303 514
1231 1052
1246 1306
1415 872
927 1179
938 798
681 18
279 155
422 301
736 642
202 589
816 1337
16 579
885 767
280 615
417 431
363 564
427 310
8 574
1028 1389
1222 885
843 1418
512 156
82 591
1179 1463
1427 1463
149 155
1381 961
223 591
1231 1081
754 563
1346 803
773 1392
813 1101
1092 1445
977 979
117 561
1384 1214
775 919
328 754
681 645
118 493
180 591
892 1048
824 1063
1328 1092
934 1245
909 1461
1425 1374
646 641
1427 1112
855 787
417 726
737 622
618 85
56 159
749 245
574 559
1360 1270
843 1008
641 897
1185 1112
27 144
1152 1051
756 729
965 966
914 996
1192 1008
934 1164
826 1063
788 756
699 609
46 229
454 662
755 150
1083 1245
1236 1122
449 53
882 1153
1 55
966 1101
1166 950
191 75
238 65
512 316
1404 855
922 885
1177 1479
434 517
1439 490
1359 980
855 276
574 363
803 855
956 941
144 89
1036 1041
1245 1306
394 756
725 495
469 495
1101 966
1162 855
46 641
189 154
1049 1482
1152 1179
468 566
158 418
507 1109
389 596
927 55
1403 1262
495 35
602 210
765 1277
642 55
1383 963
618 468
1000 849
1112 892
1028 908
550 754
288 729
1449 990
880 1334
755 493
1051 1317
449 389
1461 1418
118 644
981 1055
1146 762
218 297
288 377
781 818
205 170
202 572
1131 168
55 754
1191 1051
202 544
512 391
1458 1041
454 686
1200 1141
852 1430
972 1270
172 297
559 472
431 405
1058 1045
257 154
363 31
1221 1112
1048 1232
762 1095
441 396
5 1437
441 297
191 492
377 351
1153 762
465 634
1231 935
880 1374
1371 963
1 483
1325 14
1214 1000
187 150
241 311
1478 490
1384 1031
956 1051
438 798
1038 1000
1459 1348
288 669
1457 1122
900 817
508 165
736 493
994 1051
250 564
1459 1392
907 1479
1384 1293
1052 1209
219 301
189 641
394 489
1326 1270
53 446
1384 1013
1431 1479
210 1270
512 288
1209 1092
1135 855
144 441
816 1455
829 1437
699 577
1218 762
767 1280
966 1191
561 431
1211 1041
472 669
117 210
278 389
29 202
274 155
538 729
515 204
766 855
1117 641
773 872
181 490
1244 1153
470 641
55 21
1334 1179
892 826
981 1245
1381 1245
1364 1093
699 687
190 155
1444 856
460 31
778 1037
1092 1166
205 454
363 248
1211 539
772 990
1360 855
454 570
505 248
56 467
880 1163
224 150
855 1080
449 119
1053 1430
1372 980
806 826
1217 1223
469 1048
883 539
144 137
1117 676
172 644
1152 1086
1325 1337
612 154
935 729
775 883
1317 1055
618 167
950 1357
981 1445
843 908
574 21
90 189
219 187
468 615
155 535
1459 1461
1215 840
72 155
305 453
741 1051
14 570
99 90
217 114
618 703
971 944
644 693
659 171
46 563
856 641
1041 1250
24 798
644 609
1192 843
1009 879
610 431
387 480
100 438
1192 1245
1037 1201
896 798
461 967
927 961
512 347
568 446
21 301
568 318
1367 996
1463 756
512 394
326 417
788 323
188 155
1047 1245
99 675
993 855
1414 1045
177 493
1065 882
1004 431
765 1245
1410 1245
1224 1045
604 493
1152 669
1149 1051
223 514
191 335
1280 1051
1047 949
1427 810
512 55
943 1008
559 159
493 676
1471 855
1044 1245
1041 930
1345 963
347 577
585 389
524 278
998 1191
1410 539
46 55
410 341
778 1153
79 40
22 615
492 642
1459 1277
229 46
472 687
512 623
619 729
1041 980
256 570
755 575
1000 900
90 431
754 72
347 150
650 640
1387 1000
773 1191
966 762
512 144
118 150
669 1112
1255 855
612 574
93 979
610 756
947 1245
1431 1041
1028 980
1221 1091
880 1048
570 634
202 489
1128 1269
1419 1153
1286 1245
1421 855
539 664
644 489
1409 1277
1117 170
855 1420
1402 1293
1250 936
1054 1185
512 276
806 1172
468 16
155 46
1471 1163
927 312
773 1152
1362 952
1280 1478
980 1209
202 218
1459 1360
882 962
816 1245
1108 1231
702 605
28 155
431 347
974 855
615 202
317 434
631 798
602 434
579 570
726 23
574 591
1236 1475
72 641
1101 1330
1185 514
618 483
256 641
535 159
839 1101
387 579
676 13
477 641
762 741
777 1390
187 446
387 192
1176 96
1475 786
187 297
922 312
764 170
1112 1223
434 55
187 417
1162 1245
1049 1101
1126 862
1220 1201
835 936
138 229
982 1437
813 767
508 671
1000 904
229 687
900 1429
40 124
1150 1153
1041 798
1360 828
454 202
934 1270
393 264
396 209
483 119
981 1021
431 577
1479 980
472 493
172 72
137 644
132 727
45 544
1041 1463
167 389
1150 1445
699 405
23 55
1317 782
1000 1036
1209 1461
1163 880
472 712
55 650
238 535
1222 1478
669 394
1396 1153
988 1051
1244 1159
1384 773
1477 191
99 623
20 89
259 493
893 1437
27 1479
16 570
55 22
966 1429
288 75
1020 1381
1414 1479
1431 1438
813 826
892 1315
1072 1455
362 155
618 446
566 642
293 729
1101 1166
189 441
489 519
772 1220
15 391
278 1055
669 495
532 449
1031 1306
19 979
448 434
1172 1051
1037 900
99 727
1439 1270
109 446
293 641
806 956
503 155
1236 55
1459 855
1478 762
399 650
737 1380
345 1463
973 878
574 40
900 1232
14 119
99 483
743 577
1482 936
16 1051
935 1051
1054 1008
1463 1063
223 726
855 1329
1119 944
101 564
781 1067
568 191
363 472
1192 885
1360 535
935 1447
1101 1068
1163 1121
223 156
180 729
85 323
1226 1000
1381 297
1247 963
177 547
56 297
168 451
68 641
865 1000
1192 1153
953 971
224 393
1164 1330
634 741
162 155
612 621
1000 981
860 1051
765 155
768 1055
1402 1000
1369 919
669 483
1307 1437
468 693
180 145
544 963
1037 930
1053 1101
259 441
295 417
13 323
244 363
144 23
562 483
192 979
1374 1101
468 118
479 564
641 367
1482 1153
953 830
512 39
855 1219
1004 1232
1135 933
645 189
835 1391
1103 1269
75 577
900 1461
241 483
363 574
1408 949
822 1455
585 699
278 155
920 854
118 461
101 137
202 577
972 514
1054 1041
966 1172
1259 1260
956 974
835 1153
1434 855
650 687
661 493
855 1085
99 519
644 468
754 371
856 810
1258 676
1381 493
618 604
168 155
1250 1209
1374 988
239 535
1051 150
101 118
947 1086
1223 1013
16 741
1231 816
428 23
1161 932
711 547
727 55
477 595
932 826
953 1437
371 756
1421 775
299 298
587 154
984 1270
934 822
1108 1418
1459 1217
1103 1455
1047 798
793 1213
100 210
1191 1422
793 786
1167 842
793 1389
993 1277
178 301
1216 802
1441 741
1334 1037
121 155
347 468
1209 1479
940 855
493 402
618 623
325 1159
1092 1330
1058 1000
1310 1108
1408 1045
2 144
472 644
963 1086
568 861
585 252
136 1122
137 288
1342 539
839 919
72 556
1427 989
101 642
157 114
1217 782
1275 942
259 301
943 431
973 741
535 641
1352 483
1054 768
573 561
1047 952
13 150
177 405
1224 855
612 202
1104 803
1461 1086
852 1356
1036 1245
1406 767
454 444
313 165
1430 539
512 241
1321 793
72 202
1404 996
387 714
1166 1463
560 301
927 967
387 461
1150 1209
824 741
791 798
856 1041
1218 1172
1163 855
935 782
1001 963
72 13
1449 1048
249 1245
664 405
842 1101
1044 1069
781 1427
714 180
189 556
1445 1479
210 637
1334 822
1101 837
612 741
1152 810
42 55
167 644
335 55
1246 1348
1125 1330
762 779
909 1152
806 993
1131 36
1399 1191
264 181
860 1156
490 1086
1393 1437
640 155
170 155
1321 868
191 276
13 72
1274 1411
944 961
368 441
1429 1317
2 687
256 102
1058 945
597 1245
498 669
1410 1306
1133 1268
1191 907
1270 442
1044 1152
431 189
137 89
55 27
501 323
887 500
1329 1479
219 23
830 1112
886 1461
468 144
479 1381
762 1268
1352 1455
1125 1055
40 75
685 535
27 641
115 824
1335 1277
218 495
788 477
75 55
118 641
1268 1429
644 547
417 756
16 1179
961 615
1004 1112
31 297
256 405
363 441
315 798
99 577
620 180
615 559
1387 1052
1054 1427
1463 1045
1187 1268
1461 1101
1439 644
1320 1152
574 547
773 764
374 75
1459 1306
574 218
664 155
1055 276
110 323
1085 189
1420 1306
