998 944
681 24
469 591
967 442
570 14
1000 803
508 278
1162 1461
1000 1105
835 1250
598 405
123 155
1459 1479
585 297
178 55
489 547
880 892
694 323
561 729
75 467
1231 1063
1052 995
402 472
1264 1051
861 55
492 615
1402 1112
793 1065
132 301
1413 1106
1091 956
610 155
1071 1164
703 641
974 971
1047 1095
1387 1000
1101 817
40 566
1332 990
15 233
568 544
1384 1418
934 1346
113 996
1211 1317
980 860
140 441
1052 966
600 1148
535 514
1352 1217
182 666
1028 1041
72 729
87 224
489 55
99 591
361 524
729 145
1000 793
1052 1437
762 1296
434 465
831 1255
1063 483
1473 1328
191 202
1384 1153
1280 1164
23 535
680 55
82 140
702 575
295 155
1398 982
570 387
512 189
1202 856
1232 1101
934 312
172 726
317 431
1223 1134
1063 394
585 55
418 210
775 779
585 391
1402 1252
1162 963
1133 1390
167 323
596 405
575 55
851 1329
901 1000
432 75
1477 575
394 150
669 539
14 301
577 754
818 78
1420 856
560 180
75 660
118 483
1238 276
1061 1330
568 1
615 35
1469 1164
1423 1191
1041 1153
1047 1306
1381 936
288 741
441 55
399 570
119 961
508 44
966 1463
843 1000
559 687
773 822
892 1315
1185 786
878 1153
1406 1055
259 519
1487 989
316 167
1057 1045
1459 1250
1161 1069
892 1409
587 585
1328 762
1253 1461
688 399
778 1330
238 321
1364 1366
1121 1164
1117 323
1185 1455
880 830
1250 1041
484 1179
574 377
249 1328
1334 855
1008 855
1024 941
980 1359
387 75
512 301
454 119
1211 1041
1048 1306
855 1165
709 514
1047 1158
40 634
172 687
1222 764
1172 1150
816 941
1296 764
1150 1245
1200 762
818 493
167 512
612 729
326 35
211 389
813 817
40 642
764 1479
563 644
1435 1177
259 441
838 641
1245 1429
1162 1463
1300 855
1384 1031
1438 1134
296 963
1250 1381
1061 1051
806 1179
589 468
1412 1164
436 585
332 941
477 1461
1000 1438
1451 1390
1049 944
1246 885
40 570
1280 798
46 155
479 405
1348 773
1260 1260
1425 908
880 1185
333 170
699 323
1275 878
1135 1070
694 297
1061 878
644 29
1047 1045
669 798
117 438
980 1472
363 641
787 843
1172 1051
89 1041
1162 519
118 535
1113 892
1429 1013
615 40
1232 1217
468 187
508 449
880 950
501 687
856 1256
1051 442
218 936
55 180
219 187
363 18
144 604
998 1306
418 756
645 483
1254 1052
472 547
714 434
100 154
191 700
642 514
219 660
911 349
1309 802
1394 764
1037 1065
387 676
90 301
24 434
1371 963
1003 1430
1101 903
402 23
1425 1041
363 492
1287 1251
604 483
227 55
1103 1049
1125 1122
1313 1306
300 729
363 551
544 564
89 1153
249 55
762 950
1000 1321
34 553
1223 150
1103 952
434 664
1113 837
644 563
492 405
1274 1051
144 351
980 1081
1172 1081
75 756
238 2
119 564
1413 1166
219 154
903 1008
1163 963
1054 938
72 642
317 155
1163 1055
282 65
390 1051
727 1478
1048 1269
1427 1479
40 172
660 405
1117 1232
1165 855
644 102
840 119
535 180
711 55
589 1055
1267 805
967 1051
332 956
1041 641
967 1430
1149 963
1000 1187
950 1437
1211 1461
778 980
489 492
714 483
1164 767
72 187
470 729
1055 1463
930 1275
1108 1146
1038 1330
394 405
1326 490
524 16
202 170
583 591
778 1215
781 1374
1333 959
493 371
775 814
361 572
563 323
93 979
264 180
1104 1408
1410 1091
1308 963
165 508
1482 822
604 233
1092 1445
444 155
566 180
956 1052
1101 1345
1125 779
966 878
842 1101
481 162
40 399
393 264
1214 1478
676 454
387 642
489 472
1396 1069
1328 1092
368 160
1161 1122
493 726
560 55
75 615
691 145
1140 1086
1364 980
781 1051
1475 1095
615 155
1024 1051
387 29
1047 1325
85 547
815 1479
224 1001
501 434
973 741
46 347
377 351
1187 1293
259 483
363 374
224 46
568 102
579 468
1436 949
1411 1048
626 389
2 154
781 1337
1348 810
536 73
1413 1051
1000 1062
650 154
1413 782
1437 1041
1192 1126
703 99
1461 1463
837 1437
1445 1330
387 259
10 1063
1166 1091
1269 837
536 155
777 119
387 677
512 39
1413 1095
956 1245
202 688
1374 1170
431 650
160 170
525 453
568 714
535 99
1479 983
1254 941
726 563
1459 806
1407 1463
1103 1463
1252 1271
974 1051
1231 851
1047 1209
524 109
1317 1179
325 1159
699 727
15 564
157 434
824 1112
1003 792
1411 830
807 1191
911 693
676 1463
1015 1172
816 1277
836 1270
855 806
1229 664
1135 1122
185 167
475 85
1384 1095
880 1296
72 405
901 1112
387 615
172 489
75 484
1371 170
893 1164
634 65
1325 1245
1101 966
10 641
363 564
843 1372
387 591
22 500
618 754
14 563
966 1112
332 729
587 259
1310 1000
99 714
99 461
460 189
754 23
1149 1179
993 1459
610 1112
150 405
259 363
762 1390
189 227
55 31
1374 878
1185 1133
14 154
1236 55
612 189
591 75
778 1472
1482 851
585 335
816 1325
747 454
460 677
525 514
1411 980
378 687
205 687
1482 1330
1236 1412
1435 1390
1431 1245
937 1191
1135 826
144 492
555 15
711 323
1220 1172
165 391
1008 1209
1457 793
676 55
538 741
1429 566
781 1445
1004 1045
1115 1044
1220 1338
1270 1245
1410 1392
1096 1399
205 55
1194 855
927 1179
885 1112
857 933
100 75
469 155
144 18
835 1112
573 218
1231 862
467 89
1479 762
1191 1330
1473 549
484 798
417 570
21 55
618 118
927 119
1117 990
1038 1051
1223 119
454 7
391 155
1135 996
699 642
224 394
560 675
21 561
1408 1399
1037 276
880 249
1125 1390
172 405
55 27
1192 1112
147 155
688 623
704 664
729 650
938 837
177 78
508 604
2 547
855 1006
1007 1269
90 634
469 347
316 245
935 1164
1413 1144
524 35
781 826
1135 1091
144 137
561 669
499 119
1112 1455
55 363
189 405
943 1317
956 1069
99 570
1269 1101
238 623
1101 1215
345 878
618 495
508 671
1325 1337
1227 1245
238 422
927 323
1076 1203
472 712
68 963
460 570
856 756
1047 949
467 446
387 454
393 181
755 154
1209 941
737 1112
211 944
170 155
1185 1306
326 172
573 477
660 154
512 167
1187 1390
449 493
573 191
264 191
901 1051
82 85
434 204
880 1232
1140 535
659 160
1215 972
1361 963
1101 1350
337 454
935 729
418 490
1108 1051
117 1051
1036 792
1221 880
1476 1041
1461 961
1277 897
1185 1330
1000 1065
1140 944
441 563
256 641
394 187
1101 1191
229 159
512 156
659 30
781 1478
1041 1269
560 669
777 1360
1352 1215
468 417
689 138
968 862
650 514
754 371
1187 856
585 729
612 75
1461 642
1096 1245
649 512
489 577
813 1437
389 72
1459 1373
1425 1245
1325 1063
1384 775
1003 1112
278 1055
103 82
1125 1153
99 460
962 1461
1394 1164
583 159
1351 1346
568 1229
82 579
956 830
363 460
1037 900
644 371
895 792
916 878
1000 1307
210 114
202 99
1360 1051
1276 1051
1125 1051
855 972
1041 1112
56 39
711 102
177 472
1047 1158
303 301
155 391
566 363
56 566
1337 810
623 465
1401 1209
921 818
882 855
570 577
660 172
144 650
1187 1153
967 1325
762 1269
570 27
1001 23
1256 1254
1177 1463
296 1430
493 641
1439 1245
989 1000
492 13
259 651
436 642
1329 1250
431 210
959 878
921 856
1232 1330
944 961
73 189
1463 1250
1320 1277
460 641
307 642
1430 539
768 1177
1199 762
22 387
109 434
612 99
1246 878
187 297
1162 996
467 563
264 389
1309 1051
496 172
1000 1454
874 963
775 953
1082 964
307 155
1051 1013
535 480
1329 802
1429 1152
935 1231
1290 1041
855 1472
596 726
1135 1191
806 1150
132 449
512 493
492 564
1457 1152
1339 878
264 155
953 971
363 389
56 118
1396 1153
1065 1444
980 979
1215 1349
16 579
855 1389
572 489
218 729
775 1364
150 323
453 729
1482 490
390 1139
669 642
1315 919
1055 798
362 155
1236 249
1381 741
209 519
731 675
396 1245
1052 956
806 1148
1329 677
618 467
1416 855
726 591
181 233
217 431
699 189
1404 855
410 102
1082 944
768 1455
835 1152
1333 1101
688 170
1000 973
1152 729
699 15
1057 1058
1092 1101
855 1394
46 323
1215 1437
925 1159
1321 1185
1351 1277
483 431
140 577
313 72
202 468
41 669
763 878
31 563
806 1172
202 591
363 396
1214 1218
781 818
880 1071
1266 932
539 1063
1209 1223
729 14
1432 1463
203 1000
1273 1445
1426 908
492 1229
454 189
664 512
709 170
1364 1153
124 735
167 155
1191 1000
1375 1437
1444 1322
671 424
177 204
1425 1309
556 115
477 564
975 170
1387 1172
418 218
729 493
602 323
1168 1270
1101 907
777 1215
880 779
99 551
1218 1116
560 35
856 859
370 979
489 16
1384 1179
816 1270
855 872
1215 762
1162 1306
1413 944
909 1152
162 754
1113 826
1200 885
1384 1328
892 822
90 547
922 862
1436 539
644 446
1037 1185
489 563
132 88
180 472
1325 1179
454 693
1385 855
847 990
1108 930
856 810
570 512
241 55
824 1153
1410 1253
935 1296
238 634
224 154
754 693
18 574
988 1429
15 189
256 172
1439 150
1071 312
217 1478
140 363
1048 1479
1177 967
967 826
1081 1153
806 1101
1252 1112
536 623
1318 904
861 434
559 641
1202 1245
1161 1437
837 1482
818 798
1020 885
736 642
1348 990
856 835
95 726
273 363
1394 1051
1185 880
935 817
601 78
1277 885
646 641
1408 1081
29 450
29 609
572 2
1439 818
981 805
1117 1437
547 441
762 1214
886 878
1128 1245
935 855
562 55
855 1369
1320 932
855 891
95 754
1277 837
1101 816
568 575
907 919
177 72
484 489
1264 855
953 1051
568 446
835 1270
927 1325
1257 1461
900 119
664 75
1473 1153
167 660
219 634
31 541
892 1179
602 664
1429 1055
1427 936
1225 115
1414 913
916 1045
1162 1245
934 1112
525 114
1125 980
257 154
1275 899
353 16
1335 490
1384 1399
596 756
892 1136
600 1183
1221 781
921 798
605 65
378 170
385 384
1414 1232
410 694
1052 1081
1427 798
1352 993
288 754
1103 1121
454 483
1053 835
1430 301
467 669
897 1277
156 756
31 677
1053 1081
353 441
1332 979
568 22
807 1306
109 85
1461 826
274 363
241 495
190 172
1223 1277
961 615
1374 1121
190 519
865 990
1329 1437
168 283
16 563
1413 932
479 1270
181 393
1215 778
660 233
24 610
1192 826
1191 973
1458 1153
316 536
747 150
664 363
612 461
387 547
1384 1413
368 441
886 1357
524 550
1131 361
838 1306
1161 1479
100 480
155 233
980 1351
909 1293
1185 1293
1479 801
150 1063
1287 892
1426 855
163 170
332 55
1040 1112
29 644
918 1395
1231 440
664 642
2 155
660 167
773 1150
72 564
743 150
1321 868
755 417
860 930
585 441
70 155
1478 13
667 85
1334 773
227 189
618 727
253 167
814 1172
410 55
1236 782
1003 539
775 927
1414 919
305 641
1185 1435
1351 55
865 1041
1313 1159
189 180
994 979
843 787
743 13
1109 1051
15 351
211 798
1341 996
781 802
1246 1339
1362 990
492 97
981 1306
781 936
417 756
46 172
377 143
1246 961
1367 855
855 1304
1103 944
14 650
117 155
1384 1154
72 756
1037 865
579 301
909 1478
880 775
115 55
40 55
1444 996
547 837
99 574
941 1401
296 490
787 762
46 547
393 55
202 180
243 55
496 331
764 1172
189 461
460 31
1162 1317
1463 1360
865 1153
427 564
177 588
1295 1150
427 155
1180 301
598 35
1313 1461
109 818
631 1463
765 1463
288 493
1394 961
886 1041
1199 1081
118 664
56 22
915 1306
967 394
224 547
560 1479
1177 1041
835 1437
972 1049
659 503
721 1051
1085 855
1209 919
191 278
468 130
610 431
1482 1122
817 1197
1185 1222
1076 963
775 1130
561 493
189 644
850 979
644 687
18 642
826 1245
1305 775
1463 490
660 641
358 434
856 909
512 191
501 218
765 1153
468 712
1163 1222
1411 1301
855 818
495 468
218 460
935 1334
1461 835
1162 1390
566 650
202 729
363 35
1246 1045
137 180
180 202
504 495
856 1317
1404 775
1317 878
754 493
80 1209
76 979
956 1013
956 1063
1048 1172
191 389
749 245
1000 1088
618 363
99 489
574 559
99 547
762 1270
1352 1317
1126 965
377 155
1078 963
556 621
1249 1437
1296 762
481 431
189 154
389 493
189 417
1234 979
1329 204
676 180
72 465
856 1298
765 1479
1076 1123
1468 990
615 676
589 756
512 741
468 118
40 402
1161 1021
1131 301
40 483
982 1479
676 31
1000 908
874 1008
1479 1217
1191 932
944 1413
410 227
1275 830
46 83
568 736
900 1092
1384 1013
1177 826
1280 856
288 591
1061 1240
1010 1330
1088 1293
966 1150
1141 919
602 434
524 587
180 55
1246 883
202 55
823 1245
434 623
1209 817
688 484
935 878
953 1101
45 564
515 102
660 535
417 754
587 204
1200 1041
1362 1269
747 155
857 1306
402 85
38 377
814 919
900 1112
1456 1374
14 570
18 495
1054 1306
547 664
1162 641
956 1436
422 13
204 13
1392 963
1195 810
1445 1209
1280 990
956 1455
524 754
892 1306
826 1051
773 1191
880 946
288 323
818 1063
675 741
1101 1251
410 641
644 676
1445 1172
2 642
341 75
180 72
1430 1055
165 649
623 564
389 167
1031 1270
317 402
1334 1209
801 1306
191 662
434 23
140 472
618 687
188 248
930 1112
469 1209
24 102
1051 961
202 394
495 570
40 495
56 535
535 405
219 604
75 191
125 145
755 16
1163 959
99 189
1309 1245
1351 1081
556 405
191 578
363 547
1187 1435
883 1051
1103 1191
1329 1330
191 642
934 1479
1426 1063
688 155
1250 1360
556 468
123 323
223 798
615 99
935 535
644 634
1007 623
852 971
726 118
743 577
764 249
190 741
835 539
1231 935
469 89
492 297
640 574
390 1337
1101 956
1431 1055
816 1306
1242 855
773 1141
157 115
1092 935
109 574
953 963
56 676
824 729
933 1232
468 218
855 1081
28 341
1161 1013
82 75
1412 1153
824 480
650 233
469 460
1004 817
1365 1051
1210 855
568 477
980 869
539 1051
241 764
1394 963
816 1436
824 1360
1009 1351
1015 1045
1135 786
1108 1308
144 85
966 1459
18 55
936 729
1231 818
290 547
172 99
725 326
1301 1000
1249 1390
687 55
856 1069
1055 1437
556 323
775 907
1475 1214
935 588
1113 1148
90 245
1482 1270
87 278
880 818
895 1374
1321 1293
40 405
95 371
156 180
1101 539
1049 1121
596 1229
1131 568
824 830
1117 170
189 150
1194 1245
68 579
618 172
1195 1427
730 220
493 547
1153 155
180 585
493 675
813 1148
729 114
839 1048
835 1417
222 23
1381 493
1482 781
389 399
387 363
137 642
495 72
1374 1112
479 145
368 642
1163 1121
1115 826
892 276
583 114
156 990
676 288
489 650
189 664
1154 1000
202 89
1038 1000
566 756
1352 963
935 1390
1185 1429
14 1325
855 1129
855 1158
886 1461
84 798
432 55
1135 856
1375 810
560 615
764 1399
1088 1270
191 512
481 297
980 1092
1280 767
618 16
1131 1229
1401 1429
856 1408
664 634
826 490
775 1372
1000 1150
469 493
1037 814
1383 1179
927 1461
1231 1209
257 150
1031 1461
189 102
363 517
1383 810
387 589
626 55
835 1041
1329 919
828 1164
856 953
855 1264
489 756
796 988
1301 1437
737 798
492 180
980 1277
566 609
1333 961
851 1374
644 483
125 729
137 72
383 72
1278 930
855 938
1152 971
1215 1095
589 572
1329 1021
805 1245
662 170
144 72
1246 1437
406 1461
351 399
831 1455
1309 1430
202 566
1000 1244
1256 1101
927 779
525 155
765 786
524 34
585 301
46 492
1236 1101
151 191
93 514
823 1055
1131 323
130 798
980 1348
1106 1352
1037 1406
1214 1209
1309 856
278 224
702 434
326 495
1270 1153
1227 855
138 140
16 669
618 144
856 1100
1231 1158
505 248
16 634
289 434
1191 1038
460 634
773 1446
1482 1041
1041 1330
559 547
75 347
1081 855
1155 1055
1348 1153
1437 855
688 649
1303 1148
613 575
259 46
87 229
787 1126
68 405
387 741
1388 963
1131 669
1384 1055
900 963
1419 1298
1189 118
612 115
389 664
1459 1360
618 394
439 1380
454 370
881 1037
1238 1461
1366 874
1436 1369
781 956
469 609
347 644
560 72
1328 1245
965 855
1130 1215
35 154
1217 826
1101 1144
493 396
568 168
492 703
144 363
935 1277
664 210
1051 762
472 514
469 431
277 155
1095 1218
824 1277
165 660
772 1101
561 118
1372 775
1166 1478
219 535
1461 1478
765 1122
1000 1191
188 640
612 399
1335 919
855 276
775 1080
180 154
652 641
1 367
264 75
830 765
900 1177
644 374
56 23
615 754
1401 729
855 946
935 1112
862 1108
1217 1479
82 584
1374 981
1037 1489
267 1394
219 394
347 566
1237 919
374 13
524 89
1439 1063
40 641
805 1459
566 13
1131 736
921 1430
729 405
946 857
501 641
99 517
1133 1423
896 548
72 591
998 1191
1082 1144
1162 878
480 642
1345 1270
394 585
1409 1245
1177 1356
1325 1223
1275 942
1135 944
1047 762
561 562
961 1270
830 1153
1200 1051
202 687
1127 963
1286 878
187 460
875 1479
936 1478
1479 763
1152 1430
855 1015
703 202
118 726
1041 1482
1291 1455
1252 952
1223 1478
1410 1337
1117 55
1459 539
1223 782
441 155
9 996
1061 824
644 288
10 55
669 1317
245 127
1223 1245
1101 1041
481 155
566 347
756 396
109 729
855 1128
1236 798
727 566
1154 919
310 29
900 1245
1103 1401
317 441
754 39
937 878
674 241
1200 1141
113 1179
634 726
480 115
1186 963
167 154
564 323
934 588
772 1270
1407 1051
793 973
947 798
1163 1427
364 564
668 431
434 637
982 810
880 1112
1482 1164
1282 1101
579 754
1362 1048
1402 1240
886 649
1244 1348
855 1351
762 773
1103 1418
1135 1348
892 788
223 1209
477 347
356 495
524 399
72 434
1024 1346
532 89
561 72
144 210
489 391
118 371
1439 1330
467 644
121 483
1276 1245
211 55
244 105
453 641
1315 155
1459 1008
363 233
971 944
1325 967
1309 1305
813 1245
1101 930
647 468
1313 1051
980 941
1419 963
317 650
777 818
618 570
830 1112
118 727
1054 500
347 118
1222 824
363 154
1025 1112
1435 1051
1326 936
1387 1052
1410 919
1215 1000
1061 1086
918 944
75 460
688 979
1187 276
570 202
1177 1295
501 417
1051 1223
477 1063
955 1245
551 155
1351 1051
975 1232
602 85
642 1051
40 612
765 1101
281 191
1231 1420
847 1245
852 919
1246 1360
992 1330
264 726
55 644
317 78
754 441
1410 1123
361 563
1274 1455
1054 823
350 431
787 1441
241 85
775 1145
1135 932
823 1041
1351 941
1217 1223
1185 972
1200 1191
907 1306
1220 855
612 326
1108 1190
1191 1195
1222 1209
855 1211
577 180
1482 312
774 971
574 501
1461 1112
15 547
1052 1172
1125 956
409 623
604 560
56 561
