227 979
501 218
217 1021
1246 1461
838 55
1286 944
18 604
974 963
935 961
1007 835
1153 878
1414 1153
1239 1245
1172 1069
604 621
956 405
238 145
568 661
1000 943
390 55
2 204
29 31
77 155
1438 1134
661 495
1384 1041
191 99
807 1055
1004 767
953 1051
880 500
1048 941
288 434
1439 782
383 155
1 644
855 1054
1410 1121
922 953
40 229
241 941
16 579
1339 1231
1381 297
992 1232
909 1251
1479 483
1239 1270
727 297
454 650
449 493
1278 1000
524 477
1423 1359
85 547
451 405
417 89
807 941
288 729
660 209
377 671
503 637
980 1306
202 566
1217 1232
762 1422
1191 1013
1140 1306
539 756
475 75
20 591
873 1209
75 35
934 155
468 936
972 1152
824 885
921 1055
189 664
953 741
56 756
1113 1153
492 297
207 547
1351 1346
498 165
838 941
241 8
1412 276
109 1229
596 591
754 1063
880 714
29 55
296 1245
1101 539
1408 1091
547 393
1458 1041
454 566
118 144
119 1041
972 883
399 512
453 396
788 1381
1223 1063
1166 826
142 941
981 1055
856 855
224 441
156 467
1472 1251
1231 872
75 650
1063 1250
113 729
288 741
612 273
223 642
24 535
378 31
1236 1055
1202 952
180 436
1385 855
1031 1055
118 405
855 1374
559 1052
1459 880
909 170
1096 963
1020 990
46 363
1459 490
1403 963
256 570
190 519
46 85
417 145
512 495
524 405
604 218
970 1245
806 856
1101 1179
806 956
855 1489
264 218
1000 1085
172 405
765 535
931 1330
1177 1121
993 1317
824 1430
1411 1301
1128 490
1362 1209
187 189
1024 1437
1180 1112
829 855
699 210
765 791
1412 1055
1286 810
1037 892
1446 741
660 371
747 363
1047 1191
101 65
55 483
1383 1172
1244 1348
1412 1306
855 1458
1104 729
640 642
900 822
142 664
99 14
14 1461
826 1153
431 669
1407 952
1051 1277
574 21
72 642
669 936
347 642
1166 1463
1440 1021
481 78
1131 155
967 944
431 729
618 524
332 539
204 55
299 64
1203 1330
711 493
932 919
1482 1479
1154 1306
617 729
1015 1000
46 726
535 642
1053 810
363 669
1456 895
288 726
1334 1479
75 282
875 963
1222 1461
781 862
87 155
577 172
793 934
1422 762
1047 1399
644 29
205 514
1191 1164
180 72
900 1306
1164 810
40 191
856 1051
1162 973
1217 1048
1457 1164
137 650
29 162
1162 996
224 102
1250 1360
363 55
1236 1461
219 316
892 1041
460 417
22 524
158 418
1028 1041
144 297
210 512
1253 535
816 1063
699 434
394 417
855 1301
454 461
363 609
1127 996
224 155
966 1209
1231 1392
121 641
1352 1317
399 155
773 962
1083 1390
806 792
967 798
1103 892
1418 1153
676 644
1423 1133
664 210
1215 1179
585 55
953 922
503 641
947 1306
40 248
765 609
737 990
793 819
99 472
953 824
652 72
467 693
387 676
167 687
715 55
764 1296
855 878
72 249
1185 1293
479 539
151 579
754 446
1161 919
40 402
1000 979
1422 847
1062 775
880 1348
613 127
1057 971
434 641
981 1427
283 159
886 878
1104 1459
585 579
1396 1045
189 650
217 210
41 669
855 1141
1436 539
179 744
451 55
493 155
1062 1153
377 449
907 1328
288 756
140 729
1401 490
187 118
1262 1403
1054 539
55 399
191 393
1308 855
942 1101
1411 1053
760 963
1461 14
1105 775
113 301
615 347
1096 1112
1245 826
75 387
1061 963
688 589
1214 1317
1362 762
1195 971
664 564
1041 1112
524 22
1345 1179
288 97
610 434
1191 1325
1200 878
524 561
524 535
781 1250
851 796
29 687
441 31
1222 1051
224 579
1015 1159
1381 1478
762 1086
942 1122
864 952
1081 1051
1063 1270
935 980
417 493
1246 990
1154 775
855 1146
99 210
1360 1253
1414 855
374 563
755 483
618 480
1051 963
708 483
1427 1437
808 1048
1444 1164
438 155
1135 490
155 39
967 1461
886 958
167 323
727 664
512 89
585 587
151 588
1231 1399
855 1441
669 35
556 468
477 973
688 278
788 727
1161 1153
1253 1461
927 1112
58 587
1339 786
1471 892
241 155
278 205
1218 1328
617 641
835 1391
1250 1223
118 727
15 130
1351 664
881 879
1427 798
99 467
587 170
775 1150
781 818
1482 1112
1103 1269
361 563
156 465
824 480
1152 1222
1430 932
966 1197
1048 1232
1096 1070
1372 1437
1192 854
535 460
943 1430
218 99
361 387
676 650
202 604
87 278
813 865
618 703
713 85
835 1325
73 642
268 645
895 1153
610 467
99 90
855 1339
75 405
536 180
1427 642
585 301
885 1429
117 154
883 1209
480 1437
773 602
217 23
570 27
1063 932
1321 1227
568 498
503 568
99 363
805 170
150 100
454 736
524 693
579 297
273 155
880 1008
722 85
855 1130
1223 1209
1217 1223
1315 1051
363 394
477 1209
807 442
1325 818
504 495
1104 1091
377 33
1041 856
87 224
855 1220
786 1245
507 641
1040 883
417 483
1346 855
121 741
524 99
688 170
189 736
950 1101
635 155
1459 641
335 431
21 218
119 1112
46 35
828 1158
861 568
379 641
422 155
1427 936
374 574
585 150
1306 855
218 323
1236 971
95 341
189 535
1061 919
1239 1232
1394 323
930 878
961 1270
1237 919
736 15
880 1479
1430 826
311 514
223 55
843 1201
202 574
297 55
363 39
900 826
181 514
480 489
1040 1051
13 641
585 394
921 798
431 347
167 493
484 687
675 172
966 1053
24 610
144 417
70 75
817 1437
559 519
886 145
387 477
155 154
1346 764
993 1479
1209 885
1101 835
307 979
1185 786
1166 963
570 297
1244 814
1360 980
1482 786
703 563
1226 1051
1360 1277
205 515
559 1389
444 579
1439 434
912 979
851 798
24 963
1413 1418
1308 996
1047 1447
1409 1041
477 908
590 591
765 1459
623 55
204 180
481 75
1051 1041
824 826
589 564
1135 952
1280 990
123 85
855 1156
837 1270
587 609
585 1233
916 1245
2 641
1459 1101
229 46
574 363
1410 1232
55 144
1427 1153
18 323
943 431
444 727
238 102
1282 963
927 1325
1031 1270
363 65
561 446
1423 1218
144 575
1162 826
144 669
431 687
347 591
981 1036
1290 1101
953 814
90 185
1475 1000
1257 878
189 460
1275 810
1041 1162
335 963
561 579
1177 1295
936 1086
492 118
483 729
1413 932
1295 963
1088 1222
956 1250
296 519
363 612
417 642
818 1164
855 1470
587 300
1410 936
664 180
1101 1008
784 855
1161 1179
64 741
35 442
843 775
1303 1112
645 180
1309 1305
1215 919
1009 1028
1393 1437
1092 762
257 465
387 480
1052 1095
1346 1135
191 297
688 609
938 963
454 745
454 39
604 1380
791 798
1185 993
219 677
836 588
311 641
512 8
278 323
568 329
814 854
880 883
971 1045
137 118
29 644
45 564
1152 490
1054 1479
1475 1427
1418 1429
943 1000
1209 967
1389 1000
479 167
892 1317
15 729
536 641
1419 1067
209 535
378 687
1212 155
356 741
729 16
16 493
781 1153
110 323
1430 119
781 826
1047 1209
1028 276
1031 1437
99 634
1214 837
1351 775
229 180
454 640
1351 1112
394 1051
1212 1053
855 894
1328 1092
99 564
787 1112
480 726
1185 1429
935 1041
75 519
755 218
781 1152
73 35
1313 1356
389 641
645 634
1037 904
55 22
257 155
938 855
743 396
454 150
14 1317
699 634
1459 1293
454 264
1210 1008
1359 1051
1081 1245
1317 1112
1036 963
801 1479
431 417
288 115
55 218
1414 1384
1210 1159
1412 1123
972 1245
218 72
1411 814
671 424
747 55
454 494
1439 1191
1009 879
298 55
805 1245
477 218
469 115
389 644
619 641
1063 1463
736 323
644 591
22 406
788 1430
855 1474
415 687
1222 1088
323 55
1351 1231
669 1041
85 514
219 23
652 431
972 1049
943 1051
1007 1092
253 167
824 779
1436 941
1473 1041
363 693
755 31
855 1270
12 155
900 980
313 155
162 99
781 1166
1408 1021
620 634
880 974
963 1086
1052 1447
1054 1411
796 1000
1408 1041
824 1461
9 210
1125 1306
556 489
1052 1479
644 1179
618 446
399 136
1479 826
972 980
1459 1478
756 493
922 762
180 205
754 144
493 483
264 72
1216 155
492 389
363 133
119 687
574 547
40 712
919 777
1275 1065
772 1179
754 570
484 493
1217 941
635 564
347 154
726 729
1152 483
568 337
612 65
916 963
1328 1153
737 730
454 642
1436 933
1274 1455
934 1051
34 1028
326 726
560 55
100 641
574 693
16 535
1223 782
479 1463
219 561
144 21
141 248
699 189
1185 1330
1461 786
140 650
982 1429
1382 1101
1360 535
144 798
579 467
858 1356
172 641
1227 966
24 391
377 31
238 389
1162 1121
118 547
1028 810
1161 1245
1329 1048
454 358
1384 1356
1131 664
566 301
814 1437
177 591
570 85
1114 885
1245 1317
1333 878
998 818
95 233
1229 434
644 676
1352 1270
966 878
21 1051
81 133
1320 1298
914 1306
645 189
618 443
1200 741
117 741
585 189
1047 855
1037 600
417 570
1135 762
1275 817
155 650
1047 1153
192 979
1091 1306
775 1478
1282 1153
1296 762
56 156
189 687
1419 990
1321 1255
855 1482
878 1153
1166 1045
1187 966
1236 1179
55 472
900 1479
855 1064
1125 1101
1449 1437
305 210
1108 1468
14 1325
389 301
410 115
1446 762
210 323
1375 990
220 585
489 519
1446 782
1439 150
778 1463
568 572
1257 1209
338 640
895 792
1176 96
202 544
1267 1148
796 1251
892 1217
20 55
703 18
811 1148
1072 775
