981 1051
1321 841
659 420
1338 855
100 480
335 144
378 85
210 677
40 399
332 363
1429 1317
90 218
68 405
814 1437
227 155
729 489
238 99
156 35
762 1437
99 387
1401 1231
31 535
547 441
224 495
256 579
1215 927
691 641
1427 72
982 1429
699 623
144 687
95 754
669 535
688 202
1384 490
191 23
1290 980
1214 1037
118 634
1055 1222
1352 1179
317 547
505 248
138 641
402 535
1330 990
823 1245
217 1021
743 1063
1222 1463
202 615
1342 539
814 767
15 699
966 1293
387 192
387 465
1296 822
762 1063
217 301
1355 1223
1135 981
1463 1330
224 278
757 65
1410 1463
501 1479
727 1317
934 1210
782 1325
1290 1101
472 467
567 560
1177 1245
1214 823
934 892
1459 1209
448 483
743 729
813 864
73 72
828 953
256 693
210 756
610 180
1140 944
118 754
448 155
699 454
824 835
205 363
1108 1384
1065 1163
1329 1051
55 288
612 154
224 519
675 514
1313 1051
1041 1381
650 642
1277 1245
980 1408
927 1429
900 990
29 220
953 1051
136 1437
1199 1081
454 550
512 118
1054 1478
315 641
699 754
566 535
1216 155
681 39
465 172
99 446
604 361
524 568
469 167
1412 1164
454 62
1295 764
1408 1191
1334 1081
363 115
268 570
1374 839
1473 351
660 154
973 810
465 729
538 996
481 729
479 539
1051 1277
739 97
288 434
1489 963
1061 1245
749 245
631 1463
490 729
1000 889
495 468
468 483
1410 1091
1209 514
73 642
255 589
363 40
1007 927
1179 535
1161 1121
556 99
972 1479
838 1051
1479 991
1375 779
835 539
418 936
495 55
1150 1461
1162 963
1163 779
918 1395
816 1429
1055 1437
535 145
1445 941
1411 1301
773 1437
1185 810
132 649
1047 1245
288 180
1325 1047
729 14
1172 764
1425 1100
410 434
711 102
2 642
21 202
416 27
1309 1112
279 155
1000 1150
966 1215
942 1069
762 312
1063 932
439 1380
41 454
1427 13
536 154
953 1222
699 547
691 741
855 1482
568 318
644 741
1038 1306
385 155
1461 961
1250 1179
972 1232
155 637
915 1411
1101 1408
644 1
1128 1245
934 1045
612 326
1479 119
40 39
966 1153
1427 1063
1163 908
1244 1429
1210 1000
781 1152
1441 155
1432 802
857 935
1037 1409
331 180
781 1430
1185 1209
699 535
98 155
1187 855
1381 826
55 167
1015 979
101 323
524 649
950 1346
1140 1086
1381 150
574 564
16 563
547 393
249 950
851 1062
967 798
155 535
685 535
512 1478
1146 762
855 1408
968 1063
566 417
315 972
1313 1277
460 547
99 162
1449 1101
775 1384
475 46
566 676
934 762
1421 1192
664 641
935 837
1162 996
953 1390
465 644
610 483
618 229
1214 1153
249 803
431 417
1061 1232
921 883
238 754
489 570
1461 1478
755 644
694 687
953 1000
1053 810
1168 1071
664 431
512 31
855 781
722 8
454 642
436 585
1223 1459
637 434
167 662
760 1270
1209 818
317 389
1384 1150
296 963
185 167
288 394
773 1317
768 1329
1459 1461
856 892
515 1236
916 1047
885 1153
340 23
1435 1086
981 1041
626 85
1108 781
1051 1101
434 210
1432 990
46 405
585 297
1103 1095
837 1041
612 495
859 996
1000 1351
914 805
1328 1479
1220 775
469 519
1082 1197
495 664
187 677
468 561
85 462
189 363
1133 1152
377 547
1015 1408
1212 432
762 810
460 187
880 490
747 155
922 793
1426 1179
1000 1254
743 155
181 40
711 547
585 155
288 323
652 55
1037 1163
855 1427
1410 1325
264 479
1152 936
583 798
20 55
1262 996
1254 387
224 591
536 729
180 650
1054 835
1101 1277
264 191
125 55
937 1479
1152 1455
28 641
998 817
977 1159
754 89
855 1219
961 1209
1315 1112
82 410
749 855
158 418
256 729
1270 1153
1456 1170
1218 1051
1096 775
559 55
1163 996
1408 1095
965 826
118 650
1375 802
1215 1051
202 650
1384 982
289 55
350 431
454 644
13 642
1127 1270
259 550
1333 1126
591 150
18 579
1200 1153
647 604
1212 996
826 944
202 623
1131 300
454 16
137 363
297 461
278 714
566 461
934 1069
417 154
1246 1339
644 615
1383 1179
238 301
974 1191
839 892
826 1041
614 1437
484 489
202 405
589 756
897 1055
75 35
317 756
982 956
484 493
303 798
1223 1277
1320 1197
454 399
1085 938
1223 878
1351 1328
1431 1153
23 155
1187 1086
900 490
781 150
189 227
1172 950
726 570
315 798
1177 1317
980 988
604 726
117 204
238 65
524 693
1404 1101
15 259
181 233
855 915
445 642
1229 664
1101 963
1047 1158
1108 949
1163 963
591 664
966 1357
40 675
238 422
156 544
1425 55
1096 958
477 1463
281 180
1275 817
211 389
1223 932
729 967
559 154
1333 1135
703 156
1389 855
257 165
963 301
454 429
363 687
855 889
155 754
278 572
610 963
191 563
524 278
1349 855
15 736
99 591
1162 1250
1416 855
823 878
857 1270
155 159
207 155
942 1437
1438 1179
1339 1041
72 637
615 1395
387 736
1226 824
1000 843
943 1000
660 114
85 297
72 519
615 155
839 1374
972 1430
381 170
1362 1048
1161 1051
1126 949
647 96
1112 1191
1108 1172
660 187
524 615
1162 895
1109 729
980 1051
575 180
256 575
1282 963
1239 1232
675 180
1185 830
773 941
117 237
1008 1217
837 1277
539 180
1037 763
1172 1215
1420 1306
23 798
138 172
843 1150
1217 1153
980 1306
1101 1144
865 1179
762 1095
726 535
82 245
1273 1445
172 650
229 85
547 468
80 642
417 155
117 515
1126 855
1394 961
45 544
29 693
1250 980
101 687
1246 1037
824 729
316 467
956 1381
1037 865
1223 1429
1051 1112
1275 1408
1320 1277
394 99
468 714
664 642
1047 1479
559 472
363 609
1161 932
21 677
189 326
1250 1051
1041 1478
1041 1422
900 1041
440 979
1459 1348
1287 1101
278 55
559 1052
1053 764
1113 1067
953 1048
1227 1245
1047 855
202 609
29 544
132 301
99 712
1456 792
1425 641
775 763
224 360
1198 1112
919 1095
20 693
1215 843
449 29
417 703
940 1051
664 726
454 469
399 170
1341 996
1410 830
70 514
860 1150
535 99
119 1437
703 642
75 150
29 45
1051 1152
495 726
1321 980
417 693
644 577
815 1041
1101 816
328 371
326 756
264 89
64 741
612 268
1185 1148
788 1478
1047 1048
956 990
1429 826
1125 1179
927 941
480 75
646 641
1093 963
1362 1045
1320 988
1245 988
635 301
645 144
694 564
466 189
574 579
676 729
1295 1048
374 75
40 89
1231 1053
259 729
1172 1479
1015 1159
1286 944
287 574
99 465
604 301
150 35
1238 1270
942 1270
259 99
851 1287
461 99
743 642
402 588
1334 822
524 29
647 712
1063 818
249 1047
835 932
189 31
1068 1045
229 519
1221 963
1317 936
940 908
1053 1101
477 189
387 589
1351 1209
676 454
160 878
1216 1112
1131 452
1410 1164
210 323
150 460
885 155
170 155
935 539
1427 1209
880 1374
1125 1153
1 323
570 754
24 495
818 676
612 640
492 396
1191 1103
1411 1459
99 13
1344 775
288 159
851 1000
56 14
1362 1209
55 154
449 492
1041 1209
512 363
1431 1112
469 634
416 170
167 323
754 729
618 248
775 1139
568 333
1054 946
1479 878
118 644
921 856
46 726
347 591
1061 963
851 1202
150 677
1177 936
1378 1186
29 168
1135 1346
1286 729
972 855
180 640
1351 1479
288 210
40 754
662 454
855 1172
75 172
1090 963
21 29
1114 885
1129 855
454 579
56 167
1371 1051
1244 1277
1408 1029
10 472
477 323
879 1245
187 155
181 15
781 956
55 391
559 1389
410 180
1140 961
1482 1091
813 767
205 155
1000 1007
823 1010
347 726
956 822
1473 1112
805 170
100 55
1000 973
16 634
40 155
942 826
387 167
100 155
495 363
536 620
56 472
1001 23
613 575
788 936
219 642
1463 1250
387 550
559 936
904 919
1140 1051
777 919
124 180
189 642
202 460
1036 1245
493 233
1352 1232
256 323
855 1065
781 1337
1325 588
1216 802
659 172
16 1360
438 434
859 855
1369 961
935 946
241 311
328 650
1041 826
467 756
20 591
35 729
560 641
618 144
855 784
1392 756
922 953
835 837
754 189
1215 988
998 1191
99 649
822 1346
1103 837
436 323
1369 980
1104 893
29 248
1000 1052
1109 1041
180 561
1360 1250
454 317
784 949
703 396
1037 600
454 119
1375 764
387 535
737 579
644 687
436 640
209 155
1223 835
1430 1429
137 741
1384 1154
363 150
574 317
992 1232
288 190
1048 1245
650 65
14 347
9 996
1346 950
1351 1031
1414 1007
317 394
852 979
729 936
839 775
1037 1088
461 394
796 1245
515 1349
909 514
1153 1461
90 405
1384 772
1459 822
1117 323
1234 1029
1209 932
8 567
1286 810
539 878
1103 1479
1130 933
647 24
676 644
1047 1306
993 1330
796 1112
1026 1051
93 729
1104 1293
612 278
615 363
568 18
1351 55
165 313
390 564
900 830
444 756
20 664
856 155
326 172
1108 1461
243 434
460 189
1144 1197
684 167
1041 967
259 13
1392 963
1414 913
72 727
1195 1172
855 1304
1482 1461
436 570
772 828
1126 1437
1449 1245
1421 1000
1104 1000
1131 641
493 996
555 377
972 932
55 640
1445 539
935 1459
160 170
13 55
512 1430
1226 1112
727 187
75 85
1126 958
855 1053
1296 249
1092 781
1135 539
512 194
1239 1153
281 55
676 650
664 623
568 521
807 1346
1125 1251
1053 1430
816 764
1187 826
604 8
1150 990
966 1277
852 818
1074 55
855 1211
762 775
389 641
1360 1081
1211 1437
313 233
1425 1041
851 1389
1209 1051
765 1101
935 980
1153 1112
36 729
229 493
1192 1429
1381 1051
1133 1423
935 1169
1172 1146
317 297
89 495
1276 1051
1371 1008
512 310
768 1112
387 514
1061 933
345 741
188 155
189 297
89 189
688 301
1041 1317
1003 787
604 1380
363 24
460 441
1385 855
604 609
631 297
1195 1052
40 460
1150 1392
1047 23
747 150
922 1384
492 712
150 297
1449 1277
1 1435
725 798
943 1250
467 712
278 172
1441 919
895 1112
1246 1164
937 818
1348 963
762 1430
777 798
843 980
1003 1487
754 650
618 535
406 729
591 323
1020 1063
1215 949
24 535
855 1207
264 465
585 144
345 993
180 729
371 756
1280 990
512 585
363 443
481 88
144 189
907 480
1325 941
75 394
1439 155
1166 1051
347 798
1410 1121
823 1164
1423 1133
1320 1067
1051 1418
1387 1052
661 736
15 544
281 634
1459 1360
880 949
24 495
179 434
241 248
1445 1092
574 591
612 51
172 55
1471 1455
172 634
1333 490
1427 936
189 489
1010 979
1202 1101
156 564
40 492
907 971
612 729
31 729
1262 1403
444 727
46 642
190 399
64 170
1048 1270
935 1063
452 434
829 855
1024 1346
818 1245
1394 1277
971 1112
1101 872
2 1
1163 1037
1127 963
1432 808
1375 990
921 781
855 995
755 150
676 712
1106 855
1031 810
224 191
1461 535
165 55
417 1041
982 1255
1037 1489
777 835
610 434
436 467
1227 996
1214 1360
644 604
1351 664
479 1463
882 962
431 577
1177 1197
249 1048
418 323
984 963
469 570
1451 1051
454 241
389 180
773 1051
517 664
907 1232
503 637
835 1250
775 1154
568 596
1318 899
839 1251
1101 1371
1388 963
856 1202
1266 941
219 677
1101 1041
1384 1214
394 818
383 623
289 85
1394 155
775 1479
40 519
1209 1223
570 85
387 660
570 95
615 756
1180 1112
1317 1463
835 1391
58 1437
1057 1437
477 1250
566 31
55 150
90 99
1351 1053
661 434
1162 1153
807 1317
741 55
899 1095
550 29
469 495
1060 591
1329 1047
1313 1429
1325 967
118 351
156 189
765 641
927 1172
1374 1306
573 729
805 1245
1267 1148
664 99
1439 180
1479 1153
1461 1330
604 483
568 432
729 480
953 826
660 233
567 979
1159 1293
385 391
1246 878
1427 1049
1239 963
578 363
524 575
1047 312
664 323
177 641
410 288
801 961
451 55
1329 1325
1200 855
479 535
1051 150
880 1049
512 609
855 1414
1436 1101
101 729
1084 963
886 817
1209 1122
41 687
8 574
1048 1153
189 1153
377 143
1103 944
460 55
278 653
1133 855
223 156
503 155
818 1277
90 72
909 1418
755 301
468 1435
434 676
736 687
669 1051
775 883
919 941
428 23
829 963
1112 881
527 218
1000 1244
644 347
1125 1000
836 434
282 75
118 483
512 604
1313 1330
1479 1101
829 1437
417 650
1117 1153
434 483
377 156
309 155
144 604
1191 1437
1345 155
188 248
238 189
75 475
1131 483
512 288
1290 956
574 1380
1449 1330
68 205
820 794
1106 1293
1010 1112
490 1478
1091 1325
1072 1455
1249 1008
29 144
508 1437
1135 490
451 150
417 756
99 575
953 1179
826 1245
219 477
1220 854
10 1063
631 154
257 150
177 46
784 1067
1351 933
461 31
1430 312
1131 264
1096 1479
89 374
394 963
855 940
1028 810
1175 963
1150 996
1163 798
1168 1153
880 805
1171 979
55 156
1329 729
142 664
574 18
1101 860
1185 1244
1266 1245
865 1164
829 1245
1325 1330
1125 963
1246 810
1047 826
1177 900
295 417
585 483
1373 817
1152 1461
675 55
460 492
257 186
852 1217
259 441
1423 1218
806 1101
68 55
1296 762
377 671
971 1045
115 402
501 756
927 810
972 514
1432 1334
574 191
416 363
701 741
217 405
434 363
1423 1250
160 333
2 180
172 229
13 729
40 560
467 855
1088 1293
1352 1215
600 1306
93 979
1194 1270
664 55
1387 1000
852 1223
347 566
150 441
1384 1422
699 441
826 1429
109 731
155 563
1317 786
1047 539
394 1051
935 1277
66 358
75 185
1411 1254
229 591
919 1430
116 248
508 644
659 171
635 564
1313 1179
99 189
1411 830
399 484
515 1049
1209 967
1119 1055
21 417
467 1153
1384 971
956 1108
394 297
99 623
781 1418
512 394
966 1000
1257 119
399 489
257 641
880 830
422 155
688 609
579 301
454 686
1414 1232
1362 1437
1217 782
1286 1317
1222 1123
223 604
615 431
816 1245
72 154
1000 1085
536 155
230 963
1150 878
387 441
1113 817
574 21
747 99
243 210
788 477
1345 878
852 1330
1313 781
150 100
618 642
394 75
856 1055
1254 1028
109 729
492 621
824 1223
664 417
40 75
1109 1423
177 172
1429 741
1125 779
1231 830
901 1209
1152 483
1445 1209
1192 1008
1168 1306
1351 1008
1047 1461
1185 1330
916 1209
331 642
1329 1437
966 963
46 1478
907 1051
1047 762
1051 971
816 1041
604 1179
691 798
561 118
1041 930
99 551
826 1317
781 1067
72 23
42 150
1177 1051
726 687
787 119
932 826
1133 802
508 468
1215 1408
1214 1317
70 712
1212 1148
855 1244
416 687
1192 1153
264 72
467 323
1375 1215
787 1148
363 563
264 75
281 144
1108 1352
935 818
1231 764
956 941
1463 442
579 89
1112 1069
1101 1045
475 172
547 278
14 1317
259 363
973 1479
101 144
894 1153
1461 973
574 541
177 401
1189 118
1408 963
1384 1093
480 729
1222 1250
417 202
835 1121
1223 967
880 941
1325 460
1054 1055
950 1437
754 162
40 99
512 591
568 323
855 1179
1290 767
75 547
669 539
1280 856
477 99
644 14
495 575
1165 855
865 1328
1108 1167
935 1430
803 855
967 1152
880 1163
1407 1270
46 687
1369 1164
973 1392
1045 1476
900 1045
1191 1429
1004 1153
14 577
460 99
187 1463
851 1472
389 323
1275 1063
974 941
941 892
1125 119
55 591
1153 767
181 490
1323 1437
1085 855
1384 1245
900 1144
118 13
1167 1408
332 434
524 484
1244 1101
428 248
1388 990
570 35
337 596
1088 1179
1231 880
1218 872
293 483
1101 996
1245 1317
880 1061
417 150
238 405
882 1437
264 218
1135 1337
1359 980
219 23
1054 892
777 1293
55 726
696 276
886 642
493 374
498 165
1108 1135
393 224
1407 1134
855 1075
55 483
731 675
1223 1437
454 563
1001 941
181 495
1187 1399
880 1048
55 461
1384 1130
1047 1000
1384 773
1051 1390
427 332
1038 971
512 605
73 536
387 218
1135 1051
461 374
1427 980
390 1325
927 741
953 802
1404 855
1221 779
807 1153
82 204
1461 1191
781 1121
1271 1000
936 1478
406 1048
1460 1479
737 990
760 855
755 563
613 156
575 23
1125 1069
998 762
385 687
936 297
547 726
930 1330
1000 1191
966 782
55 23
1263 963
288 453
390 483
1362 1051
755 1245
1231 1420
1128 1455
943 1270
1351 1231
138 140
918 971
53 446
570 89
980 1162
1278 930
56 570
434 180
900 1191
524 144
217 671
1130 990
856 1148
387 405
855 772
268 387
278 574
712 323
190 394
493 189
622 609
503 23
765 729
981 1245
1392 967
257 155
900 1214
1072 1041
1103 1051
524 736
401 402
574 316
644 641
24 155
1103 1055
943 1390
1015 1153
162 65
946 1000
604 644
1000 1278
570 1179
187 118
556 489
1060 950
1010 892
772 1306
1000 1108
202 756
1427 297
1195 1463
1172 1112
350 389
755 417
140 75
1478 1401
1459 880
855 894
891 1245
1081 1164
358 434
238 483
1192 843
101 493
326 467
1213 854
1200 119
1172 1357
824 782
659 45
1103 1478
788 539
600 530
765 1392
1410 936
428 55
1435 1177
415 963
1232 1270
644 1245
1191 817
454 259
1439 1270
390 1121
675 65
1362 1041
837 1051
1425 988
185 650
288 72
1381 741
566 642
1085 963
1431 1438
1121 1164
980 869
570 387
664 102
118 564
289 363
1432 1330
988 1051
1152 1478
27 623
1461 642
14 99
901 979
238 490
773 1141
922 1306
460 603
536 434
1195 1245
885 767
90 729
1427 1306
109 644
101 115
1051 1040
1236 1475
669 55
1222 1306
865 892
1246 1209
1236 1209
649 55
1108 963
1101 1475
900 878
172 371
1425 1034
1185 961
754 202
337 109
484 75
1222 1172
264 393
167 253
1152 798
299 642
109 24
726 492
1381 1250
1419 1298
454 417
512 45
617 641
577 65
524 687
189 492
1 55
631 1330
40 434
860 1371
1116 963
1401 1325
775 1372
1074 990
1044 1152
818 78
935 766
721 155
936 1086
317 233
568 514
296 782
136 803
2 18
1131 168
944 1055
1430 826
1220 1437
1088 919
144 335
150 535
21 155
417 495
975 855
1329 981
946 787
1031 1055
1177 1101
1009 1486
1269 1048
58 220
101 547
1185 1163
843 775
1430 539
864 1232
1113 1021
1231 1399
953 1122
1106 1352
1065 793
85 641
1221 880
15 591
468 102
556 115
1185 1399
1473 1153
1108 1320
387 604
118 468
980 935
1140 798
807 1055
1427 1008
1063 967
40 189
1475 856
1262 855
1246 881
1191 1422
1041 1232
1202 641
1395 1051
1398 982
467 489
1439 394
615 469
1163 936
993 798
379 641
880 1001
1133 835
1018 1112
223 441
895 756
406 1086
741 1086
1352 1317
1200 1479
1239 1055
1451 980
1408 1457
1053 835
524 432
241 150
387 301
1031 155
15 323
1163 855
1195 1150
1374 1101
80 609
837 935
1000 1323
479 490
119 641
1152 669
1246 1135
693 664
1191 1021
137 641
982 810
824 1478
1088 1270
98 729
699 275
119 1209
469 467
417 55
467 634
612 363
109 323
1028 1256
893 1164
151 729
31 374
1479 1166
167 756
168 661
747 480
855 1006
1335 539
788 1112
387 100
556 480
1202 155
420 155
856 996
155 189
699 45
970 1479
936 741
492 563
669 461
1172 927
191 224
21 1
855 1270
762 1187
264 754
956 1095
493 118
172 140
921 1232
75 480
345 878
1007 1185
1091 1121
1177 786
1472 1328
79 40
288 726
754 1063
767 878
1387 764
560 495
1373 1101
855 1362
363 729
1185 1153
1253 1051
1374 1429
1106 996
32 1437
495 417
410 521
151 579
1146 276
468 508
631 1052
46 180
238 837
1200 1217
855 1300
1374 835
288 114
1091 1041
31 1251
778 1408
477 1139
765 1209
573 579
288 493
389 154
2 154
816 786
259 15
259 480
40 637
75 326
1161 1101
856 1337
492 480
1041 936
1209 1048
273 729
468 55
1437 119
904 1479
1048 781
118 144
1195 817
1162 1164
1167 862
460 644
1003 1080
570 189
218 154
18 1231
886 145
109 675
618 687
763 1112
900 855
1231 1330
227 273
1103 810
1350 990
321 399
1020 1041
356 495
935 1418
793 1437
652 394
480 519
755 483
876 855
1384 988
940 779
1150 1095
1135 1245
1489 855
281 323
444 189
942 1101
1372 1437
777 932
470 641
1282 1153
117 990
921 782
55 387
1479 1047
572 489
1250 988
824 883
56 156
454 202
1390 1245
1364 1479
70 172
454 727
1117 1112
793 764
1063 1463
238 681
618 323
1209 1461
434 687
124 729
1369 1270
117 641
775 1051
524 387
512 434
600 1148
963 1086
914 996
75 78
1048 1268
150 570
836 490
168 508
68 156
980 855
179 575
1320 878
387 363
808 1432
765 150
56 754
468 936
467 16
508 55
317 566
822 1357
597 96
393 754
967 1479
189 102
431 687
1282 1051
615 932
1009 1251
219 16
40 688
927 1270
781 941
378 641
1429 1134
1323 855
1232 1101
1471 856
1051 1317
900 865
814 775
219 493
818 641
1276 641
886 1222
288 603
72 664
479 641
109 1229
119 588
377 754
967 442
1048 1055
777 1095
1195 1112
922 900
855 975
295 130
854 963
1015 1051
144 585
909 1251
880 1245
855 1246
40 495
644 1179
1427 818
559 687
223 1437
612 209
22 493
547 189
547 363
1433 1192
229 472
694 13
282 65
1081 1245
604 687
839 1245
855 806
1082 312
1117 405
1430 119
479 297
618 55
515 1296
650 514
824 1250
602 936
1051 824
332 941
1423 1245
857 990
943 1008
806 1153
839 919
1187 1328
1320 1152
778 1051
82 172
311 514
278 637
735 756
561 1245
532 170
563 89
927 952
180 55
31 349
326 640
387 399
1200 1295
241 85
861 798
162 99
68 990
29 432
1314 963
16 741
160 367
1149 963
493 31
241 483
168 642
788 727
1135 1069
555 432
777 1091
1325 826
897 941
1214 878
631 756
180 669
492 603
241 155
371 55
555 449
15 561
1092 1209
115 856
935 1159
524 535
559 493
980 1360
316 495
512 727
438 1051
465 323
1172 1081
56 399
1091 949
187 756
615 547
1112 155
512 276
15 642
816 878
454 14
137 180
860 1101
434 1245
755 461
754 1330
1215 911
953 1045
762 826
1258 1051
512 589
855 1416
535 187
1112 1270
1444 855
777 1081
956 1277
434 154
574 756
1048 1041
1408 807
1264 865
31 1063
55 467
1482 490
765 830
1004 919
472 35
1135 1122
604 547
967 826
82 591
1061 1051
461 13
1172 793
118 55
568 36
1352 483
469 154
1041 935
935 1348
610 641
512 737
363 282
1333 1461
1113 1055
1185 1215
775 814
661 168
570 14
1320 932
880 973
1150 775
1185 1256
925 855
363 544
676 297
18 664
631 405
1359 855
1369 1095
669 323
781 1114
637 55
772 908
618 387
878 990
1215 779
1280 1123
604 55
460 591
377 449
1413 539
453 729
21 1089
1212 1172
1478 1330
1047 1209
620 492
559 1463
144 218
1054 1008
669 187
668 155
699 363
418 297
1203 35
1459 1153
1055 1479
634 641
1048 822
454 86
560 150
901 1153
715 756
675 726
1384 1271
1388 854
956 1045
1041 490
460 467
1471 1112
953 1408
818 1081
55 585
892 1317
202 323
1364 1201
765 952
495 189
1024 885
1144 879
1313 1356
835 1270
1047 1101
946 1112
688 492
1101 1209
772 1301
1246 1275
55 31
574 31
711 493
1411 1351
119 1478
726 489
1227 979
363 155
1152 1063
887 1360
1227 1221
472 644
756 493
860 1209
1180 1153
1479 539
679 1231
205 434
417 465
1487 1045
202 387
886 547
468 72
1479 967
172 405
1222 1086
998 944
1326 1463
253 729
1153 1245
387 89
824 490
512 461
1192 1055
1215 442
219 570
117 669
1325 1461
907 775
807 824
1115 1306
1334 1037
980 1202
1401 729
775 1112
1449 878
1329 944
1381 936
1191 764
755 575
856 1427
652 72
1236 1293
1461 1101
454 154
1131 432
288 741
966 952
1409 1277
943 1437
219 35
15 640
909 878
856 1346
818 817
943 892
436 615
579 712
786 826
1403 393
1177 1048
1051 1045
508 488
900 1063
253 798
566 13
873 1134
855 847
278 387
490 1051
1031 818
361 323
539 1430
1409 1051
1459 119
953 1463
500 1479
618 202
1410 1306
1177 1301
202 570
980 973
1163 1427
24 23
669 154
907 1357
1041 798
539 756
836 1245
1301 1122
317 729
1135 892
1223 1134
468 649
115 621
284 979
1478 13
1335 901
524 377
1047 1399
72 467
1435 1306
953 1209
1399 1191
162 577
56 387
56 187
1161 1478
1031 1306
1113 480
1104 1091
1209 1172
781 119
1167 802
781 862
14 563
1401 119
162 189
1482 1463
773 1360
892 1051
818 1207
434 754
817 1067
765 1232
82 642
155 89
202 180
778 276
1051 1245
81 642
966 1197
856 55
1108 1231
539 1245
900 1101
712 1245
1150 1101
1351 762
1149 1051
357 144
644 99
938 1245
1223 883
90 623
402 102
699 641
434 591
699 15
1047 539
688 85
1161 781
89 118
1463 1360
781 1478
508 99
775 1406
618 729
852 1179
1280 980
641 453
1209 1351
574 180
943 323
472 55
865 1437
1477 170
70 687
1037 1406
936 1223
1333 961
1402 1240
1112 1455
642 741
1195 1191
89 468
262 467
1425 1245
927 1459
512 102
1445 1048
998 1390
856 119
460 144
1318 904
1374 883
1101 802
951 1148
1246 1231
568 273
1411 1076
1439 818
1451 1071
1211 1317
55 570
1431 988
21 641
1394 1121
1328 919
1461 810
1305 854
1384 1101
1252 1048
434 172
180 189
396 1245
475 140
1010 952
560 675
1177 1191
1412 952
363 323
210 155
664 396
326 55
1101 981
278 32
570 641
46 297
793 1037
1166 996
1351 1346
1222 1209
901 1007
754 351
1430 1013
1195 803
465 13
855 1108
150 1063
1135 972
677 641
1246 1051
535 677
229 623
1081 1209
280 503
472 434
1048 539
512 432
387 726
1318 1000
75 585
675 489
1352 1245
909 826
736 351
956 1210
1360 1232
880 916
298 55
1461 818
177 67
1439 782
1229 596
1257 878
980 1105
1461 892
431 566
835 941
1003 1430
483 1051
1231 539
317 99
927 1055
160 495
1317 1112
1201 1437
859 1164
836 119
202 335
892 788
493 644
14 1325
512 480
755 669
110 323
55 202
377 142
1482 885
101 65
1031 1051
155 623
498 155
1436 956
405 55
936 1063
755 564
713 85
838 1123
775 1478
1123 1479
737 420
512 391
326 495
140 493
980 1359
1479 1045
363 489
855 1425
115 1417
895 798
180 387
1124 1179
119 1051
132 1001
1192 1198
1222 1479
14 1337
1015 1008
220 669
729 493
99 187
767 1112
806 855
726 323
1236 1048
1217 1479
1149 855
1438 1081
934 312
570 202
1223 1217
1475 1095
814 1000
1177 1389
410 693
363 14
1020 1381
350 55
1000 966
241 798
1045 1000
1229 155
755 89
735 297
1051 756
922 1053
940 963
887 155
760 1194
610 1112
855 814
434 436
875 1153
726 374
813 817
219 756
953 1360
15 449
570 495
218 461
541 687
909 1399
907 1101
943 879
1095 1160
1223 1013
332 641
916 1418
1041 1392
1290 1251
892 1101
180 472
942 1275
29 55
559 323
570 687
241 88
1131 15
1402 883
15 210
479 664
618 676
813 539
384 687
1115 1041
953 1055
89 467
144 495
1277 1325
454 498
410 297
21 119
467 547
190 172
1295 1309
855 1210
1305 775
137 323
1412 1461
1409 641
421 687
642 514
326 417
316 371
589 572
1236 941
303 210
1446 1330
1309 802
1103 1172
741 563
1471 963
1000 893
1062 1245
1231 935
570 798
828 1158
55 454
493 55
777 1390
660 155
765 1222
1117 932
778 1045
1162 973
631 566
605 65
480 489
895 855
204 402
813 1112
580 434
179 979
1209 150
475 229
20 677
806 856
317 55
259 154
865 1000
14 570
1459 972
956 1308
720 1437
1055 826
575 55
843 1215
347 517
1345 941
155 493
1052 1091
1037 930
118 495
1215 818
1 85
417 664
477 1277
1407 1153
1401 349
489 756
775 1150
1381 297
1236 952
956 1063
735 46
1414 1317
144 371
1061 1317
1161 826
980 1201
1104 1153
1154 838
1342 996
1117 676
1135 1357
1339 826
46 75
1402 775
55 399
818 883
699 563
764 249
101 391
393 75
1357 55
699 642
899 1000
980 1026
472 99
574 688
1047 1158
224 42
490 323
645 591
767 1478
118 326
326 644
101 754
615 634
824 936
1440 963
179 727
467 154
1479 954
1469 1164
1339 1455
1052 979
974 908
775 1430
836 514
644 642
155 13
579 669
618 644
731 483
1103 1325
855 1426
856 1256
99 650
1021 767
20 323
155 297
713 155
227 979
363 579
998 1256
1117 855
1109 936
1040 932
1194 1301
807 1427
140 472
644 634
567 798
975 1232
379 297
1329 1461
835 1317
559 480
1185 1054
167 479
1125 956
726 144
8 512
604 563
56 579
885 1479
79 754
1126 1489
568 389
152 461
981 1095
1430 1112
1463 1051
855 1348
787 963
883 1051
24 641
387 8
754 446
493 468
539 609
610 55
1131 273
512 180
855 1353
1112 170
1161 1479
180 347
288 591
498 1
886 883
900 956
56 189
1051 642
729 460
644 180
347 756
82 490
123 798
980 1287
1191 1153
180 676
118 347
468 297
144 743
943 170
377 55
492 347
144 493
1489 1000
1163 802
1482 936
524 167
644 729
434 726
1352 1101
46 83
664 729
1246 1360
856 1463
489 650
181 264
1325 1191
826 1337
1250 1041
851 1329
1000 927
781 818
731 493
1195 1051
1194 996
684 493
596 337
1052 1418
399 136
2 172
278 598
441 297
1317 993
880 958
1168 792
40 547
56 268
1052 1101
1342 1112
394 669
524 109
1394 1051
468 693
1185 1088
660 75
950 878
675 642
1167 1437
1103 764
1329 1048
735 55
1076 1051
952 1245
472 676
570 301
736 15
1195 1270
151 727
1348 1101
402 233
1051 786
10 687
1329 764
1164 155
1250 973
1384 1423
387 102
764 1346
1200 878
393 55
175 641
837 878
454 570
574 693
1125 1122
927 1081
1409 155
1131 187
1429 932
573 563
773 1041
956 1357
881 781
642 431
180 547
1387 803
181 493
1420 963
264 155
508 278
1135 1041
1394 878
387 561
27 55
1479 1459
1000 1215
808 963
855 1329
966 856
262 389
855 1423
900 1390
980 1221
735 741
219 1437
46 55
659 30
313 55
675 31
726 480
1092 1330
934 1251
918 1153
1101 980
1421 1344
1290 1069
1410 1270
477 677
767 1223
781 615
855 1049
852 967
676 434
1362 1069
1214 1134
449 189
13 297
1215 810
1245 1330
618 191
1246 885
842 980
467 72
493 371
298 299
778 1306
1362 490
1000 632
1246 1270
351 29
895 1390
468 810
24 434
2 547
305 248
777 1217
618 399
1041 641
1396 1112
469 180
1384 539
843 814
1231 1392
410 90
816 1455
73 467
377 885
181 8
860 1153
512 155
851 119
99 703
1088 855
1350 855
870 856
1328 1081
1135 1459
1269 792
1083 1270
775 1207
223 726
735 154
1150 855
806 1172
293 729
1384 1399
1161 1337
1187 885
856 1306
493 127
493 150
1065 949
669 156
1257 729
966 1408
726 72
538 729
775 963
155 644
539 23
1215 919
637 483
972 936
1333 963
492 248
1108 880
15 623
610 729
1223 936
1460 963
40 465
370 979
900 1060
140 115
1374 767
892 1429
712 1209
1010 963
1041 1277
681 572
27 1479
895 802
1088 1051
1423 1112
1444 1067
561 712
18 218
177 642
1253 1330
1103 949
1412 1479
959 1245
668 154
1382 155
177 1099
1191 1038
991 1051
1051 1325
283 159
1044 1153
667 640
1209 1317
253 55
843 1052
119 1250
539 1048
1485 908
1055 1429
207 323
880 1475
1360 980
855 1432
1103 1418
1244 1369
205 154
946 1126
892 956
824 779
118 489
637 561
253 1463
393 637
818 119
1459 1041
1369 764
1328 1121
202 391
675 192
743 402
823 1457
1308 1105
144 623
1482 826
56 55
1108 869
645 493
1250 792
815 539
99 489
1009 1301
1320 1148
1126 862
1438 1086
521 650
326 154
349 1463
1135 1385
856 1153
1226 1008
296 687
189 180
1246 1222
309 729
390 155
1461 14
1329 204
955 1135
1117 1390
1475 1362
980 778
470 729
202 31
737 1380
774 1455
935 1048
168 641
1408 1091
739 402
1430 982
469 210
259 155
172 431
585 301
824 1222
536 417
644 798
282 575
589 144
754 641
1436 1150
421 323
99 405
1239 893
880 775
559 570
72 288
567 28
1191 1306
238 604
1101 878
1004 952
1101 1320
191 700
1232 765
574 737
490 1270
1406 1049
704 155
1295 885
784 1041
1166 1045
1244 892
187 394
1461 993
328 564
377 144
22 387
1161 1000
82 1099
560 493
1479 1250
773 764
568 465
1472 1000
980 888
409 170
347 55
1427 1463
477 297
434 472
596 155
880 1258
932 919
1402 779
561 560
816 1051
559 514
1246 1266
895 1153
219 210
972 1041
1244 1185
415 681
1031 1045
363 402
512 218
56 202
109 561
55 24
43 170
1163 1065
637 155
1239 1238
596 756
1154 775
99 347
1101 602
477 798
344 641
855 949
1045 1179
1191 405
676 726
1055 1152
1401 477
259 754
765 1152
1250 862
1408 1215
508 391
1432 1479
219 434
1227 966
1231 1139
1364 946
1257 1445
381 156
202 566
1047 764
532 89
402 363
1150 1041
1199 1348
1266 932
547 389
1366 874
68 1
1048 500
492 726
907 1000
212 96
1152 1086
479 155
1401 967
855 1102
851 1218
1218 1101
1187 773
2 483
568 15
604 154
468 405
1422 822
268 441
1266 826
675 480
387 568
1227 1269
1410 1330
399 575
1426 908
99 472
210 535
1221 1164
562 561
150 490
515 878
124 675
387 454
1047 1478
79 604
613 399
1403 963
589 623
612 233
824 1048
856 775
256 192
1131 155
900 1000
99 90
181 591
953 1277
156 615
1411 1048
676 180
1063 941
927 961
204 693
1061 818
768 1348
363 669
618 472
836 826
438 936
223 936
191 641
414 1437
688 1437
885 1172
968 297
14 189
754 27
341 434
1423 1086
1135 955
585 563
374 563
1185 1133
1053 1036
600 1183
1255 854
560 297
927 1021
777 1479
8 387
155 180
165 85
15 154
1185 941
573 323
781 514
298 547
812 963
956 1392
1082 1310
2 544
1048 1232
763 1037
84 798
644 31
295 436
72 544
615 577
385 396
1313 1427
729 394
1164 817
394 641
454 13
217 210
1329 871
14 119
1362 1479
1215 1414
72 55
387 587
1227 933
956 1159
774 1260
1461 1152
1254 879
402 401
1287 1251
900 1122
1413 1121
454 755
855 1088
739 492
855 843
826 961
56 21
1135 1461
512 566
454 495
168 564
573 477
1007 855
101 109
1202 855
15 72
1048 741
927 483
137 712
618 189
1360 1253
781 798
966 1270
1408 855
1236 1250
512 634
669 756
547 102
1420 990
218 301
1108 1437
1040 818
1119 944
150 394
202 577
396 209
1229 109
1150 1245
1047 312
418 150
1131 191
418 756
560 514
974 1330
775 1369
1223 1463
1408 907
1227 855
454 350
72 579
394 187
930 1112
793 1396
1352 952
1135 941
645 170
1185 897
604 23
982 1306
664 714
1115 952
1477 189
1217 1112
1000 1101
1384 855
1352 1048
1414 810
243 189
943 1179
766 855
1047 1325
743 13
393 46
764 1479
856 855
508 377
766 913
1482 1055
1412 1051
1209 756
259 189
711 963
1063 539
150 477
1381 1086
699 729
618 727
117 609
604 16
410 341
180 118
980 898
144 118
645 570
1268 1222
1340 963
1052 778
561 431
756 55
256 467
1384 1437
1185 1086
566 441
31 97
765 988
1275 1277
1177 1384
337 454
1269 1153
351 99
23 102
1202 1232
1451 1390
1036 837
703 483
1472 855
855 891
567 514
675 472
393 278
512 114
688 575
387 16
602 1256
892 1306
332 1092
1104 155
590 323
290 396
1209 810
547 574
524 460
618 233
754 570
813 1185
1271 1437
1423 996
1053 880
278 323
570 563
645 189
604 493
1296 1250
29 167
512 570
1135 878
943 1095
1411 1172
573 155
449 572
773 1463
1429 1223
1234 907
1246 1122
1431 1293
363 374
1221 919
143 641
361 572
1211 1112
1047 788
202 547
124 292
699 99
918 835
1162 1121
1185 1112
852 1430
921 963
23 55
618 417
1384 856
503 575
966 1052
968 1250
1269 779
1439 1051
823 1069
1364 980
1439 405
363 391
1375 1338
1437 764
664 389
1360 1051
1384 949
882 908
499 119
1047 963
822 1455
128 979
1125 865
775 927
644 560
283 191
618 547
132 1270
623 323
454 623
389 297
151 468
223 55
617 374
1384 1153
89 588
66 248
1313 1306
156 154
1115 1081
1162 980
118 641
1051 932
1108 1153
151 189
259 405
1007 1000
540 127
1210 855
15 351
1461 1209
764 741
524 454
886 885
900 1399
645 85
422 519
1328 1092
1109 535
747 115
79 572
89 693
1150 1172
444 493
1101 1482
1295 1153
40 514
981 1374
767 919
31 99
547 434
618 297
1276 1041
1383 963
278 264
855 1459
618 564
72 647
1081 885
1351 952
202 649
788 1209
712 641
765 855
852 961
21 1153
99 536
492 115
711 396
1463 1045
1010 1455
472 712
561 326
77 434
1351 1153
288 301
431 323
818 483
1437 1245
40 278
210 55
1091 1153
1384 885
950 810
829 872
1309 801
998 878
699 202
618 495
72 556
944 762
1187 1045
202 669
501 218
1487 1000
1161 798
441 363
943 1463
953 1121
612 483
1191 1013
855 981
870 1293
1426 1000
652 145
454 483
1246 119
919 1306
100 492
224 579
80 855
993 1041
934 1270
813 1148
824 1153
373 301
1125 1067
824 878
202 754
264 604
337 564
1 23
1125 1150
1071 1164
855 878
781 767
806 1479
406 1051
934 922
124 693
479 189
1205 855
851 1101
493 547
755 454
919 1478
773 1179
452 55
307 642
612 377
1429 1112
1172 1007
967 297
288 144
1130 1215
211 944
387 155
238 323
1172 1069
1408 988
29 712
765 1306
1200 1463
1250 1381
561 644
587 548
32 544
512 374
374 13
1209 966
1215 1411
121 172
1195 798
504 85
90 644
793 1192
10 535
219 604
688 180
1253 535
641 233
598 405
512 467
418 453
714 180
42 363
1172 1334
295 323
612 634
676 570
124 55
855 979
567 210
160 155
880 762
1384 1071
1451 1461
55 641
998 810
729 1051
736 547
762 1348
1352 762
1115 963
1024 822
288 623
762 1330
1223 818
1239 1270
1093 764
1410 1461
1223 1250
1101 806
855 1164
399 202
1236 1478
736 55
1329 1478
1445 781
1082 1150
892 943
1195 979
694 623
953 922
118 167
1227 1153
402 443
855 1133
1218 980
35 297
210 727
1258 1000
852 932
1130 1328
1150 1000
1186 1378
856 1406
1191 773
975 996
1104 1277
1479 1435
644 460
490 1330
566 102
1101 1352
33 1070
363 65
1008 1392
952 892
585 399
460 204
389 55
179 729
765 741
1061 1306
589 13
762 1387
1078 996
1473 1437
642 535
370 1478
1384 964
843 1338
579 563
1431 856
1439 1330
1254 907
1162 1317
648 572
495 570
1192 1164
512 301
1482 952
764 13
1328 1209
1101 1306
880 1232
202 40
878 988
492 577
55 180
773 1150
109 189
317 431
715 155
1153 170
109 55
278 46
21 1191
1061 1270
217 248
1192 1126
855 903
524 641
350 39
1104 1270
460 301
155 664
282 23
202 699
950 249
84 535
880 276
224 637
536 642
448 434
1185 1306
602 210
137 155
191 40
114 210
460 650
934 1112
167 642
218 114
1223 1435
219 575
937 1463
618 468
604 579
1065 1409
1135 1317
615 712
75 514
1250 1463
1013 767
1460 1051
454 297
1325 119
55 623
1277 1051
1113 1437
729 155
156 467
1210 1121
1339 1122
855 1139
1000 901
652 729
21 493
1037 904
818 642
1345 892
699 72
229 492
714 483
699 323
469 89
1427 1177
12 96
1020 1112
943 1217
21 1051
1409 1041
518 779
56 640
70 641
1187 1156
1439 99
776 855
843 855
1041 1153
1325 1430
436 180
610 23
855 1352
259 637
892 822
18 155
1101 1121
567 170
1214 979
645 741
755 641
566 644
72 297
880 1390
15 29
927 1478
387 27
1366 949
981 1055
943 963
115 140
669 642
524 8
99 514
278 402
843 1000
508 572
144 259
387 650
1202 856
1153 1053
40 615
119 155
1131 141
676 1306
1177 1144
454 1437
389 72
479 167
1421 1489
100 729
363 574
567 741
886 323
1161 1463
927 1121
1351 963
8 40
1108 1468
477 1152
187 218
699 155
1339 1277
1177 1162
880 972
688 979
775 1441
99 564
101 741
568 589
856 961
1404 963
223 603
417 634
556 472
436 756
14 650
257 579
18 144
570 268
399 389
857 933
99 460
570 99
1296 922
843 1045
264 39
1135 1328
1476 941
389 489
1357 822
177 547
118 741
1328 1411
1041 1374
893 963
243 317
1412 1041
953 1479
880 810
831 1461
981 539
1280 835
1438 792
583 726
490 936
189 394
298 535
144 729
383 297
55 218
410 664
857 1337
659 241
585 55
791 442
823 1437
1438 972
1040 1306
754 363
1254 941
434 204
241 154
495 118
454 743
1222 1418
1384 883
729 1209
347 431
772 1220
998 826
1261 119
703 492
726 564
308 741
1232 762
880 855
568 536
644 109
45 564
1222 1041
144 577
179 82
417 21
535 55
1101 756
1441 170
1369 775
775 1308
943 1153
55 480
1245 1153
1161 966
715 55
496 140
953 1328
454 556
1010 1195
40 712
460 155
1384 1348
874 854
1103 979
387 676
736 323
515 1381
1394 835
275 650
1047 949
547 535
852 1091
377 1052
1202 878
612 512
1054 1209
953 814
431 493
824 941
676 248
855 835
347 297
953 824
699 634
610 664
747 563
556 55
1346 1135
177 493
283 155
224 465
773 1277
591 180
640 55
2 332
1192 1037
737 726
1384 778
1300 855
762 1245
631 535
461 641
816 1437
72 460
440 13
477 349
332 155
1214 1051
1364 952
856 883
1444 1220
642 493
460 172
729 1381
585 389
762 1422
1414 1215
210 396
1408 1041
394 72
1361 963
115 1
1381 1179
168 351
1081 1051
892 1164
587 204
559 99
1326 1270
1329 276
729 1270
361 318
117 170
467 687
1103 767
837 1478
767 798
1431 1437
223 1306
1329 297
357 483
1065 1444
391 55
729 1430
115 514
537 641
1275 1177
14 729
1275 1246
202 585
773 741
1339 855
1413 150
1115 1049
1135 766
187 180
101 467
900 762
460 118
1166 1091
1373 1459
256 396
1287 1437
1408 767
1325 1179
612 75
165 498
626 323
574 202
150 1051
1051 1166
1163 1438
144 547
1101 1345
618 167
204 55
492 641
90 493
1177 1437
1141 1021
296 1325
85 155
1024 1000
563 669
347 323
1345 879
21 570
1277 1223
1384 941
1252 1112
1232 1222
1115 1000
1051 1055
918 919
642 818
788 1051
341 75
1348 1153
347 394
204 115
1144 1166
904 1270
1360 968
1277 1139
612 575
1461 1437
574 377
467 389
1026 855
921 979
1041 990
1172 966
642 650
737 514
1326 1223
295 514
934 1479
1395 781
238 145
1061 1240
659 210
363 513
1449 835
1091 883
189 563
1009 1245
993 908
847 1008
256 155
602 1152
524 676
1364 963
1121 170
1263 1479
934 155
775 1306
787 1164
390 936
934 1051
387 453
862 1108
229 155
1131 713
1031 935
290 729
1131 337
610 1245
618 16
14 1461
729 818
187 603
1282 1408
886 312
469 514
1131 2
852 971
855 1360
204 119
1202 1251
623 13
631 712
993 855
1479 1092
1392 1008
1328 971
492 323
1371 855
927 119
363 564
1236 961
1096 1437
754 535
737 377
1108 885
1410 856
1049 1121
70 82
1048 1081
1004 170
807 878
559 155
1217 1081
604 756
249 729
326 434
561 579
1320 826
1101 817
469 115
909 1071
90 102
536 210
1463 394
73 741
568 729
1478 944
493 202
925 963
702 495
121 155
18 55
1364 802
180 563
1346 1489
1381 729
501 391
1457 1153
1103 1041
1108 991
1408 1021
644 363
72 644
20 180
465 547
664 154
1101 869
993 963
1437 1041
1427 798
943 500
451 405
826 1021
46 729
406 919
561 301
1414 1217
115 480
1215 1185
181 479
873 1153
1359 1008
587 609
1214 1245
100 754
547 224
524 99
1430 741
1329 1430
229 641
1252 1245
891 826
729 756
880 249
109 431
907 1108
781 1399
927 1179
1191 971
492 155
65 27
444 570
659 170
1051 1134
1101 1153
826 1091
218 631
504 1112
55 27
144 210
856 741
604 642
75 563
100 642
1162 826
469 1437
490 1209
573 644
1286 1245
467 644
118 729
773 602
382 170
1258 1306
1401 1051
600 1021
1384 1357
1479 1121
56 726
150 566
468 1477
479 961
259 180
55 22
775 907
249 1479
685 55
1408 949
394 189
839 1048
642 55
393 39
604 641
1325 539
1401 786
570 642
468 144
177 245
399 585
1202 1041
180 642
813 1223
1135 1172
773 1427
499 570
244 363
1392 1209
10 301
389 596
1307 767
2 561
1047 249
454 337
220 585
144 288
151 642
899 1275
310 29
765 1245
1402 1051
773 889
935 1177
1351 773
191 389
494 641
259 323
1117 170
560 662
1329 878
100 323
1207 1158
855 1472
763 879
1280 1317
547 634
1277 1478
202 662
1049 1479
1108 772
547 97
1076 963
1365 854
1092 1150
856 1013
818 1223
99 644
878 855
140 577
1024 762
1200 136
119 1041
1051 1437
160 172
1383 1172
449 483
1195 1041
28 452
772 855
966 1360
729 1179
31 441
168 15
1191 899
249 1217
492 31
1231 898
168 454
1000 851
895 1270
835 1392
1187 817
1328 483
937 1069
575 417
1128 1479
29 162
22 500
484 78
591 609
909 851
590 591
1037 955
921 1148
615 492
191 484
1048 1222
1463 798
618 591
1077 892
1234 1408
884 996
676 14
1429 810
1140 535
387 649
119 941
1131 323
1429 798
974 963
1194 854
296 835
387 268
676 323
205 323
1209 1152
512 13
56 323
101 78
597 1245
273 741
787 855
1117 1051
762 1214
585 467
468 570
167 316
644 669
941 1037
1438 798
259 687
661 493
177 229
417 323
210 233
900 1348
1328 1048
191 483
1063 1478
1280 792
967 490
449 389
1461 1055
634 741
620 150
31 155
1125 1112
1446 1086
773 1418
524 1179
781 1463
1482 1232
736 347
481 85
1185 963
468 167
1000 1126
256 644
118 585
781 1092
1015 1437
32 1112
253 963
333 170
1412 1236
618 391
75 374
653 729
1236 762
190 155
1334 773
99 417
843 1192
935 967
851 919
1226 1000
2 641
1369 919
911 597
289 641
363 288
1015 971
782 1463
469 460
1055 767
1254 904
855 1030
1209 835
775 1215
1328 1041
1478 1112
357 654
387 389
417 326
1038 1191
824 1164
180 202
980 851
1040 1418
857 741
1227 1436
1329 218
1244 1153
205 480
559 642
14 72
223 563
1051 14
1240 1232
1246 879
406 1152
1209 1231
669 677
1104 1008
762 818
253 1051
1187 1159
1461 119
1135 1126
1164 810
858 1356
618 154
454 167
1459 1250
1476 1041
806 1245
477 972
604 238
508 702
1104 1041
644 374
515 1223
1103 1121
1214 1000
648 191
1346 764
1280 1164
535 396
1408 1423
428 564
278 205
56 460
124 495
652 493
1478 1008
229 46
1191 1223
1413 944
56 85
993 1153
747 55
393 493
1047 1000
855 1214
257 467
387 1330
855 901
804 1330
816 1337
468 191
1037 1028
767 1055
815 1091
775 839
1047 826
82 46
568 664
907 963
224 140
1310 908
1135 779
764 170
1135 792
966 1429
155 233
82 189
524 623
469 483
891 155
1065 1040
570 150
508 604
816 944
460 31
953 1221
316 687
933 885
922 1001
1459 1185
1166 1463
631 1179
1051 1086
922 1048
855 1128
612 115
218 150
970 1245
880 826
1217 1231
702 55
922 249
1217 935
90 446
72 210
816 1436
278 399
14 687
855 938
181 741
602 756
1168 1270
781 1091
711 323
1407 826
298 64
1461 837
631 563
660 726
103 588
886 1387
1369 1101
726 514
73 189
363 39
492 703
469 741
570 335
250 1021
1063 1437
1269 919
238 210
361 55
1020 1245
855 1389
818 1051
642 23
137 89
1425 1301
29 409
396 297
101 585
1218 1092
1439 1306
14 1437
1200 963
1457 793
14 297
224 572
361 563
1162 792
202 604
859 878
702 508
953 779
218 727
1277 835
99 495
982 1112
966 798
119 1148
1038 1337
1063 483
512 615
1231 1097
994 1045
40 229
1113 1455
393 140
298 204
503 434
583 642
775 1344
688 218
189 288
1185 276
259 514
1476 1437
612 202
461 441
167 118
1372 767
189 99
620 35
41 431
980 838
765 1461
773 803
935 1334
1401 1245
469 417
788 150
47 729
1360 349
1325 798
22 726
1104 1459
688 726
573 570
377 1021
992 1330
394 441
614 47
857 1478
167 468
1141 949
1384 1031
618 150
1185 1390
1384 1392
181 224
886 1041
163 155
89 1153
288 729
109 363
393 675
1325 1231
1410 961
448 471
378 798
451 547
55 754
508 432
1441 1330
363 189
1021 1055
977 1293
659 17
1231 1209
387 933
363 101
1093 1251
754 693
256 664
1360 828
202 374
1061 1086
1177 1136
556 726
855 1297
224 154
422 1112
1047 762
468 35
927 885
278 432
956 1153
1309 892
454 662
349 493
829 1112
615 387
484 85
618 585
1459 1277
1161 1325
892 119
935 1250
335 641
855 1350
101 288
855 1087
24 170
123 637
631 1437
417 669
852 1191
1225 519
648 604
873 1179
1479 1042
880 936
1031 1153
647 210
519 721
973 1461
95 233
916 1045
524 579
972 1141
815 1092
23 402
1211 1000
1222 1051
675 144
1101 941
259 276
469 295
1280 798
556 205
1172 1346
935 1071
563 55
818 936
1081 1223
568 288
892 1134
1287 855
341 641
561 1437
681 18
927 170
1422 1232
469 468
1404 996
1275 879
1161 1330
1051 856
566 180
89 72
512 316
162 15
555 737
257 189
1408 971
99 118
807 979
1412 1232
1394 855
943 155
505 996
1053 900
27 154
187 323
41 669
1394 1179
865 539
406 798
895 1245
1061 919
101 172
927 1051
157 85
1221 883
1236 1214
556 399
1191 1101
854 855
224 489
823 1330
755 144
1421 854
1061 1330
583 493
1325 932
454 675
660 453
1316 963
468 644
1348 773
604 109
243 155
855 1101
980 1092
1186 963
1081 1172
775 1364
623 465
406 1245
1321 828
1482 822
512 64
1161 810
1250 729
1274 855
1177 922
1126 1192
187 150
502 89
961 1067
469 150
1101 855
1390 1482
454 559
946 878
483 729
975 963
1277 1209
675 650
109 669
1177 1356
610 1041
1463 782
1009 843
1313 1013
1076 1277
46 591
1325 1223
1041 856
762 1352
501 687
168 664
918 961
975 1245
1101 1390
1257 1153
484 479
1351 961
1211 1461
389 547
1065 1037
132 1478
168 162
218 13
647 434
1101 1068
773 155
559 35
82 405
1177 1295
617 55
644 65
101 102
1414 1330
204 492
75 55
480 514
1215 1081
806 952
980 1041
1162 1086
75 687
726 563
224 181
855 992
1084 1081
796 980
1479 679
29 641
856 909
383 13
1384 1256
935 1447
1326 1430
856 1152
483 119
438 1086
1231 1081
1045 1191
209 434
29 351
119 810
807 1041
481 172
773 1007
1041 1423
1320 1249
1249 1320
788 119
1408 1158
296 1330
151 323
936 729
1054 170
180 712
189 172
1246 1373
1360 150
223 1209
20 155
762 490
124 561
55 535
1115 855
691 642
995 1000
1224 1000
675 609
317 535
1195 1153
140 644
953 276
1187 1153
1000 995
1253 1463
1062 919
729 31
774 1270
72 13
156 1051
851 798
1406 1328
620 155
585 570
729 754
68 687
675 687
184 979
604 13
855 858
1104 1021
347 641
1135 1121
1479 904
755 31
641 729
387 114
256 432
1000 909
1430 1063
675 1463
943 1134
669 1245
1288 802
524 389
1352 1437
882 1429
1329 1112
726 14
1135 786
257 642
1325 1245
332 993
288 23
1277 1381
566 248
170 641
993 1245
855 1077
566 483
389 664
99 687
29 268
855 1384
1000 979
547 664
149 641
782 966
1108 777
211 1209
15 130
123 434
645 729
1445 919
163 248
238 623
89 493
921 810
1427 1053
347 676
765 1063
1437 878
536 564
332 729
670 156
209 453
1028 980
1037 249
1009 806
257 664
918 781
278 589
855 937
1446 773
1439 115
956 1102
650 248
1439 642
24 154
826 1051
1334 855
765 490
170 640
1296 483
1425 1112
967 150
851 959
660 756
773 872
1277 980
155 102
436 130
350 554
726 202
1000 1219
822 1122
298 155
807 1455
585 754
150 323
410 332
218 641
224 393
1373 930
1051 837
1280 1041
56 634
664 727
1321 1437
402 641
823 1270
883 539
855 1489
762 1048
501 191
755 65
1461 1250
1346 803
387 737
347 154
68 155
1435 1209
327 798
113 729
1054 500
177 119
492 664
851 814
299 514
631 442
209 729
596 641
966 1053
1223 1270
1459 1217
807 1121
1091 1048
817 1144
311 641
1382 822
570 394
1427 806
1125 1306
620 729
389 202
363 664
524 664
144 387
460 480
1362 974
574 40
583 301
726 189
1461 490
1065 908
1425 1162
1191 810
1171 1153
465 156
699 514
1333 826
1063 961
217 233
574 687
489 115
1020 1479
393 572
1359 1277
259 210
1195 936
1459 818
535 642
1269 1041
1150 1478
892 991
101 137
144 756
144 664
935 1231
1317 1051
259 737
1236 798
1287 878
619 818
351 483
1135 967
1321 793
512 449
187 154
512 167
840 919
1456 1374
880 1392
16 72
935 1209
187 102
676 72
525 519
99 544
1131 434
880 954
377 544
472 519
662 1437
749 102
431 363
805 963
1477 559
1245 878
747 13
950 1293
512 241
18 180
754 495
1425 1456
1049 1209
180 441
809 16
1152 941
189 186
1278 1437
460 453
1410 1223
1152 756
1274 826
873 963
1096 1245
1408 1306
1063 1306
981 1445
644 483
1101 839
1269 1067
492 741
1401 1429
259 642
180 434
1384 1360
756 396
659 128
1135 1152
1187 1306
387 29
1328 323
807 1293
900 881
257 192
856 1095
167 371
332 156
559 1477
1103 878
855 276
1200 1232
714 323
508 671
137 495
561 446
699 517
1217 1048
1227 829
210 1270
855 899
1185 1092
880 980
1411 762
498 259
981 855
1020 1134
900 1277
394 460
916 1153
699 210
1166 634
1036 1134
493 642
669 1063
664 535
764 1296
202 72
1473 1328
72 535
791 1455
793 913
1074 727
1047 810
223 248
180 154
855 1017
843 1372
87 224
1403 996
764 1150
703 389
1048 1195
981 1323
536 495
177 72
1047 798
1133 830
1236 1330
1214 952
317 102
481 150
1401 1209
418 741
515 1245
741 963
1490 802
1420 1232
699 591
579 547
1427 1081
1430 973
1456 908
874 1009
143 417
101 150
1101 842
56 297
580 448
669 650
332 301
808 88
1410 1045
1419 963
711 172
773 1422
1024 973
202 726
217 23
1351 880
238 650
1131 503
499 1215
489 687
283 979
1255 831
880 1036
1479 826
1150 1153
524 634
460 726
172 642
119 1021
640 248
618 127
56 687
561 483
524 483
764 779
1047 885
703 514
1041 1101
1162 1390
1437 837
21 187
585 13
644 150
781 1051
90 154
1207 1191
1117 963
1389 1251
209 637
1061 892
144 702
421 16
1333 1245
1410 1123
468 347
147 170
1092 1245
278 245
1258 1063
288 97
477 1245
1364 930
1054 1396
1482 1337
495 754
1468 990
671 249
1052 779
138 229
927 824
117 323
554 361
46 664
1439 641
806 1437
82 401
1088 1152
344 741
1135 1063
1384 961
277 155
289 323
1194 963
664 363
676 118
900 1418
973 1209
1214 1461
660 371
524 589
389 634
1423 1306
180 65
788 826
727 1179
1215 1049
855 946
880 1463
980 1231
1088 1245
489 16
477 1063
512 278
468 99
219 405
793 950
585 326
1063 150
956 1177
177 514
1359 1245
561 72
967 1063
1456 1051
596 564
180 641
434 623
727 726
855 1200
1112 1021
817 1095
140 535
575 1041
631 431
489 189
1366 1487
326 363
144 154
454 387
355 24
205 55
172 155
1020 990
431 119
1061 779
777 971
223 575
1101 1000
1459 1112
244 105
993 1277
1384 922
264 140
1426 1330
993 1459
296 99
55 89
615 172
626 194
492 363
1163 880
524 14
1429 892
162 115
55 35
568 279
151 1067
1135 831
1414 1306
477 202
508 40
461 623
1439 741
772 1330
822 1134
259 483
943 1430
167 387
1321 979
901 1000
1223 1306
573 194
1180 1179
109 155
524 256
1103 952
787 946
828 559
511 65
1177 979
1328 941
1191 312
162 167
640 687
417 609
688 155
1394 641
495 72
119 1063
468 641
664 172
855 1271
781 1026
1131 453
100 297
1 483
1036 993
1307 1437
1106 1081
75 538
1426 974
787 1217
55 159
118 570
1420 1411
1482 1153
238 278
773 1429
1214 1148
8 572
775 778
824 741
417 461
1392 27
1374 1479
1065 1124
1146 1092
118 90
394 118
278 136
1402 1245
75 489
669 170
811 767
1253 1112
781 950
426 730
524 563
99 467
856 950
512 249
966 1250
811 1148
172 189
644 172
1215 963
1072 963
816 971
467 248
410 694
712 114
31 297
454 155
1223 944
935 941
956 1459
675 492
118 492
1352 855
316 727
391 27
980 1469
331 155
167 1360
72 591
180 35
1037 799
191 574
312 782
1031 1357
824 1306
187 729
835 1348
641 323
420 544
436 664
574 363
938 1112
253 1270
524 591
660 55
75 1437
6 737
988 1429
756 727
855 829
765 155
22 406
644 547
1328 1317
1396 1045
449 741
1045 1306
32 155
626 434
972 1185
1218 1195
791 1407
524 477
167 741
1135 952
387 512
980 895
900 1150
489 389
1000 943
72 726
10 644
241 55
1101 1071
460 472
855 1301
1026 1251
880 1357
524 642
938 798
1000 1307
620 297
14 591
852 1051
604 180
605 1041
431 155
454 621
1318 830
1227 1244
566 729
501 150
55 615
467 493
1231 816
187 189
415 609
332 187
1054 874
596 301
72 483
1049 993
434 114
1411 854
189 441
1007 1092
899 1045
454 577
855 856
1135 762
1236 500
1427 1179
113 323
9 155
1352 1122
484 155
1177 1250
864 959
250 564
1246 1478
961 835
1456 1034
518 996
315 544
218 417
241 431
512 220
712 664
1425 895
816 1121
1000 1359
886 729
541 31
140 72
1153 1041
264 15
180 14
204 514
100 1463
1186 675
1209 394
855 1338
1375 1437
119 55
434 637
1000 1489
180 512
23 27
1051 1222
385 641
479 756
1411 775
1329 885
281 563
109 756
589 640
283 168
892 1136
615 118
1372 1028
922 1330
620 754
1329 1330
1435 1179
1036 781
1410 1245
562 669
604 18
1460 1153
1239 1051
119 1479
1419 1401
87 155
967 1463
855 1124
75 577
219 150
428 155
573 191
1440 1021
399 24
181 155
1047 1048
85 472
1257 1245
1164 1112
669 441
256 150
1083 897
415 155
659 333
823 963
56 417
574 218
865 801
729 99
1461 831
224 642
453 641
477 150
602 826
1383 1479
1413 1144
56 585
550 233
1209 1330
421 155
1339 1086
1144 932
640 642
204 798
24 170
434 493
741 641
1000 1454
160 96
493 102
781 777
14 301
773 1152
634 65
803 1479
1441 854
1227 1432
165 99
245 127
489 118
109 389
496 172
307 155
837 155
642 932
468 189
93 493
1427 145
612 712
1348 901
585 990
568 155
56 363
189 233
187 460
1392 483
640 23
189 547
1479 249
920 854
1177 1479
1000 989
515 798
839 1290
1413 898
1047 878
1185 1352
818 885
909 1179
170 55
219 417
40 85
150 1463
1081 1053
721 641
892 1270
1436 539
1163 1055
1278 990
972 961
144 29
90 431
1425 1051
363 18
347 547
1076 1008
980 1374
489 729
538 210
1269 878
1405 963
855 1054
644 170
352 963
1163 1121
1320 1264
399 155
645 268
1172 901
972 980
181 140
249 764
1168 539
1401 944
1479 483
399 335
238 180
238 155
1126 854
168 256
1412 276
1020 885
754 144
118 669
313 165
317 210
618 145
1246 963
585 335
2 391
27 144
1185 1041
1000 203
21 210
434 664
1171 1051
980 1458
492 434
773 885
897 773
851 1053
124 726
808 995
1052 1447
264 224
15 156
1317 971
664 563
118 14
484 446
1092 1328
1232 1086
431 641
1393 1437
118 394
596 495
852 1293
21 191
927 1245
875 1479
765 762
243 641
1411 1209
570 55
35 55
829 155
1057 817
1471 855
1101 1150
1420 1008
363 461
101 460
55 187
207 210
454 354
1103 1269
1423 818
1461 971
881 1245
561 13
1438 1134
172 472
2 204
793 249
1153 837
454 650
568 453
1232 1112
835 1320
144 180
747 454
817 1437
1217 1330
1348 1041
1103 941
1009 1321
1101 1317
1482 1041
223 687
75 191
14 405
1427 1392
1282 1479
1101 1009
772 1411
856 810
2 24
1113 1148
40 405
604 224
461 1463
1223 1179
1183 820
396 729
1215 1000
1162 519
101 31
209 323
1070 855
326 687
99 615
1216 641
1286 1277
1246 933
92 640
667 641
492 233
837 1270
575 24
1232 1459
570 547
1369 1437
363 495
837 1232
282 669
1055 1461
1384 1148
84 641
68 579
1427 99
988 1245
1041 1202
508 730
454 345
1135 1478
492 99
1192 919
378 24
937 1112
1101 786
947 892
377 642
1121 1112
256 570
1479 1095
1250 1461
72 150
55 563
1246 830
1177 1112
410 119
777 1317
1222 1232
1006 996
1246 1413
1040 1390
1430 1306
180 591
715 641
468 560
1117 1232
1394 1164
303 641
731 55
162 29
151 55
1126 1441
886 1159
19 979
856 859
1106 989
454 726
980 900
855 1339
155 347
781 1122
895 972
947 1055
481 162
417 387
72 155
1104 1112
1195 1427
1329 768
1092 1081
947 1306
818 798
1047 1179
1333 959
1369 855
493 144
1101 1095
1154 919
1325 1166
427 53
394 756
113 301
365 477
1260 1260
604 560
399 454
1451 1479
773 1112
34 159
1351 1191
436 431
815 1360
535 480
647 241
1000 1201
615 399
501 642
218 798
1166 1092
762 824
1195 1479
144 676
1063 936
1328 981
299 664
927 779
155 55
99 517
880 641
10 72
935 1051
109 585
1351 1051
172 726
1366 1121
469 389
713 115
843 793
1231 1356
259 535
461 155
417 297
211 394
299 55
637 713
177 75
688 118
303 155
1250 936
1329 782
82 75
40 649
509 979
793 1321
875 1276
855 1298
479 564
919 810
167 712
801 855
417 712
1351 1245
484 210
1328 1051
1061 830
1028 276
1218 764
1364 1366
36 189
1108 1444
389 431
410 641
1437 855
1065 895
882 1065
1411 1420
24 610
503 114
1325 944
1461 963
1082 1144
1103 817
350 85
378 155
1351 1081
725 155
1172 1051
378 55
661 99
278 1153
972 883
218 1463
1037 1192
1236 1055
1276 798
1053 885
1244 1008
1346 1024
861 434
1000 1441
241 102
828 1164
117 438
99 675
27 754
432 155
1215 1207
144 741
90 150
1375 1153
743 189
1192 934
936 1209
1425 878
1406 1112
556 396
202 186
394 547
676 798
40 363
625 454
935 779
501 55
16 756
579 754
1362 1269
560 154
1054 1461
363 677
1435 967
886 1051
99 729
1325 956
1441 1041
619 150
567 24
90 301
477 493
420 194
155 405
257 55
1055 1179
512 642
493 756
387 477
524 561
536 754
813 1101
1429 1222
223 798
409 75
940 919
300 155
1371 963
851 1093
589 191
980 1369
296 1430
1058 1000
467 441
1295 898
647 72
283 180
878 919
180 27
253 493
224 288
1276 1463
711 641
218 99
652 297
469 1479
321 238
777 979
966 1479
393 181
765 1048
202 524
1403 1159
664 189
676 1437
490 967
202 150
1430 1051
922 312
23 1380
1333 1041
643 990
1096 1394
1382 952
1187 1101
2 754
981 1427
775 1209
815 865
855 1231
823 276
101 461
144 351
1431 1055
880 1215
449 641
347 535
953 1455
1164 1317
144 127
882 1153
981 805
1421 946
249 55
1399 810
1255 990
647 192
838 1328
1092 817
818 1152
1450 1008
596 109
857 961
815 963
1419 1478
1381 438
1329 741
1000 1271
56 561
1051 762
925 1153
919 1437
831 971
1051 835
1161 1045
1328 493
427 544
1221 1045
1004 1051
15 650
387 467
570 417
492 405
1479 1231
919 1191
1187 996
1131 572
1339 878
1000 1036
667 155
422 248
855 803
75 145
855 1064
956 1191
1245 892
816 1191
1231 1401
1313 1049
612 726
754 405
58 587
40 227
1274 1123
93 514
1191 1195
256 615
880 1227
600 323
363 549
188 640
1359 1051
615 642
209 443
604 394
332 1052
1360 855
901 963
1223 1112
602 773
1482 856
1200 1414
900 1217
620 634
109 96
703 563
501 574
911 963
449 431
547 1008
515 1479
1269 119
8 564
389 363
1103 1067
1108 805
544 155
1339 1459
874 1164
512 39
1051 460
257 575
1000 787
807 442
387 22
775 908
787 1003
434 155
1047 855
1253 1245
1154 885
365 641
807 855
1313 835
539 1437
508 589
1051 442
837 1164
615 394
731 1067
1435 1101
642 591
998 1048
1303 1112
725 189
1 644
1092 1041
880 1008
927 1112
180 150
1345 1301
56 99
1218 880
1237 170
14 154
1320 1317
1088 1112
326 75
1407 1245
1325 1392
144 642
919 1153
368 245
1430 566
865 1037
855 1163
747 493
1212 892
1187 1478
192 979
641 210
860 483
1104 1306
1463 490
1037 276
1209 878
1227 1232
1131 492
178 301
1109 1250
90 741
1383 1081
1408 872
156 55
332 490
574 35
936 641
790 990
144 563
767 1461
217 222
777 838
1082 968
204 1041
1101 641
919 1209
1225 480
596 1437
1282 798
1052 1000
532 55
172 535
1333 944
512 8
644 492
1000 1080
1062 1437
22 524
492 394
855 1383
479 484
927 936
479 729
699 23
1364 1245
1437 1148
118 615
363 159
202 729
1166 963
1270 442
1013 1153
495 31
935 835
980 893
1062 1153
118 714
172 150
773 963
664 65
1109 1381
922 1479
1172 1437
1402 781
1009 1351
1459 1051
1320 1245
75 461
1317 1478
493 675
387 1051
1413 798
1473 591
1404 775
1166 762
56 301
1410 519
1192 762
249 671
1406 767
22 483
431 754
431 55
816 826
1051 1179
9 145
1325 1013
468 589
762 1254
981 1280
46 585
818 55
589 662
843 1026
618 703
89 1245
743 446
815 1112
967 1086
1195 944
851 1133
782 1331
518 972
1031 963
1364 1306
172 441
644 55
568 367
824 1360
163 170
1192 1051
1457 1164
1194 1306
1179 1112
204 642
241 729
1482 1101
1215 819
1133 803
13 180
1232 483
41 512
282 483
892 1254
604 264
1037 881
124 104
568 422
1313 1461
1047 944
618 490
209 210
1425 1390
781 855
1245 1051
886 773
1384 1091
568 861
137 389
561 55
363 612
574 566
132 641
168 323
880 1409
1381 963
935 1086
377 667
387 688
75 441
1028 1041
1209 919
1402 963
676 35
512 687
1351 1293
813 1153
574 508
2 248
813 963
892 865
644 155
1057 996
191 55
99 566
150 1231
703 99
935 756
895 919
765 1293
204 78
1210 1146
602 323
1015 1270
24 741
24 402
278 837
144 35
855 1394
648 754
793 1000
1146 1008
217 600
1172 1053
935 824
781 1357
1200 1121
162 754
781 1095
1091 817
56 461
664 233
1133 1390
642 641
341 102
24 154
1384 1041
669 1134
363 637
762 1478
31 756
29 155
1231 1123
75 460
762 1414
178 623
1013 1101
119 936
1286 1348
1041 1463
1471 1153
150 1325
585 535
664 288
1231 851
895 1051
137 577
536 180
1028 1051
575 399
1232 1330
1063 756
781 817
202 640
417 90
201 172
1037 793
99 756
1461 878
189 687
768 1054
389 218
1280 1245
1185 966
1152 490
118 726
481 677
16 468
1214 1209
1257 1232
347 434
818 493
492 644
268 31
880 1348
612 89
1125 1270
454 589
880 946
927 1086
1179 1051
855 1090
974 332
1217 1051
887 990
177 115
173 213
1286 855
387 530
619 405
405 454
1479 1351
155 519
981 786
1246 782
73 544
856 442
349 535
202 727
229 180
418 1086
273 170
1269 835
1237 1112
775 955
604 535
559 979
399 65
1048 1112
838 1306
1104 855
1458 1153
1031 762
177 102
1439 189
644 570
495 644
524 512
536 73
16 1051
765 936
892 982
1401 602
156 297
568 141
40 144
1209 1041
1437 1112
363 641
855 1104
1250 1360
1041 830
1339 932
56 434
219 603
1418 900
1135 1112
893 1251
747 105
1140 963
589 547
469 756
1209 1081
851 961
1202 1134
1344 1041
1246 1217
1459 936
855 1265
953 1245
1131 361
826 835
40 8
1410 818
855 1162
714 514
167 660
69 564
18 323
1383 1245
454 29
762 1270
1146 996
1449 1051
1222 941
816 1144
730 220
437 741
727 729
1479 1438
955 1153
693 363
2 99
620 493
132 798
1203 1437
100 363
288 115
934 1201
29 202
84 741
417 726
156 644
765 1277
167 405
498 454
393 1437
136 973
1269 1245
434 514
1364 1112
793 806
966 1150
501 417
1296 1328
617 729
165 256
56 75
953 956
1037 908
1473 1067
1402 908
1214 892
512 493
535 159
1246 1041
837 1152
444 155
40 642
489 535
468 591
1112 1067
994 979
778 1301
1395 971
1479 818
512 99
296 248
101 679
1473 1001
101 155
953 835
1191 1001
953 782
852 779
966 913
1041 878
935 1296
1047 1047
974 898
387 741
762 1153
289 514
1439 154
1200 1051
1296 1455
72 99
553 556
454 223
675 13
415 241
1092 1164
253 167
1103 1437
855 1351
72 563
932 1048
892 936
711 623
1116 1218
1456 1179
1364 1489
210 514
950 781
449 396
511 170
855 1010
737 1051
18 642
754 371
75 519
515 641
824 798
956 1250
892 1041
786 1245
191 468
480 229
492 623
1355 1479
18 561
916 1339
140 55
1215 872
615 55
344 323
72 489
70 187
467 570
144 662
481 535
1383 810
46 434
383 155
583 119
350 186
1382 1041
144 579
123 155
873 1251
150 756
356 741
238 687
773 1070
14 480
956 1427
826 1306
178 180
561 493
1384 1191
147 730
1264 1185
363 712
1458 1041
1329 1135
288 172
75 99
1411 1008
224 292
620 218
468 687
727 1478
1384 826
1478 878
992 1220
387 434
14 932
618 159
1112 1020
524 374
489 31
1163 1081
559 301
966 1463
807 818
855 1411
211 996
1371 762
524 567
1104 1051
847 990
1320 1121
468 434
1414 1091
172 644
1291 1455
702 575
1427 1437
855 1165
1423 872
1446 963
307 729
524 89
536 726
1191 973
880 944
909 1330
1113 963
762 822
1150 1211
1179 1463
410 115
532 483
1384 1053
219 535
156 323
1053 1232
1187 1418
898 1156
1237 996
1408 1369
727 180
1085 1000
1408 1337
1101 1156
424 671
966 1459
238 2
512 371
981 1092
117 963
1222 878
396 155
737 574
1407 1461
1394 1399
218 642
1375 929
22 963
773 1446
1423 1270
980 1352
1439 1245
703 202
935 1185
90 155
1362 762
1479 1334
615 460
1313 1301
579 16
1427 642
1277 1306
8 604
585 189
399 1437
876 1306
641 1086
568 694
568 404
1438 1330
835 936
1441 990
1238 892
642 729
1153 1048
1264 855
1053 1420
556 347
568 109
218 1245
763 878
851 904
980 860
1092 972
676 566
377 155
1185 1334
100 396
1141 773
1135 1438
1414 1479
1431 1101
699 27
493 483
620 431
856 1091
1487 963
1296 885
1054 1232
1065 1460
1191 394
560 434
493 99
394 660
1127 802
1101 1166
1047 1150
1461 1067
669 1112
1397 963
508 59
387 642
824 1430
172 233
303 741
55 547
495 218
1047 1091
900 1401
353 16
75 591
1193 155
1317 919
219 301
618 155
202 621
1055 1122
259 102
1162 641
918 1051
585 591
644 371
1396 1054
1054 1051
940 878
736 154
904 1192
391 323
453 798
855 1185
363 675
880 782
596 89
383 495
132 150
492 699
547 155
1187 762
55 687
807 1463
1313 1086
856 1112
278 465
669 1317
536 297
1421 949
387 432
1141 1209
1437 1051
1421 775
99 641
274 363
1402 1164
604 159
1273 1411
618 579
855 780
454 809
631 118
1090 1112
241 159
181 648
347 493
579 297
1277 855
1095 1218
615 495
1246 756
512 472
492 118
561 180
402 188
1222 1245
540 245
1246 1411
181 87
1195 814
431 99
1373 1232
568 429
559 297
72 729
453 210
631 218
241 756
449 115
1461 1306
1309 1051
660 641
675 233
930 1275
418 443
363 432
880 1150
460 756
1000 1224
843 1201
1200 1191
1432 869
787 950
387 55
737 1112
181 754
547 55
944 961
477 181
880 1270
16 118
492 687
90 641
1329 967
75 102
191 85
972 1373
524 27
919 826
1135 1045
1177 956
922 934
568 503
40 644
508 127
703 180
648 224
1431 990
1276 1293
880 892
646 170
409 641
144 460
1410 835
167 563
585 167
953 772
1387 1346
1103 1408
787 838
229 465
253 210
72 756
21 218
218 729
1382 23
602 1101
813 1021
1113 1317
1463 1063
55 446
1152 826
1427 779
1296 1418
816 1101
1459 1223
436 295
1223 1330
394 155
454 358
1037 1334
40 718
377 649
935 55
492 72
556 468
1135 1430
332 956
559 729
1199 1112
1408 1112
1004 1055
56 756
763 1069
328 754
1374 878
1213 793
664 72
140 297
56 664
333 160
993 276
1079 979
515 855
927 878
180 615
474 979
855 773
1101 1211
1320 862
1274 1429
191 492
350 493
647 466
119 1337
865 990
1131 8
856 1478
855 1336
1287 767
1409 1037
396 35
826 1463
1209 798
417 566
1215 773
125 729
947 170
469 669
24 610
1392 1217
40 72
1041 762
1054 1427
1482 1357
1185 1317
461 967
1479 1177
676 31
1366 1270
880 862
151 89
604 187
1153 1445
1267 805
1187 1041
117 210
1199 1411
431 729
938 837
1381 1463
1144 817
687 675
860 588
685 741
900 835
460 218
118 35
82 514
1038 1001
773 1200
99 301
859 1461
1439 798
1244 766
1268 1122
1408 1164
1000 946
31 405
1360 887
205 756
328 119
1028 1179
1101 1330
1131 465
512 405
1051 312
729 297
189 72
151 1153
998 1306
1333 1270
1244 937
1215 966
177 140
1445 1112
438 514
699 492
1004 1245
824 1209
177 55
1051 936
229 729
743 644
142 454
9 55
904 1000
793 787
1020 1153
1102 855
892 1478
1245 1041
1141 1445
1088 1037
477 1461
218 547
793 1389
764 1172
297 641
855 776
843 1418
144 282
835 1266
1251 855
1117 641
857 1325
781 1175
900 1152
515 935
1479 950
1044 980
676 189
1215 1130
394 288
664 492
956 1052
469 297
241 249
1325 971
288 441
277 55
1384 1179
1063 1325
802 1067
626 23
787 1112
101 72
409 24
1487 989
394 35
202 102
1475 1069
988 1250
568 1
620 55
547 495
1296 1048
566 144
777 775
317 650
669 1041
1334 762
181 189
163 27
2 29
1003 1438
1101 764
350 637
971 1051
229 396
465 405
647 46
101 441
843 1028
826 1461
363 335
465 297
892 810
368 642
1007 1053
296 729
1041 1112
943 764
202 432
40 650
417 363
24 102
17 741
1479 1081
177 405
956 839
202 389
835 1069
99 483
1362 952
202 741
566 363
1334 878
1104 1330
777 810
699 351
968 756
1164 885
1152 944
815 1051
1387 762
524 530
204 245
959 980
1130 1301
824 1232
778 1384
816 1045
21 468
880 1231
75 472
1329 963
191 589
1101 950
296 588
1104 803
178 55
1394 1008
1 155
89 23
24 107
1101 856
747 180
29 450
669 405
1326 1330
256 493
561 150
876 963
778 802
660 591
335 963
1427 1461
191 75
505 483
387 278
547 837
1423 1374
559 644
762 1071
1276 1055
446 535
1374 1399
1459 941
361 468
657 170
1051 963
296 297
202 118
1135 933
21 55
1150 1008
1300 1067
777 1121
930 878
568 246
1177 933
524 621
1177 1222
432 75
953 1069
1459 835
172 687
729 642
781 1166
191 578
773 136
981 1349
1360 1340
604 570
1317 826
726 441
56 405
55 155
521 248
918 963
934 839
1068 1437
1245 1112
1296 1153
900 801
676 936
181 714
943 952
1384 1268
788 323
878 1122
824 818
688 649
765 1330
1058 1045
351 517
1422 1191
1163 1185
1444 996
993 1461
775 170
1049 490
512 154
465 99
574 547
162 650
1236 1081
14 495
155 480
218 323
1357 1001
477 908
259 300
465 155
1164 892
892 1245
1394 767
109 18
1083 967
1047 949
703 233
347 155
909 1461
387 65
1313 1008
1407 779
1310 862
