940 855
1412 1041
189 1153
1360 1112
843 1130
1425 908
1083 1245
1172 1346
117 155
691 798
394 72
524 621
568 572
935 1164
504 140
1152 782
737 623
856 892
1202 952
259 587
1226 1048
919 1330
1221 1000
472 172
216 963
591 547
835 941
508 377
399 575
480 675
1423 1191
229 172
778 772
1482 1091
892 1163
1271 1055
736 661
737 420
927 824
256 615
1325 1463
278 75
855 1156
1249 1437
1162 1374
1211 1041
1317 1381
431 155
431 323
644 16
167 301
818 1179
1163 1153
737 483
1051 1306
512 102
1277 1139
1387 782
1479 119
399 191
953 1245
1112 944
101 564
1000 893
1321 871
855 1332
1166 1459
1049 490
1048 1328
394 563
660 55
238 189
204 535
1051 1437
763 1112
469 514
493 535
454 623
508 688
1108 968
1461 1317
631 490
967 1086
859 855
1479 1245
84 798
851 937
1394 835
900 1069
852 1223
218 798
512 712
24 89
980 1469
1020 1063
1337 1164
460 480
935 1334
341 115
194 641
56 75
765 150
1054 835
1088 1069
1192 1037
796 1437
493 467
532 170
56 323
566 489
281 483
1290 1153
1387 762
18 405
1231 679
13 144
574 612
99 446
1041 1392
956 1112
1135 1223
177 115
468 591
880 950
1055 1306
793 1479
559 189
778 1426
741 798
1439 644
773 1179
1000 1387
1238 1250
512 756
591 664
617 23
1229 155
1410 897
1479 1325
1320 878
559 641
1047 1067
361 155
981 768
788 1245
793 934
1427 944
1239 1185
1320 1348
843 1437
222 23
350 210
99 14
681 645
235 564
1109 1179
1215 1414
671 424
344 323
927 1179
31 460
1004 1021
535 159
156 544
857 170
460 189
1041 119
980 898
1258 944
1192 1330
21 570
90 297
224 150
1088 1270
1187 1045
180 441
1427 756
1000 1479
1461 756
387 1045
1215 1427
218 154
410 664
900 1112
1007 623
10 461
1414 1232
416 687
177 1099
1412 1123
212 96
612 202
860 908
209 514
177 140
46 641
781 1445
855 1090
501 754
524 818
1185 1429
1351 1101
793 973
1101 1479
189 417
125 493
14 347
492 714
762 1232
774 971
604 159
1408 1148
281 609
765 1479
477 1152
856 1172
180 150
1048 1055
568 729
1422 822
454 754
935 1191
815 1045
82 514
1108 1195
46 35
547 218
85 172
1200 1112
249 729
42 591
362 155
754 577
1024 973
524 587
860 980
1315 155
980 1287
675 756
857 490
788 1401
1146 908
1244 937
241 572
1252 1245
24 741
223 519
177 55
524 484
160 323
512 727
880 1101
191 483
503 483
1246 514
1135 1048
788 1152
1047 1325
903 1008
936 1478
363 517
205 687
980 842
317 441
264 40
55 172
1162 973
1372 980
1277 1232
244 641
492 205
1161 1429
650 27
1000 1226
1339 1245
1227 961
1421 1126
879 1270
1328 1479
754 495
843 1052
699 202
24 642
1362 855
8 55
1 55
278 432
566 756
712 664
1175 963
1394 855
815 1091
1040 1197
1214 1218
1282 855
604 102
754 180
283 180
1048 762
278 224
970 1245
138 641
1413 1144
1321 868
1436 941
15 544
953 1048
941 1401
721 155
1382 1101
1135 1438
467 729
99 90
383 55
940 1051
711 729
1482 826
1192 1269
813 1245
1274 1479
1430 1223
806 1172
1306 1463
512 229
296 687
675 642
953 1067
1461 1330
1351 1231
1325 1337
644 301
1238 893
297 461
754 351
1061 1245
765 1459
178 623
444 89
1214 826
229 75
1200 1141
1010 1051
631 967
449 641
1163 798
1103 1112
612 642
431 405
137 754
1161 855
209 55
18 495
919 777
743 577
494 756
1246 786
14 154
118 460
191 547
259 550
1351 775
1439 1250
1287 1437
953 1055
489 150
21 1051
754 609
1351 1053
843 980
224 570
55 191
573 323
460 564
1335 919
647 604
981 1101
1216 802
1222 1317
775 839
40 89
1101 798
431 180
1058 1045
119 1041
1301 996
775 1430
956 1274
664 591
970 1479
1091 1048
814 1172
547 224
855 1467
807 855
387 34
824 1479
1215 1408
58 1135
347 754
1028 276
1053 1328
824 1179
1352 1185
1131 453
387 741
788 1381
498 453
492 649
167 669
410 694
181 140
743 150
1274 1306
980 934
566 155
460 741
972 1081
1202 1112
1384 1071
909 1418
1361 996
852 490
224 46
1113 1317
117 204
755 644
1048 1306
561 1437
22 406
604 23
659 170
1009 806
981 1051
743 535
790 1270
1038 1001
508 53
1352 1479
645 170
886 1387
468 480
570 335
615 729
1275 942
1419 1298
390 461
347 297
1108 1163
515 855
70 641
851 961
943 1051
1191 1031
177 75
1101 991
1445 1172
919 1095
1223 1245
694 687
1421 1000
981 1427
705 78
118 712
1000 1051
180 640
852 1430
387 591
604 8
631 72
24 798
1236 1475
1015 1159
1316 981
1221 1091
1439 936
851 855
1223 941
168 664
937 1069
1395 1384
256 155
118 351
296 155
524 374
634 90
117 323
377 1430
676 963
317 159
394 150
399 170
1202 908
942 1277
1445 1328
1209 514
524 167
1054 768
813 539
596 669
1345 878
1047 249
144 703
1162 1306
1408 996
1352 1179
75 664
1048 1269
99 189
363 102
1214 1112
1041 1202
245 488
953 865
1287 892
179 664
559 468
1382 155
14 72
1351 1000
1222 1185
642 650
1085 189
927 1461
754 615
1024 885
579 570
605 155
1104 1461
467 687
900 1478
1146 817
259 498
1282 1008
568 544
204 155
14 493
489 118
965 1126
702 564
493 396
181 575
1286 641
191 189
1214 1051
1369 1095
508 278
953 1277
1214 952
1091 1041
361 524
1000 1038
762 1330
612 634
856 1391
417 712
1449 1479
512 566
967 1179
1101 1209
909 851
40 144
90 180
253 1051
1153 1461
1224 855
387 454
935 1293
1195 1041
892 810
855 1182
1329 1041
992 996
773 810
1439 1051
612 609
268 55
238 754
278 572
1325 155
1429 988
1083 1179
1413 782
1487 854
1313 1051
428 248
207 210
187 603
1328 1092
489 756
754 27
1187 1051
137 118
326 467
344 13
876 1306
144 297
524 256
1212 1055
1222 824
1004 1055
561 151
289 55
878 1051
338 640
477 1139
1321 1277
1308 1105
935 766
747 13
778 1330
1257 1231
1226 1245
99 563
703 563
85 514
1322 1041
620 547
1366 874
119 1051
162 155
1187 764
1191 1422
1038 1164
340 23
829 1232
110 501
855 1427
1215 762
217 642
1411 1101
317 243
935 756
1458 1217
1479 967
399 144
1431 1399
937 952
676 712
363 248
1007 1092
417 363
988 1245
484 564
21 561
189 460
1231 1475
1153 1479
855 1489
839 1251
1277 885
980 1221
566 729
941 1317
1096 822
387 29
101 493
296 1086
121 155
855 780
209 637
567 13
140 644
144 741
536 564
763 879
519 721
855 1383
84 741
585 101
1346 764
699 650
417 563
1223 1250
615 468
1210 793
940 1437
168 736
919 1430
351 55
1408 1337
36 483
1245 988
1009 1351
1485 908
540 515
24 610
675 23
1135 792
648 40
966 1360
855 1123
699 754
417 326
218 99
16 1051
18 99
118 99
855 979
218 756
703 155
217 424
900 956
1221 781
454 224
410 23
1101 829
1217 1232
620 754
1320 1101
1394 919
282 609
743 547
568 404
454 259
935 1461
515 798
1384 1153
1329 764
660 172
137 288
1427 1479
1223 1435
659 17
934 1201
829 119
144 301
1317 786
922 1134
1177 1356
1191 885
1425 1309
406 729
1131 55
1013 1245
441 155
508 730
614 363
1231 818
1061 919
1185 1231
73 72
567 155
417 323
973 1399
856 813
1128 490
119 941
402 233
454 370
813 1185
1140 1179
40 387
1339 1086
72 465
1326 155
1295 963
1101 816
55 202
415 681
468 102
935 1301
441 756
363 434
1360 1340
1286 729
1065 908
618 233
210 1270
1478 798
472 72
1360 1463
1215 1399
15 130
892 1123
1037 1088
1325 1040
288 115
927 1390
512 371
1038 1337
492 644
1053 935
1411 814
178 301
1104 979
288 172
855 847
295 436
956 1306
575 399
933 1051
935 966
1051 1041
177 99
173 213
1115 826
909 1209
1054 938
951 1306
1320 817
922 1172
1212 1112
575 634
1163 1121
117 154
191 218
793 819
437 741
29 641
210 233
1269 779
363 564
1187 1328
1051 615
637 561
1253 1122
117 963
15 703
953 1408
393 714
855 1394
762 1153
857 990
610 756
1202 1041
1108 1231
1135 878
350 434
453 1270
1141 1330
461 460
1051 312
45 717
492 754
46 453
754 726
950 1328
431 347
223 693
1 434
927 810
1384 1479
675 297
972 835
40 248
99 210
855 1349
631 1051
377 144
1435 1086
1329 1455
699 489
688 191
600 13
396 155
1268 1222
796 1251
559 35
1410 949
409 210
1473 1399
1446 1070
615 492
299 661
835 1134
813 864
1246 782
953 802
24 102
245 127
241 24
907 1408
191 578
1051 394
793 1192
467 389
23 575
155 492
994 1179
1374 898
99 591
824 1270
1461 14
823 1041
1047 323
454 205
1052 1000
454 591
180 31
1345 879
807 1055
1041 1179
1372 775
1408 1092
953 782
402 756
761 963
652 145
109 818
1348 1041
604 275
223 563
1161 1121
484 144
1225 115
644 675
892 1479
900 1053
1420 1008
512 405
1384 1051
589 144
623 741
512 35
387 693
1040 932
55 535
1439 741
953 830
357 654
15 481
29 248
229 140
1041 641
1246 1411
1165 996
644 396
726 441
1461 837
508 449
507 641
481 535
512 387
1047 1306
332 363
568 536
585 371
1318 990
1004 1245
90 579
918 1153
1125 1414
894 1101
399 24
385 396
1054 1209
1135 1121
467 73
98 114
1162 1425
909 1430
927 1478
418 443
484 136
113 301
288 396
977 1153
1062 990
1054 539
900 1232
1052 1479
180 154
773 1351
775 1062
124 735
936 1051
1413 1106
1427 1085
1161 1330
75 519
1127 802
422 596
1115 1330
699 514
618 467
317 102
524 40
46 741
1395 971
130 1153
82 588
1051 762
118 642
829 1317
772 1101
807 1427
921 781
647 180
298 204
118 35
165 248
648 191
227 155
492 102
1429 1430
191 468
535 405
596 8
390 55
1345 818
1105 854
1008 1101
89 495
1325 1063
511 170
1172 1461
14 323
1200 941
460 288
1041 1209
347 615
501 575
816 1357
410 493
1133 835
524 363
972 1352
737 426
454 625
775 941
667 371
1044 1152
1051 1390
981 980
968 119
155 441
1117 1153
891 155
1185 1277
1101 782
1476 1041
492 699
492 1229
1082 1144
1430 1013
1130 1008
659 407
781 1399
568 589
1185 1092
481 729
1041 826
89 23
409 155
604 387
560 1479
1236 1217
570 89
1226 1122
140 634
117 471
444 570
539 756
1277 1041
1479 1101
1317 944
1412 855
1227 1244
100 492
579 89
805 1459
15 248
99 664
387 621
1239 990
1276 919
181 15
352 431
219 579
75 374
363 205
33 1070
100 154
921 1482
988 1250
1425 1245
823 1112
451 405
257 102
1040 1191
378 155
1135 1197
2 1
1246 1222
585 563
1236 1069
431 189
454 119
100 387
180 570
421 170
1215 1041
1402 781
892 1317
688 278
1146 996
144 621
803 1000
1053 1112
808 995
1412 1051
468 675
703 535
1461 1437
1146 762
119 1223
1310 1244
99 374
1061 963
1439 1306
570 591
89 669
1130 855
259 99
585 180
1479 1476
747 55
880 1008
676 563
1362 475
773 1437
477 323
1373 1461
961 1051
1093 990
600 1021
1425 1301
1439 363
642 535
1203 35
761 1134
760 854
1301 855
46 492
1048 249
1298 855
561 13
1161 1112
950 1153
349 150
575 55
1350 990
568 168
55 22
23 535
223 604
631 798
914 805
1117 990
444 727
29 591
676 1325
596 1229
930 1051
882 1437
828 1158
109 585
512 189
40 224
505 483
1144 1101
224 514
1351 1209
468 560
974 1191
741 1179
441 297
64 170
72 155
490 1461
259 154
1199 1328
1108 1472
332 2
1104 1041
644 434
694 156
892 1245
617 155
100 55
434 754
943 500
927 1081
855 1205
492 115
218 547
293 357
1162 895
824 817
669 1112
202 512
1108 1468
818 885
1051 1317
460 204
357 144
953 956
1185 1041
583 269
585 579
938 1479
468 495
900 855
1195 1437
14 570
1438 1134
241 1479
574 615
935 981
585 46
100 23
1231 1081
1047 1447
264 181
1227 1232
1085 963
512 600
1411 830
1461 941
619 818
363 669
796 1112
1047 1047
109 55
282 641
1051 1418
855 1218
399 441
434 204
21 202
1055 1152
934 762
23 563
585 535
467 75
664 726
259 115
1290 1101
1191 1101
886 1399
909 980
1103 1479
479 493
1277 818
387 467
1392 1277
387 259
1351 1479
1088 963
387 27
935 779
1333 826
781 1418
495 468
886 729
479 756
512 550
773 1159
1234 1029
1224 1000
31 973
273 233
566 13
900 762
1200 826
454 350
1106 1051
788 1069
1463 1051
940 1041
559 297
1250 988
172 323
685 187
855 1102
561 154
900 885
249 1328
1431 1306
967 944
855 1470
129 78
24 434
1269 1461
29 387
950 1172
113 323
454 353
288 726
1 1245
932 1461
886 932
993 1112
855 787
1010 883
28 434
75 185
936 1223
1172 793
1419 1401
472 675
1325 1047
721 1051
851 1231
1217 1317
501 417
1061 880
1478 1069
241 431
681 572
1185 514
1471 1455
574 1380
1411 762
641 431
880 1479
1062 775
140 363
591 609
1296 1164
274 65
387 1330
535 186
75 180
177 591
89 634
1482 312
90 417
469 467
1048 539
1004 1045
814 1101
55 644
1277 1381
956 1266
243 170
1150 1461
615 640
1482 1250
1320 1249
180 35
1041 756
138 664
1101 1346
1329 1296
387 567
317 566
556 726
1131 141
202 468
1408 963
1074 642
1408 941
631 323
807 824
118 441
461 394
950 878
1384 841
144 282
1040 1065
1049 944
615 297
259 248
23 798
1282 1153
167 493
1236 1478
764 13
1351 878
512 615
512 1478
1266 1055
72 564
524 14
1296 810
351 726
1231 1250
1092 990
249 483
489 189
144 189
1461 312
211 996
335 55
337 596
434 535
1482 837
773 741
1054 1232
980 878
562 561
1091 1045
1384 778
241 155
1223 756
1133 802
410 641
1177 956
596 591
1051 1152
1133 830
777 810
1211 1008
597 669
860 1371
992 963
1430 810
777 996
1062 1153
1412 1236
981 972
454 7
1076 1008
10 644
900 1177
454 337
499 1152
1065 914
144 669
579 495
2 756
205 154
725 495
337 155
75 264
1047 23
141 248
675 145
480 729
1179 1051
1103 979
492 363
84 55
953 1153
101 1051
465 144
495 189
1351 55
472 467
918 1459
765 1197
777 1437
993 1298
1326 490
409 609
1217 1153
642 676
389 664
527 155
566 609
1250 1392
345 1463
168 564
150 490
205 634
711 756
202 649
296 1325
347 644
935 1232
315 1021
168 551
575 23
880 954
886 649
180 577
556 480
1427 932
55 35
72 187
936 119
1244 1202
14 492
574 224
1214 1041
377 544
189 650
858 1356
1277 1320
1164 878
1325 818
856 1245
1007 1000
773 1086
1106 1352
58 220
855 1224
499 119
264 180
1209 539
1392 967
947 798
387 218
1435 798
1047 1209
406 1245
1479 1048
1209 641
1078 963
461 150
40 570
762 1270
1426 778
615 1395
1258 676
1463 967
100 396
641 233
1052 1095
501 155
180 394
524 979
1010 1270
602 641
610 55
620 55
764 779
1384 1041
229 637
1394 1223
150 477
224 441
387 282
1407 963
1047 312
1115 1000
675 200
1093 764
1055 1479
449 550
405 547
155 159
1446 963
900 1277
432 547
428 564
293 535
1246 1209
1096 1122
568 337
781 1095
878 990
550 754
172 75
504 155
417 297
856 1191
1387 1179
190 55
838 963
874 802
162 492
1063 1179
365 155
1277 835
1364 1330
101 155
9 741
568 1229
191 394
1222 1172
824 1461
363 549
87 155
223 297
417 650
499 570
847 1435
688 40
1187 1435
1125 1245
536 727
1318 830
99 89
396 1245
1269 824
1432 990
900 1401
467 726
1200 1232
362 55
56 347
293 154
377 577
1054 1105
1374 981
350 186
843 793
596 1437
539 180
764 1346
1 85
1048 1095
296 830
773 1153
1427 1461
144 281
777 973
1106 996
1052 1053
980 1369
843 1192
399 377
675 35
1180 1179
256 575
755 575
468 693
202 634
1300 792
289 85
115 229
1329 996
570 95
118 55
935 1086
99 162
1053 1317
1469 1164
469 644
1383 1179
118 687
75 475
119 1148
585 641
953 1045
874 1065
469 1209
224 55
688 155
393 637
109 434
468 712
389 431
886 1159
612 461
32 155
1479 1435
980 1399
101 642
736 483
998 1390
378 24
762 1357
1038 489
1274 956
618 729
524 268
1185 897
1060 591
615 741
1401 490
570 535
855 1097
75 547
1112 1437
737 730
249 803
1296 1346
144 465
934 1192
934 1429
1168 935
612 23
1166 961
77 155
669 1041
907 878
1404 1065
521 233
99 535
772 1301
1191 405
555 449
417 669
1101 1092
737 579
1167 963
729 1209
1152 119
1430 892
155 323
585 252
559 154
56 641
257 155
1359 1217
762 990
1402 1293
768 1329
824 1051
1180 301
1320 1191
1479 817
1193 1046
2 24
1161 779
167 687
640 170
434 480
1362 963
1267 805
765 1482
1010 865
839 775
454 312
880 878
916 1339
604 621
1047 1101
387 609
99 570
1333 1463
436 55
288 89
1432 1227
966 1112
512 591
468 89
18 664
736 641
620 301
934 953
40 278
289 53
99 180
484 210
1209 919
1172 1231
1364 1366
460 323
1024 1479
683 155
925 1153
1259 1260
815 1191
972 979
618 189
489 115
765 792
1106 1337
1091 826
1215 835
879 919
1427 838
68 172
864 1479
1249 1320
1471 856
880 1049
803 810
811 767
1246 810
363 23
1047 952
1052 1081
1108 1000
1276 1121
479 167
1437 1041
1009 1301
389 649
1352 898
431 756
893 775
561 118
118 517
1131 168
403 756
1135 1161
729 99
75 145
218 669
735 729
75 218
1108 1420
1048 952
935 988
418 297
167 644
492 31
1463 936
1384 1179
662 454
124 292
1305 793
451 623
118 493
729 453
577 741
167 660
1125 1360
943 1317
1352 972
1430 1063
217 564
1252 1402
238 681
857 826
1185 1223
773 1141
1209 1245
1101 1356
1375 764
1091 817
1153 1069
387 102
124 295
818 1013
635 564
1429 1055
100 218
634 155
21 55
855 1469
1408 1215
1232 1101
299 535
773 1317
880 883
495 547
741 89
1161 1153
861 641
1477 575
296 1418
1329 1479
781 856
1333 1270
1313 1461
1429 1461
1125 1306
9 756
980 1092
1286 878
363 37
826 1325
137 644
918 347
1185 1215
1269 1245
1135 1041
1222 1108
21 144
1191 1357
150 405
20 154
1384 826
536 434
1162 878
1045 1179
1390 1222
966 1351
660 535
934 155
560 514
99 144
1051 798
781 941
1085 155
716 85
101 495
781 817
1191 956
428 155
1246 830
1023 818
241 172
570 585
1166 826
559 99
570 495
811 855
1381 493
118 489
1133 1269
18 729
944 762
1223 1413
953 1328
109 641
852 1306
444 579
1250 297
489 472
217 1478
387 100
46 547
743 55
907 919
202 233
1103 1463
29 699
1439 189
387 18
132 641
1479 1463
92 1437
563 547
826 1266
568 318
900 950
1177 1389
1130 1215
1244 963
1372 1000
1101 817
1048 1001
615 693
394 660
855 1362
361 189
495 574
590 180
1482 1112
860 885
209 323
492 577
566 460
568 465
1021 544
881 1051
1215 1245
101 756
1041 1381
210 637
1246 919
1431 1101
490 1209
829 155
347 150
778 1384
916 855
101 205
1000 1201
117 641
855 995
441 434
99 514
737 687
46 347
851 959
13 55
754 524
75 493
743 609
828 772
177 229
1389 855
1329 990
971 1191
31 35
1047 798
796 980
118 577
150 297
652 23
1103 1245
468 642
1161 961
699 432
31 461
1024 1007
927 1091
223 1209
1214 1245
1223 944
1252 941
1333 878
167 454
1040 1013
191 144
1313 1356
855 927
972 1051
181 87
1191 1325
940 1112
1459 792
1055 276
1246 803
935 1447
377 288
1001 822
1384 892
219 180
981 1095
855 1458
28 155
900 782
1135 1479
1369 1041
811 972
909 1071
1412 1008
1402 1164
1346 1172
951 996
224 519
515 1348
604 642
241 514
1384 949
1091 878
1290 767
1187 1179
387 405
618 363
981 988
688 55
363 288
664 55
15 736
82 410
1244 893
1239 963
144 641
919 798
432 155
140 483
963 1067
363 465
363 570
238 72
1352 1437
966 1429
150 441
1339 1246
387 484
956 1177
1401 602
85 75
326 55
1133 1159
1461 687
1287 1148
765 756
160 564
191 23
892 1256
217 649
943 1330
1277 1209
878 919
796 1000
914 1306
524 726
1449 1306
1172 1153
238 446
1412 1479
187 155
144 564
109 1229
451 729
387 649
1092 1218
900 1278
1202 971
782 1051
981 838
1364 842
180 72
892 1429
379 641
1396 1153
911 963
837 1101
1133 1268
1274 1429
326 570
238 145
886 958
144 585
1049 1101
1119 944
737 55
1192 826
851 1472
814 1045
1236 941
882 1429
99 155
856 818
803 885
856 826
416 27
982 952
568 495
99 649
326 434
788 1051
1438 1179
652 394
1398 982
993 1179
1401 1209
1384 1357
765 1008
1037 1185
940 1048
1101 1301
177 155
495 644
189 402
860 855
427 544
1077 1298
75 210
124 519
1212 432
755 454
377 1052
1195 971
972 880
55 561
741 563
966 1051
755 564
273 227
501 756
68 1
289 453
590 323
293 641
864 1245
664 187
417 566
1104 1437
971 1112
729 535
493 55
218 535
1063 669
118 89
563 1179
347 729
449 323
737 514
167 662
1000 1454
1047 1101
895 1309
765 1152
737 609
1410 1317
249 671
574 495
1205 855
1063 394
735 154
585 389
1112 1223
109 669
1461 773
919 1048
778 1134
535 99
1254 773
900 119
855 1015
1319 963
296 248
469 662
1381 919
1333 1306
950 1346
596 756
1410 1270
855 1126
56 726
219 660
1479 826
1408 1112
977 1112
1168 826
109 18
347 288
726 564
27 754
880 865
90 396
1402 963
480 75
1166 762
387 677
1364 1402
390 936
363 55
93 979
1223 1381
574 644
927 1325
490 798
980 1121
351 642
773 1277
560 493
469 295
317 677
829 855
15 65
852 1000
461 676
1155 1270
387 570
374 493
257 405
589 547
568 157
1437 1179
920 854
855 1075
743 644
1334 762
1456 1162
775 1421
1104 944
150 155
612 561
313 641
378 641
363 653
1187 1086
881 1223
115 186
781 1055
467 150
585 650
492 483
703 621
1320 1298
151 55
1479 1112
393 675
124 55
898 1156
1222 1150
1326 961
1329 856
1401 729
612 535
1149 1045
333 659
1408 1091
155 642
922 1479
1459 762
669 154
1277 1478
21 483
1372 1028
56 441
479 150
1052 779
460 14
118 603
1384 989
781 405
826 1091
1121 1112
480 55
775 1130
560 130
963 301
669 394
1000 852
610 798
1360 167
856 937
1236 1223
887 1360
816 919
882 855
612 154
1427 297
137 89
289 641
1366 1487
219 434
980 825
972 1215
765 1437
29 544
694 568
1093 1153
460 644
512 493
1431 1245
477 908
20 664
880 1340
99 726
150 35
1113 826
880 1277
641 72
527 218
824 1209
498 165
1004 971
1162 855
777 1479
980 869
650 729
405 323
1215 963
973 810
1425 988
99 460
1478 892
469 480
326 172
1048 1374
852 1191
179 434
1091 883
1411 1459
933 885
953 988
1374 1479
699 585
1047 1179
806 1270
927 170
539 1430
202 585
1109 641
856 1346
1221 963
1058 1000
664 99
777 781
1177 1222
619 641
741 514
224 591
1131 498
1252 956
699 210
1200 798
56 399
568 517
675 741
150 394
1215 778
1429 566
966 1479
1426 855
681 323
14 189
479 1461
778 1052
855 1081
477 1330
28 341
202 323
417 189
1210 855
856 756
1384 1245
554 361
524 641
1209 885
418 55
406 919
1382 170
490 1086
115 621
468 483
1131 301
604 524
468 885
604 367
726 155
10 301
1037 1321
1217 1270
892 1179
162 65
561 301
1008 855
1214 1209
1382 1429
618 579
886 773
1250 1461
1172 764
615 634
219 155
1321 1163
1126 1000
631 591
736 347
501 191
434 46
787 838
489 72
1200 1277
934 826
81 642
431 741
1020 1478
604 641
431 642
1144 1197
504 1112
610 89
363 727
460 483
1152 1222
1246 792
631 641
781 1150
1461 642
900 1418
1479 1356
816 936
1091 816
202 387
615 35
1082 1101
547 1152
389 467
1389 1348
1104 1270
1108 1135
1318 539
1150 1478
288 446
1406 1024
1211 1317
714 180
570 687
775 1051
55 24
921 1049
1000 1356
1054 1437
1478 1209
191 99
15 1021
835 1478
1246 1455
288 190
317 650
1125 155
915 1479
1423 1270
187 1463
202 405
1384 1103
1065 874
524 402
262 55
1410 1325
90 72
434 441
1217 1101
589 484
943 1000
1461 1325
259 514
82 641
953 1455
959 878
835 961
930 1330
562 483
8 40
191 634
454 693
950 249
823 878
1187 1360
1218 1101
1081 1437
406 1461
1125 817
777 862
1318 1000
1222 1209
1329 1047
687 675
187 641
617 297
29 493
743 641
512 14
1296 1250
317 756
1000 1007
950 932
75 85
1325 14
824 1478
1223 1306
1236 500
496 172
40 577
347 493
1185 1293
855 907
1053 835
524 676
895 1153
612 640
775 1255
775 1330
1266 1256
676 818
1207 1055
577 180
479 641
72 167
1195 1153
410 394
1360 967
172 472
574 118
332 729
826 1463
93 729
1333 1179
219 394
874 963
855 1474
720 1437
40 229
980 1458
641 453
1112 1268
1401 782
1045 1219
1153 1101
765 824
1108 854
467 154
702 55
1433 1192
493 675
574 189
1374 1427
454 1437
493 172
762 1061
24 402
378 798
729 967
181 29
755 405
547 664
72 180
75 159
670 156
1154 838
547 363
479 564
24 102
1146 1364
1384 1268
1113 1013
585 241
1028 1463
1384 1053
1439 1041
1479 1092
1238 1437
568 341
436 467
1339 1000
1451 1051
434 641
2 446
676 687
1317 798
317 156
993 1459
640 65
219 623
525 114
1269 990
512 483
1135 1045
1345 892
46 443
777 1360
981 935
618 577
15 323
631 154
541 574
1192 1055
703 202
547 150
1172 1069
1217 1277
1461 539
177 119
1384 952
1325 932
203 1000
205 170
947 1101
1267 1148
1146 1092
612 519
1246 971
460 677
1315 1112
307 642
1113 837
959 1051
803 1153
118 90
1092 1445
1430 1325
956 971
387 1179
14 650
468 130
454 494
1345 941
1351 1245
824 490
1287 990
24 963
790 1112
72 676
117 55
547 495
892 991
1313 1437
268 563
1140 944
765 1222
743 642
966 1437
855 1328
1253 535
857 1478
181 264
767 1317
855 772
1081 1112
681 379
604 566
762 1214
210 729
1408 1068
1435 1245
524 460
1313 835
2 248
1153 1179
1280 990
807 941
371 55
1381 490
806 956
1117 642
944 961
1153 1317
788 826
1237 170
515 490
465 623
389 99
1410 1232
980 764
103 245
144 712
453 729
644 634
741 431
238 687
317 323
207 514
1437 837
1108 862
417 703
160 333
399 454
1403 919
75 460
1412 1330
1352 862
377 446
468 589
454 150
1421 1105
1220 1000
150 349
568 591
634 55
504 85
1054 966
1055 1148
972 1306
727 726
951 1148
1286 155
75 13
1113 1067
935 798
946 996
454 548
852 963
1411 1293
618 46
1351 1293
187 756
1000 1287
1232 1045
946 963
1269 1048
1024 1489
1332 990
300 431
727 233
390 798
479 664
1126 1135
921 856
512 449
907 1051
610 483
1321 1185
676 374
109 731
75 577
817 1197
967 1325
755 712
739 729
219 301
1172 810
29 650
604 18
676 1086
1215 1349
966 952
1482 943
113 996
880 1463
556 363
494 641
935 1041
1063 297
1135 1245
1333 798
1313 1013
472 676
155 480
1456 1041
202 351
626 23
417 35
296 297
444 170
481 35
1128 1479
515 1245
1096 1399
547 389
778 919
264 754
1185 1256
1195 762
602 837
916 1231
1406 1437
855 1432
202 650
363 47
479 405
101 570
1231 1381
335 535
56 579
1053 981
1250 1413
1423 818
1149 1051
1410 1360
15 664
70 82
765 855
727 1478
1141 1008
1 483
1413 1051
661 736
900 1360
1135 1348
816 885
434 623
764 741
851 1026
885 767
467 23
1037 600
1061 1232
560 641
1237 798
1195 817
264 675
1257 1008
822 1346
1162 963
72 145
1313 767
729 727
1161 1325
1125 1041
1475 1069
754 570
383 323
775 1427
75 55
114 798
337 564
956 1441
1478 1217
1004 1223
40 644
919 810
1328 1317
855 849
100 620
1222 1461
1167 1437
15 155
956 1435
72 535
1051 1463
726 577
515 297
55 493
363 350
1236 971
560 218
1000 1278
618 374
726 480
1108 1051
935 1418
1177 1306
781 1092
818 817
31 394
1479 1432
68 990
1309 1112
394 669
1489 775
1239 1051
729 155
922 1053
1351 933
402 472
1245 1232
177 410
907 1232
936 490
793 684
119 1209
856 953
422 248
918 963
100 642
1185 1055
1163 880
275 363
1477 495
1054 1164
72 579
855 883
1275 574
238 837
101 78
1223 1277
99 623
855 1130
620 405
1276 878
144 441
1282 1479
332 1123
1101 1048
202 454
1117 483
921 1461
694 591
1101 1081
8 564
1429 1325
1218 1051
726 664
675 180
512 1430
1047 1277
472 297
387 75
1108 1045
1047 1245
515 1349
1401 826
1191 55
762 1071
1295 1348
1410 883
1177 826
1211 855
806 1346
259 650
418 936
936 756
612 644
1307 854
1246 641
1117 1232
589 687
1152 1430
101 575
387 23
55 301
72 55
1249 1390
585 514
1479 983
669 1021
642 932
642 1463
1041 1463
1246 961
189 489
24 798
1191 1000
755 155
121 641
900 1328
472 490
1378 768
953 1478
144 278
1427 13
1316 963
130 798
481 106
1329 1177
431 65
155 99
855 1367
1320 1067
501 55
40 623
1152 729
536 189
1047 855
46 642
13 72
1403 963
188 248
1246 1270
1163 1427
1028 1256
40 434
8 512
1000 953
118 14
1041 1348
417 89
100 1463
1117 676
855 1116
610 301
1223 641
289 514
180 547
1414 762
40 637
676 1437
1459 1339
434 23
416 155
1214 1317
807 944
454 498
460 641
101 1337
434 115
604 22
972 1049
1057 1058
1063 1430
831 971
1408 1369
109 561
1057 817
816 944
118 24
361 102
1335 963
818 1231
669 405
966 1408
85 323
467 756
703 55
229 483
900 865
1408 1330
345 741
24 107
788 539
1231 1053
1088 1000
492 465
202 432
688 202
512 644
454 556
1200 741
847 1245
1007 927
1384 1390
1234 1408
1296 1199
1101 839
1163 779
664 714
765 389
278 1246
1153 885
741 1086
835 781
202 756
72 288
1381 1134
824 1277
1479 818
1449 1245
41 669
1411 1328
892 909
699 35
941 892
524 572
1127 1270
722 85
323 468
773 941
1055 1051
1334 1381
36 687
886 822
180 669
974 1330
1246 1232
1104 1091
650 233
253 493
676 155
1449 1330
55 492
1061 1270
1236 1214
989 855
1215 966
31 729
378 170
317 535
1185 855
1278 980
605 549
1328 1346
21 155
641 1086
1152 31
855 1338
140 493
626 434
1381 442
23 391
326 712
842 1325
151 561
727 55
880 312
1471 1153
610 159
467 585
1052 1447
55 623
850 990
1296 1328
1390 1456
1000 1215
855 965
1153 1264
737 363
1167 842
402 401
363 35
935 119
72 90
937 1245
1396 1121
1000 981
762 826
332 55
506 729
570 512
1254 1101
167 479
219 756
22 189
417 585
68 55
259 347
559 570
40 405
515 155
1192 1270
402 493
14 535
1441 919
189 186
345 878
560 615
980 1162
15 55
181 477
1295 810
1394 641
644 664
313 640
838 483
1031 935
1430 1152
296 1063
664 514
465 729
1271 514
180 434
1185 1121
974 908
484 85
1101 802
688 575
935 1459
675 495
980 1423
492 202
1207 1191
1378 1148
644 99
202 615
508 31
604 513
82 140
72 727
1061 539
1384 810
262 467
956 982
268 387
1309 963
615 1337
843 1026
726 180
56 712
703 514
777 1153
1310 862
787 779
1269 1112
1309 801
824 1152
132 1437
631 1330
1221 1013
625 454
773 762
1426 1197
824 782
1231 1461
900 1063
1320 1359
813 892
1334 1479
492 489
1055 1179
1244 1112
855 1133
754 181
953 1191
431 754
454 563
489 288
561 180
461 563
14 676
1328 933
1055 1317
570 634
1106 1293
391 323
525 519
1135 1329
156 180
1321 819
132 551
101 411
793 971
892 1461
417 741
492 180
399 335
829 1245
1446 1270
787 1041
489 729
762 1055
647 634
75 46
1215 1051
56 118
75 729
617 461
727 756
737 1380
1001 23
864 1051
1041 971
818 1330
36 297
13 480
1036 1269
1123 855
31 936
253 729
1329 490
755 729
1054 1317
726 118
503 637
921 818
619 218
1061 892
817 1067
1314 963
1037 881
727 155
1221 883
1422 1232
762 1122
363 159
2 332
1250 187
1461 835
904 963
211 394
573 218
562 669
556 483
615 155
489 664
454 444
524 35
259 729
1313 1427
907 1108
835 932
205 492
1242 855
626 389
1172 1215
1217 1231
835 878
223 323
1088 762
1384 1195
886 818
943 312
602 1209
980 1306
1384 1394
1214 1461
1384 1223
1333 1269
1131 429
1325 1330
1076 1411
1041 883
895 980
524 22
777 1051
855 915
1037 778
1131 589
793 1049
469 297
935 1390
754 741
1463 1045
151 180
998 919
886 817
167 712
434 155
815 979
927 323
1309 1430
469 729
612 172
631 535
1459 514
1215 911
1426 1179
755 99
1425 1374
1411 1172
144 589
851 843
1128 1269
619 936
892 878
1212 1172
1231 764
273 741
855 981
387 480
278 8
694 623
489 570
418 453
1250 1179
99 517
835 1270
765 1277
431 641
1423 980
177 401
1231 816
736 323
570 154
256 192
377 72
648 572
676 461
818 1086
1269 1067
1217 1479
14 547
1329 677
227 979
515 1236
1337 885
818 483
726 676
826 1041
1323 1000
124 311
387 14
147 248
893 1270
681 24
615 777
149 155
187 218
900 276
492 623
1131 726
1402 1000
1004 1051
566 189
262 389
467 55
118 150
137 756
612 51
935 547
1154 854
1051 1148
24 155
1185 1244
1437 1232
368 642
56 156
1334 855
1402 1071
24 24
1278 1000
937 1251
1384 1095
42 641
883 855
570 754
852 312
688 170
1192 963
1177 878
664 563
1051 935
82 405
1009 899
972 1459
1313 1330
1051 460
600 530
498 1153
1051 1134
508 604
224 712
852 1463
1200 1191
282 189
644 55
1088 1293
118 634
238 514
309 641
568 301
460 676
781 1330
1439 1086
160 96
1425 1162
1133 1251
1232 1330
315 363
852 1437
981 1349
1150 1479
288 591
1396 826
109 535
577 650
512 363
743 396
493 996
277 155
467 563
647 363
1482 1049
711 641
1153 1048
434 75
383 756
1152 944
855 1162
838 641
727 1179
417 90
512 233
1084 963
1463 782
1245 1122
909 1330
189 990
1131 465
764 822
574 35
1320 932
1438 1489
610 729
1076 1277
781 1337
1431 1051
1384 1191
1150 990
419 434
619 405
524 693
467 16
1427 72
1104 1045
1154 1306
568 13
566 480
1031 855
1215 442
1084 1081
1420 963
190 641
647 72
942 990
1317 963
469 167
85 86
712 323
249 1479
577 363
1459 936
278 588
1130 843
472 1051
771 1041
1063 729
21 1245
1101 1158
14 405
1109 936
396 210
217 23
1444 878
1048 941
604 180
547 574
316 245
644 155
280 503
374 55
1439 641
119 564
675 210
1374 1306
561 72
1357 55
202 589
1416 855
1055 798
1326 514
925 963
729 1478
137 389
1000 1065
852 1153
956 1427
1410 818
793 1213
1446 514
927 1055
454 358
1083 1270
765 1232
1117 155
298 661
389 729
568 15
1421 913
99 202
1152 1179
855 1172
1231 1306
1077 1041
479 323
1459 1306
1172 878
1240 1232
1431 856
974 898
1223 1134
860 588
332 773
75 78
137 585
1461 754
615 280
642 641
219 677
1329 1463
1479 878
645 729
1140 535
1131 246
818 14
618 490
480 150
675 144
512 669
1187 1256
454 399
1135 1053
1402 1252
56 391
118 405
1383 1479
904 1192
956 1223
454 612
1459 941
1313 1191
1101 966
1325 1306
495 31
1222 1390
1108 772
856 1153
1446 741
1437 119
1396 963
1374 1170
818 642
1135 963
1185 1459
1141 949
1013 878
1382 782
21 301
409 114
1103 944
1254 1052
282 118
1459 1373
1402 919
75 563
477 574
589 662
865 1051
1096 963
1024 963
1028 1000
1402 1007
830 1232
1054 1270
562 623
566 102
1202 1134
180 145
475 75
14 387
438 434
1426 974
1382 323
637 483
615 210
1387 1045
1392 1101
1479 316
454 505
922 1357
1083 1051
1257 729
29 351
855 941
177 363
585 209
1149 1179
975 996
1187 1330
1351 1112
989 872
1414 872
1435 967
556 371
1054 1396
972 1479
524 477
495 726
363 95
477 972
1135 944
1154 1065
124 155
1463 1063
268 441
1088 1179
1195 810
618 16
922 950
390 155
618 615
1185 1232
55 676
916 1045
1360 150
259 591
620 642
347 55
56 446
1395 963
73 642
972 817
1218 1172
289 443
590 434
953 276
1382 952
816 1306
1125 1055
907 1084
1031 1245
1121 170
1101 1071
489 547
1191 817
683 55
27 623
409 29
264 648
1226 792
81 1478
363 664
268 99
775 955
1482 1051
472 431
380 622
1351 885
816 1041
268 145
855 1163
1404 854
1232 1222
26 155
23 170
56 405
137 577
934 1210
547 155
1161 1250
850 979
363 513
434 154
363 642
735 641
547 590
982 1478
140 233
907 1328
684 167
1101 878
90 16
75 687
1131 36
756 641
604 727
1411 1288
1051 1191
512 498
1477 92
880 1218
73 189
224 1256
726 72
1303 1455
387 167
765 1270
980 1411
1389 892
1461 817
1015 1357
468 579
806 1101
382 170
512 737
56 24
993 1217
669 218
239 323
975 170
479 729
1444 1322
647 712
539 878
101 553
1183 821
816 1436
787 793
493 570
927 1041
839 1290
880 1317
469 693
450 29
1223 323
579 493
41 454
191 564
46 756
313 204
56 623
900 990
118 727
512 53
1209 1418
1025 1112
202 492
1410 1223
508 468
907 1000
804 1330
387 1250
591 434
882 996
1411 1048
927 641
747 99
2 477
618 72
806 1148
140 75
1459 1463
974 1013
1387 885
1351 762
1478 944
1187 1112
777 1459
824 878
620 180
1478 941
703 180
1238 1153
754 39
685 55
604 644
1408 1041
1435 1179
1092 1330
676 460
56 31
434 402
566 727
1135 1430
547 754
1408 907
1275 1277
604 460
570 99
1063 883
1455 1306
524 347
775 963
1051 729
1373 1232
165 391
24 107
511 248
870 856
699 189
1037 839
1078 996
357 996
860 483
469 669
570 493
568 102
155 363
824 764
29 409
855 810
1026 963
150 1063
1479 729
559 323
140 480
1439 798
935 878
1296 878
1177 1301
90 245
561 578
1187 1159
117 170
1359 1245
1411 1418
224 572
921 1112
664 210
1209 1231
468 218
816 952
296 963
809 729
99 363
773 136
434 642
1410 1013
602 941
1108 1308
956 1245
1185 1437
377 351
1135 955
460 547
498 641
179 979
715 155
144 101
856 676
935 1245
1408 1071
699 72
1037 1210
1231 991
24 89
1360 798
1411 941
980 1277
363 335
1409 1277
1364 1045
1444 1220
1096 1070
1150 1211
1185 1205
278 399
747 150
219 35
1384 1320
1255 1479
956 405
967 1051
694 297
29 180
202 544
855 793
1276 1055
861 155
137 741
647 693
1374 883
524 1179
21 187
981 872
1257 1245
460 563
72 547
574 180
1140 1134
535 493
644 72
892 1217
332 427
772 1270
1351 1306
505 609
935 1150
1286 941
787 119
399 495
943 764
1427 1045
396 297
1150 1445
218 495
293 483
490 1270
824 559
1308 1065
14 756
561 562
132 798
982 1306
1172 950
612 155
436 585
1215 1081
345 993
856 1298
1296 762
1329 1135
1381 1051
1223 883
68 275
583 114
66 358
168 162
1425 1041
1104 1008
394 118
735 292
241 85
772 1214
218 641
99 493
1211 818
477 493
46 472
440 13
1162 1461
865 1037
1246 729
967 756
99 615
115 1417
68 556
394 477
836 434
524 389
132 323
181 8
641 210
953 779
56 371
935 1179
1144 1121
1215 949
363 503
363 24
454 371
943 1270
56 363
676 480
8 634
1101 1435
566 180
58 587
980 1044
590 155
361 956
389 493
422 301
1216 1051
1296 514
79 40
387 172
181 535
79 278
1232 1306
1309 781
1091 885
578 363
807 1306
303 418
574 387
469 323
855 1125
900 1092
162 481
943 514
907 855
224 155
1161 1013
773 764
634 180
547 468
144 664
101 712
1390 1245
856 859
880 1270
417 405
1257 1328
1185 1153
1250 1209
394 641
755 1245
89 1041
1037 934
892 1315
699 27
765 1293
1009 1359
1047 944
1250 792
823 1069
256 453
1015 1330
1054 910
224 42
1463 1413
402 102
15 72
1195 979
288 637
1254 941
155 180
729 1086
1135 941
816 1191
900 1217
278 402
993 1479
417 467
1426 908
1106 798
1000 632
124 326
387 688
1320 1148
189 180
675 492
191 489
68 205
843 908
591 323
1187 1437
1135 933
454 299
1280 1051
218 631
187 102
1185 830
224 102
793 822
561 170
160 24
1085 55
568 664
205 65
1000 1441
1131 621
1461 971
1244 1000
953 934
377 449
119 85
824 741
454 664
1346 1053
1131 664
880 1163
1055 1112
953 1164
927 779
524 589
377 932
417 664
296 1191
1325 588
918 615
151 189
1329 641
352 155
394 189
669 1153
524 27
1222 1152
1374 1461
1375 1298
843 855
493 676
1091 1418
75 483
648 604
1154 777
1038 971
191 700
326 75
935 637
436 664
394 441
1384 1328
818 1114
410 332
880 826
227 273
754 979
1069 1112
1214 1463
70 85
492 144
387 676
736 15
702 102
1277 880
669 180
31 347
481 475
351 483
335 963
1384 1112
1101 1392
585 155
40 642
202 477
762 1352
1435 1101
138 229
402 434
132 27
363 97
439 1380
604 323
1482 967
56 461
754 566
524 650
644 472
1364 1251
741 55
556 566
830 1112
773 119
1360 1437
660 301
618 18
503 55
1254 956
1101 1041
1246 1231
1092 817
980 1352
181 490
762 1095
787 539
1082 312
381 170
699 434
1092 972
465 323
855 1265
421 687
115 641
9 641
904 1045
1461 993
1200 1463
570 202
512 191
930 990
824 115
1108 1179
489 16
1460 963
880 835
1436 1101
1473 990
281 563
28 741
1441 1041
880 874
536 144
1392 1217
726 687
124 449
659 210
190 399
1051 1049
1063 1121
1238 1245
217 222
1313 490
559 936
1081 1153
1210 854
90 687
1054 1152
886 767
647 495
492 13
980 1028
612 621
980 765
1096 878
313 233
893 1037
1236 1437
180 609
1339 1325
566 405
90 301
1362 932
467 855
773 1392
856 781
483 1051
524 100
472 441
664 288
1403 1159
835 1437
1000 966
503 641
468 508
644 154
253 514
238 572
1446 1086
626 85
454 466
647 75
980 1374
1280 1245
618 535
855 1210
1000 1321
180 798
264 75
418 210
900 1306
40 517
396 729
1185 1270
1226 786
1209 1121
956 1293
1266 1232
1277 1223
851 796
21 1
1471 1041
168 256
144 591
350 102
472 535
480 172
1047 1045
361 387
754 363
865 729
144 29
900 851
2 669
1352 855
466 297
278 837
968 1063
1328 483
1187 1021
657 963
1229 564
1222 1041
1041 990
422 1112
1162 990
1054 500
1161 826
1090 1112
168 259
210 512
219 210
856 119
880 714
363 441
1348 1153
1187 817
851 1374
23 570
289 756
40 688
303 514
144 492
243 434
218 72
317 233
14 885
144 493
1052 1209
631 756
1115 1478
350 155
927 762
855 828
829 792
856 764
1117 55
297 729
1250 973
1092 1101
511 65
1287 835
568 243
660 405
477 741
114 453
1254 990
273 729
631 570
873 1209
73 741
202 248
880 959
859 810
880 824
41 431
1427 99
1315 1051
870 990
966 822
296 835
377 1051
1231 1052
669 1317
1162 792
901 1112
1218 941
921 883
1387 1191
856 1293
773 276
623 391
387 577
927 878
943 1008
1221 872
900 826
1231 1139
1429 539
1166 1179
1245 878
1445 539
40 210
484 130
604 618
363 18
85 297
1479 810
1171 979
1055 1245
144 650
560 729
1215 1352
341 514
626 493
238 391
568 332
927 775
394 460
1408 1306
649 729
23 641
1421 854
205 591
568 492
1101 941
775 1095
1254 782
1282 539
40 649
341 434
900 1008
778 802
1166 1051
1236 119
1024 762
1473 1328
754 8
765 1179
469 35
418 442
389 434
188 640
1133 1408
1473 180
307 159
1442 996
1362 1081
1166 941
1101 835
1168 1071
1461 1086
118 180
36 729
1065 276
12 564
943 952
1389 1148
417 159
1041 1218
99 351
816 1270
775 1369
82 693
101 779
512 248
1475 1150
223 159
613 575
971 1051
1115 1049
1329 826
218 729
1200 602
115 756
220 434
646 641
1010 826
816 817
238 55
916 1209
295 323
727 677
726 14
631 405
109 155
1271 1330
508 729
1409 1245
1406 979
1384 1031
811 996
1152 756
1463 729
167 417
1062 1437
604 72
167 990
640 23
1479 1209
1277 1459
1103 1067
762 1051
659 1021
1389 1251
118 187
559 1417
1384 1121
855 878
180 561
489 754
953 1463
1351 952
803 855
570 297
568 55
137 687
644 563
187 297
249 1217
501 110
773 1461
190 75
1037 894
573 189
575 641
934 904
1429 982
816 1461
1101 981
524 379
623 641
1123 1051
935 883
1083 1455
824 1041
679 1231
387 483
1101 837
1185 276
781 119
1414 773
191 78
788 756
916 1112
1045 1476
1048 1049
219 150
144 579
1451 1071
1061 1153
40 202
387 40
1177 900
731 1067
137 155
117 741
68 963
1334 1245
610 434
202 461
172 644
332 756
1004 1153
155 664
417 55
1263 1245
1119 1055
493 127
1103 941
852 1045
904 1437
1231 1339
99 756
921 779
1041 786
219 1437
838 1209
1365 1051
167 316
1001 963
900 1435
982 1479
1352 963
1329 871
170 640
768 1277
1234 979
1489 1008
264 72
1200 1245
1313 1086
144 210
806 1069
344 729
1290 1069
1135 1191
1362 1048
943 1437
2 172
1211 1051
886 1114
644 712
467 180
560 1430
1187 996
956 566
109 446
410 347
219 218
615 932
72 743
211 389
468 714
669 189
377 1021
781 855
1245 1153
1125 779
1295 1309
796 1041
947 1051
1061 818
566 301
1456 895
544 564
394 741
187 405
934 822
568 115
40 712
1280 798
773 855
1445 1112
880 1061
387 736
512 114
874 996
137 495
612 650
1103 1000
479 1381
604 27
1359 1008
72 556
1117 1325
729 677
512 145
1218 880
468 55
1439 154
958 1489
843 1000
930 1275
559 828
1427 1007
1051 442
1326 1223
389 55
1126 854
880 1245
137 323
943 641
241 756
953 1317
394 547
1223 1112
953 1041
56 21
202 741
602 323
363 566
205 363
921 941
856 1427
90 495
547 465
893 1164
417 460
1191 1399
1325 1223
224 714
1013 1101
855 776
784 855
836 514
1348 1101
1144 539
95 754
1333 959
118 492
2 483
601 78
454 193
387 192
843 787
498 29
1421 1411
1125 1112
660 493
23 990
940 963
1040 1320
781 777
288 729
23 741
1217 826
843 775
417 288
1195 1052
765 786
644 963
855 1080
479 155
353 441
781 1478
219 99
900 1348
1210 767
909 1081
361 572
1108 1095
610 155
489 210
361 301
596 405
349 535
1427 1223
618 495
856 1053
1257 119
664 396
612 729
23 609
604 238
811 1148
90 99
1133 803
1135 831
1168 539
484 172
1109 729
512 514
469 180
649 541
1214 779
100 210
1392 27
1185 1339
1313 1306
907 1306
1051 1223
1116 855
70 75
915 1411
1441 913
883 1209
1231 1399
715 641
1103 1121
387 754
217 600
1225 480
1290 1251
1320 1217
1101 792
238 65
72 202
1246 1479
1101 539
390 1478
55 754
40 572
861 1179
806 792
56 159
855 1393
1053 1036
150 669
191 574
1371 1306
1191 1001
675 712
1103 892
75 432
1249 1153
472 669
559 824
708 483
1140 1330
1325 967
880 1351
1115 855
288 443
179 727
508 168
1163 963
585 417
1108 963
585 699
253 756
332 1092
727 634
202 155
410 693
278 598
675 644
610 963
1408 919
454 469
1406 1049
1161 1478
209 756
1096 1479
574 579
512 561
568 273
56 634
1130 996
1131 572
699 687
953 1390
950 539
602 1101
1026 1055
40 492
777 1081
835 1245
1482 856
180 13
1275 1197
839 1245
1000 803
1115 1232
691 642
556 591
1351 1392
467 493
781 908
1329 1306
1131 713
454 168
881 781
1135 981
1258 1306
596 726
394 1051
839 767
560 644
1020 1112
1427 493
966 1172
512 664
574 693
1231 880
472 363
202 374
615 644
1162 798
1479 1250
350 641
22 500
121 514
729 55
847 1112
305 248
729 480
615 495
1028 1245
202 621
1277 1325
966 963
465 644
816 932
1282 1360
1411 949
1317 1153
217 53
361 468
56 495
172 535
826 990
1415 855
1329 878
56 191
40 634
282 23
55 363
296 405
1320 1041
664 389
547 837
264 468
103 82
179 233
363 480
1475 856
1209 973
1420 990
1420 767
484 468
72 687
189 480
1108 1437
144 609
1220 919
202 640
1325 460
323 1306
767 1461
909 892
1051 1222
775 1337
489 615
940 779
144 798
892 1164
1482 1041
1000 1191
1045 1191
167 118
1221 779
1177 1275
1329 1330
602 210
966 1270
967 936
113 641
1334 1330
1369 1399
101 72
1410 1153
615 189
855 889
281 144
477 1148
855 1371
417 591
1187 1000
1411 980
1354 1159
645 741
570 27
115 1
1200 963
679 519
167 535
962 1152
257 256
1128 1245
452 963
1427 729
1191 1437
1177 835
151 514
1101 1036
1348 1414
1104 155
1161 1277
1394 55
1473 1153
1387 764
512 99
502 89
1446 1330
387 524
1482 765
1461 119
501 603
1412 1159
1329 204
1401 838
515 1381
223 405
1236 1191
1325 1152
787 963
1103 952
1351 874
612 268
46 615
477 218
428 55
180 189
585 493
631 297
177 72
823 1317
634 642
1163 854
1406 775
1162 1153
865 1328
982 1112
536 35
441 465
492 566
1420 1306
1344 854
755 301
602 961
676 615
618 145
671 249
1451 1463
495 669
835 1041
953 1427
612 574
288 641
1296 1172
615 712
956 1101
855 1077
935 1240
1360 908
778 1037
816 964
1177 764
535 145
204 1121
847 1179
766 913
508 249
1152 490
347 756
675 405
688 729
773 1479
168 283
282 155
953 1437
288 495
851 1153
296 99
469 13
469 233
813 1051
501 561
1384 944
406 1232
568 979
775 778
55 189
573 477
1264 1185
118 631
1286 1277
100 114
1037 943
101 754
587 259
410 22
765 741
585 570
1231 1401
1135 1256
241 102
1244 1185
180 27
454 712
1384 1164
561 483
70 514
467 990
390 1337
778 996
1457 1122
863 1402
1000 1406
72 114
283 191
40 664
615 202
1410 1179
904 1479
781 1114
1054 963
1191 810
1268 1122
132 150
444 72
736 55
223 441
256 570
612 150
460 405
479 55
570 180
568 1131
699 563
241 249
1375 802
15 314
754 297
1000 849
647 574
489 65
856 1081
1209 967
1101 806
1161 1000
993 963
645 268
1222 1478
775 1308
851 1206
1092 1328
524 468
589 363
1131 434
1482 1232
469 155
874 855
224 675
56 154
262 660
1278 798
1360 1298
55 144
223 726
140 189
56 202
1108 1167
1364 1306
249 1048
1185 1037
1389 1008
40 399
788 323
1054 1478
19 745
1384 1408
347 323
921 1179
56 472
307 641
467 417
1112 155
1479 941
72 249
567 115
363 402
124 648
1135 855
856 1112
778 784
1168 878
664 492
1061 1041
264 604
8 393
326 150
1342 996
814 1000
138 729
1369 1270
387 1126
46 83
256 642
547 577
549 23
191 579
477 677
980 855
1459 1101
1463 187
1419 1409
807 919
855 1129
490 1063
1088 1277
1177 1051
777 838
934 1037
468 623
1161 810
454 441
1295 1153
22 524
1459 883
935 1159
1165 1308
326 170
172 687
1346 885
1135 1357
1351 855
72 492
1223 892
56 669
1125 980
1329 1051
501 1231
1000 973
1007 963
956 1277
1420 1231
968 1184
562 155
778 979
387 798
916 878
377 574
431 535
726 591
922 1390
736 154
238 387
1036 990
855 1301
936 1306
156 189
1041 402
699 454
238 535
21 119
807 1179
1192 1153
907 1095
675 514
1408 855
1429 973
855 1146
865 1153
1384 1413
935 1101
259 46
972 932
1015 971
675 609
755 563
1128 885
755 741
650 154
1439 1478
389 180
585 150
900 1245
144 248
772 1159
394 180
1126 1192
959 1463
187 118
299 64
824 1045
570 641
927 952
444 756
966 913
659 420
1384 1401
1215 1000
1407 779
278 32
768 1055
793 1305
614 729
492 441
1222 1112
2 363
224 389
1096 1095
1149 855
892 1112
980 988
1214 967
1191 1040
1328 1296
681 23
826 944
612 454
781 1470
1427 806
880 805
1346 1000
389 405
930 1364
1368 1209
1140 442
1209 878
699 564
1329 1360
851 1389
620 417
507 1381
512 577
1227 1153
1429 1134
1088 1185
1476 1091
1427 1478
1211 1479
564 544
1357 855
602 936
620 644
406 1152
900 1209
389 89
943 170
427 155
387 377
1135 1333
934 1045
925 1159
754 693
434 1270
904 919
211 640
484 493
444 189
660 155
98 155
535 396
389 634
835 1081
481 431
547 55
755 687
219 1380
295 210
40 461
23 642
363 461
1461 483
855 1149
1047 1158
137 144
541 687
880 946
477 99
100 687
418 677
824 1232
756 727
264 224
1131 313
87 229
855 1255
1359 878
836 155
1407 791
669 566
14 1325
921 963
1489 854
927 1021
1223 1390
674 241
191 573
967 1021
855 1353
677 155
818 798
1020 990
189 687
15 687
255 589
140 489
823 1164
1439 172
1161 781
85 535
202 180
389 547
1341 963
1374 980
1427 55
568 36
72 664
315 55
1065 882
880 830
1104 1459
615 754
875 1276
468 756
1325 971
1287 878
468 634
472 514
1003 539
290 155
781 1374
454 755
219 634
1277 1306
1430 798
900 941
729 405
264 8
873 1251
852 1418
9 155
168 642
1237 1112
1108 949
282 15
940 588
880 249
1325 1479
596 547
305 210
257 192
99 150
667 140
387 550
144 561
144 676
14 818
72 347
150 1231
1482 781
612 227
762 1045
909 1069
1048 1268
847 854
101 460
1406 892
434 591
1191 394
101 145
202 644
992 1232
956 838
1162 519
1172 1051
664 489
241 210
82 119
1209 1381
615 172
726 514
101 102
399 202
515 641
436 570
644 109
604 233
1458 1041
568 597
220 669
259 644
363 612
345 962
807 979
40 72
1135 1328
1335 1179
167 641
775 1348
1232 1086
1236 1293
34 1028
816 764
1362 762
1355 1223
267 1051
1091 944
676 150
935 817
879 1437
1047 539
876 1000
1128 1048
1460 1479
99 483
483 323
480 114
1047 1191
259 15
1124 1437
402 155
855 1101
1334 963
98 453
956 1153
374 13
31 155
855 1238
278 181
1236 883
1282 1437
1194 1270
1381 1086
172 72
157 55
508 102
1020 1245
75 297
264 39
1209 1045
754 585
1250 150
993 837
675 99
574 249
524 115
326 579
512 642
1135 1091
1322 854
1250 835
570 118
855 1244
1329 1112
1113 1055
560 23
99 167
40 55
574 756
1384 1423
1329 768
241 664
224 39
1351 1346
773 1427
861 741
1031 155
300 434
972 967
1108 1250
1402 1357
634 1380
31 508
239 535
1215 1095
1051 754
1357 363
1439 1232
855 1472
1419 1185
947 963
946 1437
587 609
363 489
901 1153
1325 563
118 202
1101 869
735 460
1451 1479
972 1209
155 23
1461 1112
1419 1041
762 802
218 1245
296 1222
167 253
1195 967
1000 1472
377 399
1250 1306
1009 904
568 300
204 641
953 826
980 1427
16 563
1407 1463
431 615
1195 1191
223 577
644 609
389 693
9 145
773 1041
544 155
904 1108
1191 1013
1482 786
475 46
1194 996
1482 438
879 1328
781 1175
1040 885
1103 786
132 1001
42 323
631 155
454 493
90 669
1420 862
363 229
1430 1461
55 579
603 798
156 35
241 1
467 642
1246 933
191 764
676 591
1079 979
191 641
808 88
1403 913
1051 490
1010 1455
32 544
363 301
1004 1232
1408 849
387 574
46 434
575 180
15 514
1302 170
618 85
100 417
712 114
1187 1069
118 547
313 363
787 971
1375 810
855 1135
180 431
1253 1055
34 553
675 489
973 741
119 687
29 604
624 996
454 1086
1269 1479
1423 1250
824 1222
644 172
406 1048
615 374
953 772
90 189
892 822
855 1158
1407 1153
959 961
568 453
43 1437
1287 1251
980 1197
1092 1245
363 535
391 155
715 55
394 417
119 936
209 512
1282 1101
1161 1101
469 434
806 856
1236 1053
1202 756
547 676
1163 1471
326 118
1163 936
1191 1195
1108 1172
1191 1356
568 279
1003 1487
1317 14
317 727
788 1209
1473 1437
1381 1121
229 341
1445 1150
570 547
503 434
167 185
363 637
326 405
1479 762
737 452
477 1401
1413 539
1177 1197
525 514
574 1179
137 642
880 1357
851 909
512 623
1478 13
1320 1317
157 155
1000 949
454 374
508 498
101 585
1231 1392
1041 1269
854 855
387 579
85 39
168 432
202 726
1008 1217
14 454
1435 1153
886 1172
953 1122
1065 793
417 623
99 712
124 389
1436 539
820 821
1047 1153
431 441
460 72
1362 952
492 145
762 1437
89 1179
1162 988
99 477
264 42
1095 899
467 441
202 676
493 514
1092 1164
460 664
118 729
75 405
1431 1293
815 539
934 1270
202 574
1010 979
775 872
363 472
1264 865
468 566
264 292
940 1268
109 24
835 1461
1214 1101
899 1275
1015 1270
972 1041
1223 1191
210 155
851 1364
688 387
31 756
1457 856
1217 1048
900 980
177 493
1325 1051
1167 802
953 1306
818 1051
223 729
140 713
180 205
855 1211
1352 762
762 1390
818 539
210 519
909 1041
249 574
377 667
434 436
477 55
966 782
1296 963
31 563
363 591
618 159
256 465
816 1337
604 1179
973 878
468 434
332 301
1166 1101
1172 1052
1040 883
1414 1051
1362 1179
1187 1214
618 102
1430 301
664 483
934 1346
953 963
604 361
566 323
878 1095
207 741
1144 1222
856 1013
454 432
177 490
568 381
644 347
1384 775
1451 963
477 10
1408 1191
204 547
1047 1209
15 591
1009 1346
1371 1008
1441 170
1061 830
927 1459
922 1001
772 855
1276 641
512 563
1077 1245
1231 883
956 1013
900 1201
1298 878
972 514
1357 1164
524 387
570 436
1185 1479
268 612
150 1245
40 693
357 690
1191 1134
101 434
536 99
119 1479
1444 996
1352 1112
172 483
524 55
835 1177
1232 765
1394 764
927 119
1264 1320
399 650
1135 786
1461 818
99 650
363 640
1115 1250
75 538
283 371
1444 1067
765 490
180 1051
454 644
851 1392
1410 1337
202 483
852 961
947 1337
1128 855
1384 883
1065 1163
118 144
1222 1153
1412 1164
1246 1373
824 1430
1185 1455
417 495
512 480
1414 1217
855 1471
944 817
981 1475
835 1250
792 1153
1108 1409
1360 980
855 1420
787 1209
1152 1134
1051 835
202 8
856 1048
980 829
652 493
492 615
699 591
24 644
1141 919
1113 1270
1412 276
1280 1041
1000 1371
1000 989
568 609
756 677
1335 1007
119 483
508 130
256 432
205 180
399 524
15 115
14 155
972 1185
1246 1306
1381 1277
55 288
512 726
1317 993
637 55
1150 1144
1209 818
806 963
444 641
172 480
1223 729
190 519
41 625
14 144
332 641
1239 1232
454 550
75 282
1236 64
1 1435
650 640
927 524
1130 767
855 1165
755 65
585 220
1362 878
1429 1223
664 446
454 301
1384 1148
1041 1010
855 1352
855 775
946 878
851 1251
1054 1411
56 640
387 39
1133 981
1223 1418
1226 963
980 941
765 791
559 434
477 189
856 1100
1192 904
1054 1306
1375 855
326 24
669 1051
943 837
839 892
363 167
1024 1346
765 170
1057 971
1051 961
328 371
46 297
1000 1323
612 75
109 729
823 1214
46 1463
964 767
1037 1409
454 461
1408 1051
321 238
1475 1427
1384 1399
675 155
861 434
829 1112
855 1322
559 493
1277 855
661 434
24 402
2 204
612 399
1223 1013
596 23
1185 858
612 349
467 434
55 180
1384 941
1345 1245
1195 1051
660 756
503 568
1360 1277
1461 967
1031 1306
615 399
55 591
279 155
851 1290
823 1055
82 75
40 495
150 1463
390 641
835 1348
156 1051
773 973
535 514
699 570
573 191
652 323
762 741
40 560
818 1063
1179 798
1206 1205
257 669
787 826
202 278
547 434
1101 1418
971 944
524 579
46 591
449 492
805 170
1429 932
1473 1112
727 535
1461 1101
99 468
1382 878
781 1121
524 361
895 1041
295 641
699 427
1309 989
831 1461
1411 1008
1408 767
1052 1101
1152 856
179 729
1329 1430
249 1245
1459 1250
1211 539
1479 1217
350 363
10 55
1205 1306
1180 782
1328 1153
1222 1479
223 544
921 949
72 483
144 572
1191 826
1053 996
1374 1041
873 1153
1401 1429
469 130
883 1041
92 495
988 1429
223 642
1109 1051
793 941
807 1067
1439 963
1047 963
75 268
90 623
814 767
481 75
144 39
637 713
1203 1330
781 1463
1101 1371
727 323
1409 1037
574 323
966 1209
892 1153
1479 1145
661 299
1108 908
618 472
27 55
16 1360
454 495
55 609
631 729
1374 1429
855 1179
980 1209
1479 679
1080 1000
559 574
55 99
675 669
469 493
1320 1055
162 15
1459 1245
490 936
288 634
893 1251
1209 1463
1051 817
417 155
644 489
202 489
1194 1306
1052 1063
1288 862
460 453
512 310
492 620
961 963
818 1461
1125 865
1202 817
76 682
1408 878
856 1159
1300 996
1192 1164
1482 892
417 1041
851 119
1162 1045
1037 799
563 644
618 144
615 726
1277 837
1432 979
40 612
16 756
387 46
1352 588
1384 961
115 1179
981 1150
754 640
1194 1159
711 323
1112 792
1326 798
1458 1153
1479 1045
259 300
512 24
402 492
316 467
919 1121
855 1108
765 1245
144 72
1384 982
1362 1112
781 1153
191 434
72 18
1321 793
144 143
618 180
1202 1245
1154 1000
1096 958
968 1360
575 609
855 987
561 493
503 23
409 170
1396 1054
775 1293
619 490
31 1463
289 363
99 754
468 297
90 118
278 1067
618 712
851 1062
229 441
1238 892
892 1270
943 323
1101 842
15 282
142 377
669 155
1475 1236
138 434
612 387
675 641
512 13
1364 1101
495 55
1140 1270
15 449
1162 835
288 472
1061 824
484 798
89 990
855 989
977 1293
1222 1051
878 1101
323 301
40 718
268 449
191 276
72 467
535 453
1009 1245
892 1134
1253 1153
181 495
675 480
664 564
467 374
1334 1048
155 102
100 150
1239 1055
612 493
1185 1163
1108 1352
1200 1217
775 762
218 460
736 233
15 495
809 337
1088 1330
1000 796
818 434
241 159
484 446
765 1153
1459 972
140 145
1437 1245
618 191
307 729
1103 764
726 460
205 515
1232 762
1246 878
451 417
1459 822
1024 1067
102 514
1003 1080
512 323
1352 1232
813 826
1334 1172
481 297
1000 1104
144 288
966 1215
1213 1357
498 1
1431 1055
431 729
644 641
191 389
218 468
278 637
317 483
1135 1081
347 577
70 172
42 1317
1244 1429
202 687
1209 952
699 55
1394 1245
1333 1086
749 855
89 1245
47 729
160 35
1246 885
765 1041
1004 767
16 374
468 493
1222 1217
460 591
1113 1148
524 278
765 885
241 88
890 979
1214 837
55 460
573 55
75 676
190 172
818 941
99 323
1427 1053
296 1051
818 1337
124 641
1325 150
1329 1478
857 1337
344 641
315 544
1286 798
1085 1051
935 835
631 454
568 731
451 155
1384 843
262 677
89 468
1229 434
55 446
938 855
477 1021
597 1245
1081 1245
512 467
363 634
1041 980
535 187
1384 773
391 170
317 402
620 13
1185 885
1463 442
835 1153
399 23
856 1045
1406 1037
288 644
762 1269
142 972
32 564
1231 1417
842 1437
17 741
468 570
805 822
249 1047
1191 1153
585 297
347 394
935 434
1479 1334
191 514
776 855
490 564
618 489
1476 389
991 1437
619 729
1101 1475
1431 1153
994 979
1 644
980 843
880 1150
644 623
377 712
399 574
644 547
1054 1008
851 1329
727 664
826 1429
980 1330
1360 855
1202 856
300 642
1103 810
117 561
309 155
144 729
618 297
156 644
1168 1270
1329 967
1088 1037
539 642
1360 1232
1344 1328
467 405
1104 963
524 453
1246 1164
977 963
956 973
495 180
916 1479
824 883
574 564
919 961
618 461
288 547
1101 996
2 431
1048 933
904 1000
1047 952
1141 1445
68 687
952 1430
1031 1112
219 187
982 1437
394 99
410 536
1131 361
642 23
855 778
317 729
972 1373
747 115
1301 1437
1339 1429
856 1152
36 189
257 493
1383 927
14 1478
756 405
826 1112
1041 1374
515 1277
417 210
1383 1245
1456 792
14 687
787 762
1062 1251
855 1088
930 1108
1449 990
31 541
1461 892
1254 387
489 55
1423 1306
15 389
966 798
363 547
14 1437
881 1037
547 441
1461 1063
729 31
631 1437
1427 1430
851 1000
383 564
589 434
249 764
703 18
935 729
1216 798
1438 1330
1329 276
1217 119
1423 855
560 669
115 55
436 729
570 55
1054 874
1264 855
347 363
1116 963
501 102
181 479
1010 952
172 577
31 574
1325 1191
547 642
1150 1000
417 202
1320 826
563 155
479 798
676 323
140 642
620 634
150 574
1334 773
209 664
1296 642
573 642
935 818
1344 1041
1346 963
15 181
892 1136
591 642
974 1306
1215 988
909 826
162 363
278 737
1420 856
1000 1214
973 1392
1154 919
765 883
224 642
1459 1209
1407 936
499 144
402 23
187 1250
584 179
855 1220
1053 1411
1457 793
278 389
288 23
1000 851
393 224
726 144
387 180
1256 995
739 97
1092 781
1236 1412
574 317
144 472
676 936
180 676
1125 792
1223 878
855 1384
604 218
1351 773
993 941
1293 1159
298 642
238 431
1130 1159
1177 1150
315 972
172 441
907 971
138 155
56 561
151 75
793 1321
855 803
156 640
144 547
118 650
1222 981
389 465
75 467
796 826
826 1461
993 878
664 102
886 1357
1191 971
1083 1390
966 1459
775 1139
975 1270
512 31
1375 1338
855 1187
461 13
410 115
1362 1069
410 189
1245 1270
1437 764
156 756
2 687
219 603
855 1034
892 813
1325 1430
818 641
461 641
428 23
493 687
1487 963
46 301
1364 1153
257 693
626 55
579 669
579 301
1063 1330
157 114
317 405
1432 885
511 548
1167 862
317 85
493 99
501 297
822 1455
1227 1221
714 99
765 1461
72 23
1209 941
238 483
409 55
55 371
1061 1086
1254 1047
1237 919
1185 936
441 729
895 1051
95 341
1185 952
1125 301
935 1051
564 323
410 434
1055 1478
886 1222
1407 792
55 374
981 792
1395 1051
15 729
56 591
387 589
980 1164
1445 1209
938 1317
855 763
793 806
283 548
1411 1301
1461 1067
1429 1112
81 676
73 100
1482 1222
699 468
489 687
615 469
1114 885
118 535
454 736
1246 1121
479 145
42 85
835 1392
524 568
729 323
417 693
172 140
938 963
1459 1051
1105 1008
317 99
1320 1337
460 441
953 814
5 514
89 1153
765 1348
1135 490
448 580
953 1069
793 1389
743 13
465 297
1326 1051
856 810
118 644
454 595
95 726
839 1069
615 961
189 561
1461 973
1231 1427
393 39
249 737
1479 1223
150 99
1309 1295
1200 762
619 323
856 442
852 1330
480 210
1051 741
363 609
644 726
1051 1063
1231 539
1081 1360
1318 1422
980 1250
1051 483
152 461
880 1047
256 165
602 1152
956 892
1366 963
454 621
524 72
23 180
496 331
1214 1037
217 405
1191 1021
56 417
155 644
1420 1232
1217 1459
589 278
1250 729
966 878
806 822
75 363
855 1369
675 535
1130 1328
1127 963
729 72
1477 642
1195 973
1390 1482
259 102
568 367
892 1214
436 743
508 492
498 256
1375 1153
180 756
856 1221
89 72
1191 973
566 634
921 979
556 210
446 72
1041 1482
1375 1069
818 55
1163 276
256 644
238 2
1172 1357
172 514
467 754
1146 1172
22 615
28 210
210 727
699 756
1101 1191
1101 1232
1108 1287
162 115
353 16
495 363
873 1081
399 136
1010 1330
512 144
187 396
1435 802
191 155
1036 1000
55 461
676 202
880 869
431 363
101 297
933 1048
151 1179
1036 781
1185 824
762 1082
781 150
1115 1269
363 16
417 570
612 641
943 1095
417 493
1378 1186
1108 1124
109 664
765 1122
1047 944
737 622
223 1306
1404 963
1131 318
1062 1330
387 115
361 55
479 547
1401 323
935 880
675 192
490 1051
189 556
612 35
927 1330
467 72
886 323
188 155
1048 781
162 650
1427 441
491 155
644 180
1209 1223
218 396
778 276
1413 1223
256 405
775 907
363 155
75 472
899 897
119 588
1479 1306
967 394
1420 170
229 102
559 180
767 1112
1220 1045
1036 1122
1253 1360
768 1112
762 1430
1451 1390
640 574
1217 1215
347 434
1375 779
1031 1153
1131 300
191 589
1328 323
687 55
793 1221
900 1152
1214 892
1239 1153
1444 1065
669 756
669 579
475 229
1486 855
137 363
618 172
1061 1317
561 729
1 642
351 754
856 941
79 224
620 371
1441 855
1177 893
1212 892
1210 1146
55 727
410 297
35 641
363 297
664 465
1161 1179
1236 944
417 687
1088 1041
16 1179
1054 1330
210 114
477 756
167 371
835 1320
1092 980
612 547
1384 1414
935 1430
75 115
1062 1008
818 744
1282 963
781 1051
177 584
1076 1123
1275 973
1468 990
1053 810
754 347
916 1245
499 434
883 539
70 687
1141 1328
835 1100
387 756
1112 932
762 919
1394 1051
454 640
1366 949
21 686
539 623
907 1191
493 726
774 1270
1044 1069
566 441
315 609
855 964
1413 323
587 300
1222 1306
99 489
726 492
618 634
1429 1317
130 575
1274 892
18 642
454 39
1108 31
1133 1390
694 399
1126 855
1047 1172
1164 1055
676 644
5 720
1471 826
326 189
189 535
410 363
762 1041
229 180
363 483
647 466
813 767
1270 1153
363 172
1407 798
481 405
837 1482
420 737
980 1246
492 446
1392 1051
137 441
1381 936
1439 1049
467 301
927 1270
966 1150
1103 1041
1231 980
1155 170
641 114
1269 919
1177 933
238 102
1126 958
508 59
1401 1245
953 824
1389 1164
778 1215
851 930
626 155
389 596
824 1250
642 514
1191 941
8 574
1191 952
1418 1429
560 434
855 1423
860 1209
1131 641
181 46
1286 1479
818 575
1247 963
1231 1185
880 881
460 118
900 952
1384 966
1161 1245
676 547
1435 885
1333 1153
644 577
1191 1461
1325 944
492 535
68 323
1258 1063
19 979
993 1373
512 460
288 97
347 468
1041 1153
669 323
503 563
775 1402
967 1063
317 431
253 210
1413 952
826 1021
1387 1052
1408 949
414 1437
536 754
1429 798
1381 438
515 935
836 1051
754 441
180 210
278 46
879 1245
1410 1051
1475 1153
55 150
895 1270
1432 781
1040 1121
626 741
855 1350
615 835
1051 1040
399 439
150 460
550 547
379 297
185 650
1123 1328
772 1411
1426 1330
264 637
1041 490
150 233
886 885
468 13
15 441
124 72
652 641
727 453
1065 1124
14 932
591 155
807 996
1049 1479
1398 956
1439 1063
878 837
1125 1051
901 855
350 621
508 541
1223 1478
55 23
256 1
824 1121
350 85
500 1479
350 637
1413 1463
772 762
1479 779
1155 1330
1047 949
1429 1013
257 431
777 1045
1222 1179
1047 1048
472 547
806 1051
99 405
952 830
699 577
1413 944
676 726
936 1041
777 1095
1130 1301
1207 949
99 387
118 561
113 14
461 99
1476 941
536 297
1232 1245
573 361
296 1179
1408 1095
512 729
160 172
1461 963
909 514
930 1251
1063 1250
493 102
1351 1009
351 29
1223 1337
536 641
469 431
465 642
855 848
55 615
512 172
573 434
1063 944
238 609
177 78
1218 1195
675 233
980 981
1101 1121
900 922
1329 1408
1020 1381
1131 191
432 55
968 297
814 1455
512 532
326 585
1004 919
1430 1112
1007 855
895 519
1081 1250
1071 1164
481 650
811 1122
79 604
202 186
814 775
837 830
818 119
454 31
387 587
160 645
1101 1179
1432 1463
1133 949
823 1051
1478 878
418 490
1254 762
815 1112
1164 155
1192 1008
1053 919
2 564
1082 968
953 981
669 1063
512 249
1402 1364
760 1270
469 641
409 434
209 210
618 726
109 417
765 1419
492 35
822 1134
699 449
357 55
1445 1021
1153 762
559 472
702 508
495 218
238 155
465 55
1116 1218
1231 297
747 363
189 297
1320 1270
16 741
1135 1126
436 615
1187 818
938 642
40 574
1101 1374
298 64
1185 826
775 1105
818 1223
855 1274
267 483
885 1429
1112 1429
1395 944
880 1048
1177 1069
1384 772
1375 963
1070 1437
1128 1195
1113 792
574 21
269 583
1264 1153
378 483
1015 981
773 1121
155 115
1065 1409
1000 899
1236 1209
1410 1121
18 641
355 155
855 1356
436 687
1275 892
855 1438
1212 1041
56 229
468 115
1360 1413
524 454
1487 1287
56 99
149 72
144 19
901 1007
807 1317
259 283
453 114
177 245
865 1041
109 574
1135 1478
1031 762
585 1233
631 431
481 162
495 202
1101 1112
347 650
762 927
1414 1179
1345 155
818 1459
46 480
1459 1008
1334 1081
1439 155
326 575
524 634
1177 817
55 675
238 664
40 1437
363 574
856 1394
1003 1148
1384 1177
399 512
927 1317
1389 1245
567 323
431 119
512 301
793 1455
257 729
615 387
880 1081
181 393
389 489
1092 762
512 89
1278 1437
765 1317
1126 775
250 727
612 65
493 615
1218 1150
465 591
224 15
151 301
562 446
172 493
699 150
493 490
40 39
855 1215
669 468
389 72
1427 1231
1193 155
560 167
202 465
547 944
1449 1000
73 467
1414 1112
454 29
480 519
855 854
1482 1455
587 979
1076 1203
676 754
1010 1041
144 702
1482 1122
56 492
596 155
1246 1041
1397 963
357 483
755 144
972 1270
489 563
205 155
688 623
329 155
82 46
1101 1045
816 961
469 115
649 55
1313 1179
431 669
101 729
1177 768
618 936
615 436
615 40
1192 1082
1004 1152
861 568
347 563
417 72
1482 1153
916 1047
219 73
980 1105
765 1121
165 669
20 1209
615 180
620 210
210 756
936 1179
895 802
793 1000
775 865
1101 1408
1410 1019
920 979
191 55
189 563
755 798
29 687
1459 818
615 301
377 156
851 900
1065 973
1036 1051
313 85
1166 950
604 389
787 1112
436 180
634 641
124 664
1288 802
181 72
1161 932
712 641
113 363
46 514
394 489
660 180
1108 1384
1439 1191
935 782
622 380
1360 1270
838 777
1384 922
1223 936
238 99
900 835
1313 883
24 570
460 55
631 1179
387 726
72 591
855 1426
1473 1041
1101 1459
539 1063
508 40
855 1047
316 536
927 483
817 1095
137 180
641 367
1226 1317
495 563
99 218
189 154
9 996
387 737
754 162
1414 1317
177 514
967 1317
1047 1158
210 535
387 402
150 1250
379 402
940 919
1063 818
498 454
568 329
187 677
326 641
1231 1121
1000 787
615 642
357 963
942 1270
1048 1045
441 641
762 775
1426 1051
1246 1264
900 856
1135 1070
765 154
855 1202
536 154
15 650
1394 1008
332 434
224 394
217 1021
524 16
177 461
934 1112
993 1277
938 1112
668 154
140 99
972 980
919 1455
1392 1008
1239 1270
1339 1122
191 335
218 461
737 65
1202 1153
560 741
18 524
560 180
911 349
259 519
1328 1245
223 248
1253 1461
660 167
1437 1112
1298 919
16 493
118 676
631 687
796 963
615 589
675 363
1362 1041
743 687
198 323
1334 1209
895 762
1300 855
1236 1330
852 1356
31 349
664 170
855 1399
1484 963
1000 1080
1231 1256
1153 1172
1328 1209
337 454
1275 854
857 741
1427 1063
1215 773
217 498
296 1041
839 1101
855 891
13 566
855 938
691 741
561 623
119 1021
773 1295
436 642
303 741
1007 1185
822 963
508 241
855 1428
499 996
688 572
1222 1268
1359 1051
18 156
469 634
660 209
1427 1325
288 741
72 642
317 641
394 1063
855 1482
454 535
508 1437
1020 1479
763 1000
409 75
1185 1081
1101 1360
454 136
1177 778
1 23
702 677
1041 967
1408 908
115 172
299 514
1286 855
921 1148
1449 835
778 1408
938 1463
335 641
454 589
187 642
676 642
1047 1277
1441 1306
806 1179
1113 878
1227 1187
1191 919
10 641
1425 1112
1432 802
1414 855
390 13
323 155
46 402
399 1437
956 941
264 218
1047 1217
347 535
966 1277
493 483
801 1150
479 961
1459 1041
1103 1095
688 432
492 591
1065 903
1246 1081
980 888
1104 1330
172 570
1414 1348
124 180
835 1121
209 396
1131 333
1101 1330
1489 1000
1352 1122
664 727
278 127
1317 1463
856 971
1394 1121
55 16
891 855
1209 1401
947 1245
519 679
218 301
754 676
1125 1251
1249 1008
943 1245
1048 1270
119 1478
417 575
454 351
1047 1399
765 798
1271 1437
1479 763
225 979
956 1436
85 155
416 154
229 489
1000 1346
669 55
1154 1384
418 756
1152 1021
363 754
484 479
172 229
1250 1381
1209 490
935 1296
703 642
210 664
14 634
483 547
1264 1008
1163 908
15 623
1414 963
1211 1037
1212 155
1463 1086
1047 1245
512 394
980 1472
1041 878
855 1013
886 1048
468 118
855 1030
189 35
181 42
465 563
934 869
1277 980
980 1392
243 55
1195 814
966 1250
809 1179
326 640
1239 893
942 1041
150 677
727 1317
919 1153
177 434
543 640
512 16
264 441
393 181
1036 1245
454 218
1482 855
72 489
618 566
936 1063
735 46
191 642
168 641
644 167
35 55
865 1309
1051 154
1471 1245
469 495
765 1112
495 575
699 288
1351 843
467 1153
460 712
409 233
855 880
10 535
280 615
955 1037
1210 1000
210 55
1041 1352
729 650
449 268
1117 405
1009 1489
1286 1317
1381 1429
1101 950
1065 1153
664 642
1101 1345
775 1384
323 55
855 1054
1185 1179
191 687
935 588
2 754
469 210
1162 1337
465 301
882 1399
743 155
946 855
880 974
168 323
684 493
1244 1008
209 363
729 441
492 664
1185 1399
966 1222
539 483
138 140
647 323
662 621
1117 855
410 517
238 604
669 35
1477 170
560 301
518 779
1115 1306
1010 1379
511 640
676 570
1456 1245
1409 641
993 1153
956 1102
100 729
406 1086
326 154
1040 817
132 155
1038 767
756 297
947 1179
1435 1112
191 172
53 55
305 535
162 642
298 155
1441 802
768 1177
1414 913
1081 1448
82 472
1036 1268
620 150
55 14
1014 1041
1112 644
755 218
1152 1112
892 1037
921 1051
1103 119
387 623
150 461
676 490
1135 1437
816 1144
791 1067
1414 1007
317 493
935 1071
909 856
1439 347
420 194
202 623
563 573
257 664
257 189
290 547
956 1063
1187 1231
149 55
837 1041
765 1251
46 535
1275 1246
851 979
14 729
31 202
356 741
956 1475
32 1437
1130 933
1062 1037
587 65
1430 1055
909 1399
694 741
618 703
659 30
1295 55
900 961
1254 1028
817 1150
229 472
72 563
826 1245
208 81
460 514
1041 1245
1150 775
70 187
1401 1325
885 1051
391 687
857 1021
956 1430
387 89
151 642
1155 1055
1459 539
815 1051
219 405
1036 1041
972 764
1101 786
561 150
46 664
596 55
659 128
1215 1191
574 389
1115 952
1232 1041
1276 875
449 119
1091 1112
645 167
469 347
454 675
664 233
1003 1430
218 13
253 55
311 641
874 1008
1309 1245
418 741
981 1328
521 650
685 1463
966 1191
726 754
1108 869
1273 1328
1310 814
224 8
1429 892
935 1092
204 115
1257 878
490 641
1109 1423
467 712
1482 1055
619 150
341 75
676 756
816 956
1404 855
881 798
1430 566
677 729
1451 935
818 1121
389 189
1217 1306
617 374
818 1245
634 154
29 31
727 641
852 979
385 641
99 634
880 1232
956 908
6 737
1082 964
993 1240
1187 1156
767 1051
934 1437
481 88
1381 1063
1185 966
1153 729
427 332
916 1337
1135 972
46 363
1131 170
1444 855
836 490
363 233
109 389
1360 1041
29 323
460 566
1231 1097
1478 1055
99 641
773 1429
22 1437
934 588
585 467
699 323
878 1461
1058 971
524 591
432 640
755 495
840 119
855 992
1410 1045
454 40
943 1037
563 323
612 512
823 1457
1141 1021
925 1479
855 1459
953 1037
1223 835
967 1112
618 402
512 535
781 615
1113 1153
1214 798
1000 1187
793 913
150 676
725 575
469 621
1481 1270
736 189
268 154
935 764
1047 885
1382 1179
185 90
468 189
855 879
80 941
535 85
981 979
604 109
980 895
535 1179
818 1081
618 493
1445 1479
140 650
605 566
956 1045
855 1128
256 454
1061 1437
477 564
40 13
344 741
610 664
964 1153
46 140
585 144
475 741
1015 1172
483 514
781 1427
82 99
977 990
224 726
1246 1037
155 443
512 155
1000 1161
477 155
72 468
773 1414
927 1051
946 1112
664 436
1479 1121
118 756
1239 1437
712 1245
1383 1081
1053 1430
1401 114
449 1095
967 1479
1382 1041
223 55
524 687
1220 1201
855 276
818 1164
772 828
535 180
826 971
1010 892
547 726
693 363
317 297
1000 1028
281 634
879 155
347 118
855 1095
512 675
659 2
1463 1360
118 726
333 160
449 664
926 963
664 72
227 189
1065 858
1161 1191
335 570
1364 1093
567 204
492 75
144 495
916 1418
1384 490
741 1153
881 879
688 468
13 155
454 14
1052 995
1351 1051
467 693
1236 798
1408 813
82 204
387 468
612 483
1215 895
1429 810
181 675
880 980
880 1092
1191 974
855 1329
775 1145
880 1214
900 781
72 647
570 1179
1172 1112
615 99
1384 1459
438 1270
337 109
316 288
953 1330
1279 963
839 1153
1041 837
1258 1051
1482 490
79 754
1461 885
1037 1163
1408 980
1053 1172
95 233
1246 1240
842 1101
803 1270
405 1051
645 85
1459 1270
483 729
123 798
729 615
855 858
837 1458
1163 855
501 579
559 756
602 1461
264 278
281 191
1401 477
612 297
99 172
772 1220
1168 1179
612 273
162 189
652 155
22 642
801 1008
399 39
273 687
856 1478
1429 1063
669 1245
469 591
417 31
1245 1112
495 89
693 155
536 493
389 65
278 301
223 575
1422 1008
501 178
1410 1306
980 1479
892 963
773 1348
556 468
23 24
1172 885
368 367
150 218
181 102
1000 901
816 1325
144 743
218 297
661 641
797 996
652 55
1192 919
115 963
980 973
72 495
644 693
773 1325
24 170
1250 1479
1434 996
895 1455
895 972
547 393
296 535
1384 964
617 726
295 130
1020 1330
816 461
1104 1293
132 88
204 729
1334 1067
1436 933
1335 1461
257 172
1384 762
683 564
136 973
205 434
1360 872
1175 1346
762 818
762 885
699 351
405 297
180 664
813 1041
570 563
725 798
117 248
1384 792
282 363
895 988
119 1461
224 489
469 1048
1041 1277
754 1461
865 1179
807 1245
765 1101
484 200
900 919
40 726
1325 1266
909 1179
709 514
204 85
515 1223
1041 792
493 233
835 539
756 453
699 641
1410 919
75 634
517 102
688 609
1054 276
377 671
880 936
289 39
1031 1270
559 155
1282 1408
895 792
676 347
775 855
886 1041
816 1222
1161 1135
191 202
1269 1041
583 642
1407 1270
617 729
793 213
1460 1232
935 1069
880 966
56 454
253 297
18 623
1309 979
1162 1317
1154 1130
180 642
943 155
479 297
589 564
1101 1150
953 971
40 363
880 1461
1101 1156
1191 1215
508 127
950 1437
1364 775
1000 1085
566 644
56 547
1081 941
1445 919
100 438
843 1338
361 318
892 939
927 1245
1406 855
1439 687
874 1051
647 1360
556 641
824 1048
157 434
560 634
99 13
495 570
675 572
835 837
151 1153
1189 145
1329 218
492 331
453 798
1236 952
725 326
218 727
75 591
835 826
1319 798
1460 1222
856 729
80 609
808 1048
46 585
211 944
1399 1153
1309 856
278 136
1231 898
725 155
1131 187
55 467
56 650
160 367
90 233
895 641
1200 1437
387 662
18 109
501 641
756 396
259 192
259 323
1209 1360
585 644
40 535
416 170
1209 1172
959 980
1413 1095
1152 669
1185 961
472 644
1345 1301
1008 1392
1076 1245
943 1250
15 189
144 137
259 641
524 688
901 1000
1131 446
155 535
344 55
1054 1479
1333 1135
460 623
191 648
1177 1133
243 23
109 644
1333 1461
566 754
257 570
885 1317
1215 819
1221 1045
1414 1069
394 483
24 23
363 170
1113 817
1041 1121
1408 1164
518 972
1189 118
788 119
303 431
650 248
816 1277
677 23
647 572
612 102
936 641
298 514
238 574
454 363
811 805
181 637
604 1380
625 41
843 1328
956 1210
512 754
501 642
1429 119
1381 1250
604 591
876 855
1408 1121
1362 1475
566 664
532 24
489 712
956 1250
191 572
21 641
1423 1218
1013 996
787 1153
729 490
1081 1223
1246 1478
737 377
387 99
836 1270
144 21
1103 1081
816 971
162 577
1427 1463
1402 854
452 434
1408 971
1426 963
824 480
851 980
1369 980
177 189
851 1051
24 563
568 1
1313 781
615 156
278 754
967 297
55 18
813 1373
1096 1153
1282 1318
72 35
647 468
202 391
942 1245
688 621
1048 1172
115 205
257 118
982 1429
806 1009
363 275
1257 1112
909 878
493 480
209 727
566 172
1463 938
567 641
567 798
508 564
219 102
492 229
1104 1112
1406 1328
99 675
573 566
1047 1461
479 642
219 72
118 347
189 641
156 297
1195 1150
387 530
250 564
1231 782
694 323
16 202
1113 892
477 469
947 1293
99 714
1048 1429
1000 1036
767 919
838 1328
981 1374
218 642
1162 1121
1296 822
205 323
907 775
1362 1209
1053 1052
99 621
393 1437
856 1091
699 156
699 99
481 641
1384 1045
468 150
501 391
829 588
454 72
817 1144
332 156
904 1037
793 1437
1375 929
406 826
138 55
620 233
1187 773
1456 1317
56 467
205 55
501 13
82 67
1115 1150
351 517
895 855
40 465
781 1122
224 288
1000 1307
1478 779
754 1437
363 756
634 575
1427 1245
1053 764
1476 961
535 150
406 963
1162 1170
387 687
72 396
15 264
980 1290
310 29
691 145
1335 901
1003 1245
900 881
927 1360
449 191
1091 1429
1131 483
168 29
892 817
568 514
477 297
744 818
1412 1055
935 1277
953 762
387 374
1144 817
1009 833
1232 1217
909 1437
1177 1437
1212 1051
971 826
587 454
1217 1051
109 363
555 432
461 55
1471 1163
1192 1179
363 189
855 1425
754 591
351 399
1112 1055
1055 767
229 55
1135 1385
644 363
980 1350
1164 817
843 1418
835 980
918 971
160 1021
966 1293
676 1081
156 564
1217 855
1063 1231
1003 1479
317 574
264 46
1476 952
454 192
492 14
1439 1112
1402 883
436 431
1140 514
524 618
460 687
56 585
1015 1408
612 144
1231 1036
402 127
731 493
238 405
162 31
993 276
756 729
836 119
793 944
1326 1430
387 361
29 450
101 363
1221 1244
568 155
10 477
600 512
29 45
387 568
1431 1438
1326 1270
24 23
547 1008
427 564
118 754
332 993
963 1122
1345 1479
31 798
1439 818
1450 1008
685 741
1222 830
826 961
1103 1172
489 572
82 642
1209 1306
1231 830
781 767
1276 1463
1192 885
1276 1179
492 99
1339 855
1045 1000
1185 1306
489 535
781 1091
1333 1126
899 1009
737 1479
953 922
70 519
1000 775
1269 1051
418 218
14 187
1211 1437
573 579
578 641
1223 1429
1172 1348
1371 1051
118 495
297 641
474 979
202 150
363 514
953 1051
857 944
577 754
838 55
998 1256
880 1409
900 1191
278 245
762 1479
115 85
117 431
524 530
657 664
1135 1008
187 660
556 441
1048 1209
1015 1000
1475 1112
953 856
159 729
754 493
747 493
994 1045
1451 980
1028 908
1277 1250
560 675
1459 880
402 641
1112 1455
224 634
56 675
855 860
1317 119
1209 883
604 634
1374 1112
835 1391
495 18
899 1095
202 493
1439 180
454 118
916 865
567 560
394 75
469 570
585 642
1427 1177
1321 1161
191 417
1328 1008
387 514
953 1121
855 1408
1088 1048
519 480
1410 1209
570 301
1472 1164
22 493
498 259
538 210
35 297
626 194
75 609
124 729
1215 1454
855 1374
1222 1429
1326 1463
566 150
667 155
508 202
223 564
763 878
1000 815
1205 1251
256 396
1375 1101
484 55
477 642
1345 1055
561 446
585 23
909 818
417 167
1432 855
1227 1269
1399 1001
46 75
781 1166
886 1461
387 399
736 23
1236 936
441 591
792 786
1193 963
193 96
1117 1051
1244 892
727 566
899 817
99 492
856 1121
238 278
1273 1445
46 150
1329 1437
1199 1081
1072 855
1125 1150
441 55
637 155
1295 1048
729 145
793 1037
15 13
1215 802
99 703
1166 1437
1131 323
856 741
75 644
406 1051
1435 1390
943 782
676 35
688 180
347 519
1372 1437
316 574
387 460
496 140
508 165
573 24
311 514
813 1437
539 1209
99 118
229 687
642 155
966 775
288 405
115 402
524 155
1041 1103
1246 1179
936 878
762 539
1023 810
1162 1095
1313 798
1402 1051
856 1209
536 55
893 741
275 650
568 22
777 964
981 1295
1346 1489
664 729
1216 431
1427 1179
816 1418
911 597
288 434
118 641
981 805
229 591
778 1153
1195 1245
1383 1348
24 391
618 167
943 878
256 189
288 394
1435 1045
143 417
53 446
765 1429
1275 1063
1051 786
1054 1245
477 539
13 297
612 441
743 402
69 641
160 878
1229 109
238 35
1344 775
1257 885
477 936
460 180
1104 1479
585 202
646 170
559 172
786 1437
1381 798
189 669
181 40
16 570
664 301
855 1076
816 1231
454 113
1381 1478
1430 988
21 297
936 1270
1432 1049
775 1215
219 40
1479 803
483 85
936 741
788 1463
66 248
688 24
1000 1088
46 687
155 754
966 1101
224 493
1215 855
1009 854
880 782
1459 1223
155 405
1280 980
282 75
1423 988
981 952
669 642
1215 1185
857 1306
524 737
855 1246
1459 1360
699 517
140 729
1430 1134
781 802
238 323
1091 1051
181 493
972 883
1207 775
1439 1245
434 180
20 180
768 762
661 55
468 561
307 155
1456 835
454 202
773 962
1439 119
287 155
29 662
46 405
784 949
191 726
1437 1148
109 431
317 547
650 642
579 468
20 564
68 641
468 21
664 155
1200 1414
1351 961
988 1041
40 172
144 18
508 391
660 641
880 1220
243 102
454 566
56 167
730 737
1 155
115 443
676 729
1253 1245
79 572
596 641
865 990
467 323
118 145
264 572
1412 964
968 756
865 892
481 229
1004 1222
1262 996
374 75
896 963
1364 963
24 623
454 650
1392 762
1172 1418
1356 1000
787 1330
547 323
947 1148
855 818
801 1245
927 855
1227 979
159 155
23 402
754 89
676 434
855 1200
647 547
856 1406
980 1139
417 387
180 703
1246 1339
1262 855
181 754
856 1021
1236 1172
886 1047
508 708
1054 892
865 1437
72 405
773 1063
1459 806
618 405
981 1036
1209 936
118 18
363 75
1246 988
512 288
468 669
1427 1437
1231 1420
56 89
1381 297
1413 1418
773 1418
1482 1045
257 453
1427 1392
55 167
773 872
274 609
424 671
1423 872
1478 971
492 154
187 460
1125 1101
40 227
729 180
536 73
256 431
631 218
1214 442
1414 1191
1276 826
570 394
1172 1429
191 693
1352 1317
1412 952
1044 1153
1135 1337
80 855
449 389
822 786
1485 855
993 865
1103 276
570 189
1224 1045
383 495
768 1378
711 72
205 563
1420 1051
553 248
1432 808
204 55
843 1009
855 1486
1104 803
1131 2
885 1479
1129 1232
1037 249
290 396
136 1122
1252 813
935 944
556 180
1088 952
669 729
89 493
1194 1301
980 822
180 623
934 1430
1191 1306
492 687
100 85
273 170
880 949
1479 839
101 572
484 675
824 826
465 155
589 621
1375 990
604 202
900 963
967 1152
387 8
1214 979
282 180
927 936
191 449
855 1422
202 577
1108 1295
119 14
296 729
72 150
1152 1455
189 441
101 535
900 1223
1396 1051
489 99
144 27
1051 276
512 154
743 1063
1047 762
1477 483
980 909
495 144
1166 1041
1052 1091
855 784
1062 1328
1047 908
144 259
434 114
1426 767
967 1463
1049 1121
14 150
589 202
328 754
110 323
880 973
16 547
1423 1086
856 1330
82 115
363 396
296 480
835 883
1422 847
1478 490
1144 932
818 810
894 1153
824 1463
980 1051
123 85
1055 1013
454 727
378 55
568 714
89 563
1047 1215
1318 899
900 879
256 102
993 170
1186 675
788 936
778 966
1351 1328
860 1008
615 547
1112 1069
1103 949
189 461
1041 936
1245 892
851 798
1420 779
1360 887
675 170
363 650
1328 855
1469 855
541 31
1004 1317
855 1433
99 187
1037 953
787 1003
953 1270
1191 1051
489 641
1101 834
762 1048
72 644
1003 1435
1487 1435
895 1245
1216 995
475 172
610 1051
1223 932
1384 926
24 641
72 191
956 981
1108 1444
590 591
587 170
965 855
941 1055
1211 1101
87 264
378 85
826 1152
816 1121
389 301
1053 880
136 1437
509 979
46 563
465 405
259 493
1162 1164
1410 1458
1109 490
211 288
1269 878
981 786
1150 1008
101 154
791 1407
805 1051
816 1245
604 620
1246 837
40 449
230 963
394 963
934 793
288 441
489 224
1482 921
787 1148
773 1360
879 170
860 1101
574 754
855 1360
644 604
880 856
56 150
406 1478
880 1420
547 492
1000 843
223 1051
194 535
1362 764
1352 1048
156 467
1317 1051
855 1287
1438 1479
297 405
1309 958
880 754
568 191
189 754
855 935
623 564
532 449
144 660
1405 963
1404 1101
659 503
737 574
1384 1277
167 512
852 988
250 1021
880 1209
1047 1000
524 570
328 564
451 150
1215 1356
492 204
73 729
837 1152
417 579
563 467
1368 1279
1349 855
410 301
480 454
99 371
1177 1463
880 1390
1487 965
1112 1021
264 323
1277 401
579 754
1021 1148
900 1429
1238 1232
1430 932
641 186
1321 1270
1270 1179
387 979
1221 170
1401 967
16 566
1274 1051
699 712
454 434
508 99
1430 826
1394 961
814 1153
880 1459
589 1055
1325 1437
363 405
1047 764
14 483
1153 1051
1007 901
377 754
467 446
492 493
860 814
585 441
1348 990
1177 172
1346 1296
493 669
1131 264
55 391
1328 1418
144 377
956 830
399 609
436 154
387 453
559 1389
981 764
1096 775
1321 1287
773 1051
1149 1461
774 1455
1200 878
469 405
560 323
1414 1091
1222 119
1009 1486
1236 961
29 144
1135 539
711 963
900 349
21 1179
444 493
897 919
1146 1422
699 399
1185 1337
953 1209
1382 23
1211 1000
891 1245
1125 967
1049 1482
524 649
685 371
1104 1277
583 641
1083 897
574 559
561 323
1010 1195
180 347
1286 810
167 405
1162 972
823 1270
1194 963
813 865
356 495
1220 775
35 442
1063 490
490 1463
1152 641
64 741
1101 1461
907 1045
377 737
781 1209
313 72
1225 519
900 1222
856 961
1366 1270
852 818
1328 981
1236 1301
492 603
777 1245
417 145
1244 1159
604 210
1135 1209
664 623
1166 634
1334 1101
1246 756
82 461
501 574
55 480
818 78
1152 483
816 1164
167 29
711 156
1202 837
180 155
842 1251
1055 826
909 1153
644 1179
421 16
635 575
807 1041
1215 1008
805 914
838 539
1236 1479
1459 1048
264 89
1052 1231
1000 1359
980 1351
1041 1422
431 55
1221 855
363 347
512 8
1185 1321
676 1463
1373 817
472 712
566 461
574 102
1177 1295
1007 919
1482 1463
370 979
647 798
566 144
855 903
160 28
1104 1159
892 1274
1317 1245
167 560
1080 1328
729 936
31 441
1200 1478
160 276
1381 741
101 441
852 1091
1435 1306
1430 539
765 1191
1301 1051
644 465
711 102
925 855
874 854
615 687
138 75
782 966
1439 434
117 438
121 397
647 248
1334 1153
669 650
1161 1463
1238 963
1187 966
144 227
737 1112
791 1051
180 363
743 405
289 409
934 980
454 241
604 156
1101 908
648 754
1278 1270
729 641
1430 1429
1168 1051
1332 835
172 641
1055 1164
150 1413
363 283
574 191
524 29
465 172
1223 1063
885 1153
560 40
1326 936
1439 405
377 38
568 377
788 1223
880 1374
168 55
399 570
75 167
432 446
21 642
1250 862
29 589
1227 855
775 1112
535 210
664 229
1282 1051
241 729
1202 1217
170 155
23 55
1223 1330
288 347
815 1041
932 919
984 1270
788 952
1000 865
1223 1461
512 585
1172 1007
1374 878
21 191
1177 1162
189 591
1221 1112
1479 1222
833 963
241 405
754 144
1366 1049
40 191
675 493
1456 1034
1364 1146
826 1381
1384 1013
46 180
1187 1455
995 1437
1104 941
886 1328
559 159
1187 913
136 1295
919 1069
1471 1051
100 754
468 1063
1048 1092
559 150
653 155
574 417
180 641
777 872
335 144
882 962
1051 150
249 23
434 159
936 798
75 72
121 483
1104 1021
1215 1172
851 1133
620 155
396 641
1328 1199
823 963
24 55
325 1159
1231 851
1334 810
1051 1478
838 1179
1217 1245
1168 1306
467 288
512 210
1246 1429
1257 1461
1215 805
347 154
1434 855
283 23
1047 826
1135 1277
560 621
968 539
35 154
1478 1401
1334 1051
492 434
1430 967
256 154
1007 1437
1185 1164
211 642
907 1009
880 851
642 1051
955 775
1309 1051
555 15
1339 1455
583 493
259 387
1186 963
202 23
762 1063
477 729
676 189
274 363
363 729
567 514
264 389
170 65
1152 810
68 495
840 919
1463 394
604 756
563 89
553 556
1418 1153
1101 1009
765 55
75 461
895 919
773 1245
1103 1191
257 454
699 275
204 78
205 650
1103 1337
1031 1232
1478 1103
1015 1153
416 363
1191 764
55 585
1040 1437
1063 1223
118 218
699 170
22 24
377 687
393 754
855 871
1215 1479
816 878
1045 1306
765 988
703 154
1104 1051
1121 1164
1081 855
1063 1463
477 181
1048 500
99 480
14 1479
575 156
1161 1069
1063 1437
434 514
349 1463
1047 798
490 967
1081 762
644 102
855 1157
1271 855
1101 956
787 1164
18 23
796 988
518 996
156 465
620 218
886 762
1408 979
1101 1068
18 726
150 535
1449 878
680 641
675 483
1244 1306
1252 1479
31 642
468 810
604 417
144 460
1414 810
332 314
1040 1164
1063 967
604 561
900 901
547 40
434 363
1113 480
1115 1245
1068 1437
573 641
468 465
855 1270
326 323
1346 803
904 1330
1041 1478
1460 1153
181 729
296 641
1177 1121
512 276
142 363
1384 276
729 1430
765 641
357 23
583 798
1360 1231
40 124
1301 1000
253 431
974 332
1041 895
278 1112
892 1232
1209 1461
283 155
644 642
788 892
389 202
816 1455
778 980
1131 1229
180 712
620 483
1130 775
479 990
16 579
40 374
959 826
961 615
1232 1270
1177 1101
75 623
855 1161
1041 1112
622 737
1125 1008
852 936
1103 1437
469 535
1408 1221
150 1325
1330 990
180 566
1125 1122
688 399
1200 1461
1222 885
1384 862
40 566
1085 938
916 1081
856 1069
177 102
46 99
1325 956
977 979
1106 855
1052 1417
966 935
688 335
480 186
675 963
1047 1478
873 963
762 966
574 38
1126 1441
806 1455
859 1461
1351 664
755 150
1412 1153
1103 1418
1037 1334
27 641
1339 1231
162 99
1479 1461
512 495
1374 1101
835 1086
808 1051
1256 1101
465 489
144 24
1459 830
993 1245
1250 1231
181 714
368 75
1150 1437
1429 826
1177 1232
1166 919
444 55
1031 1128
210 434
574 501
855 972
1047 1317
99 417
1411 1209
699 13
921 810
736 493
508 33
460 99
941 855
818 1430
344 155
566 31
1212 762
121 204
933 878
89 55
604 13
855 1219
460 155
24 154
1125 1000
822 950
1166 1478
934 922
995 1426
264 393
927 990
1313 1463
826 1478
144 645
101 189
1051 936
444 155
87 278
775 1478
461 155
1108 1310
755 180
165 675
561 634
918 781
754 371
512 703
217 363
935 1048
1215 779
935 961
806 971
444 644
90 642
1427 1445
956 839
856 1306
119 967
1037 865
1277 1479
363 394
1384 1246
46 115
1166 963
852 803
570 288
1053 900
489 492
1473 587
703 389
1384 1214
699 642
535 394
468 615
327 798
1113 1069
495 664
1254 963
1384 1308
880 1172
56 727
467 547
1165 1069
142 454
793 1065
151 641
515 642
431 493
68 297
123 155
966 855
855 954
202 729
217 156
855 1411
438 155
1154 1093
1104 1348
1246 881
561 189
647 46
155 172
809 641
414 241
791 1245
644 202
191 278
703 570
1444 856
14 118
843 1215
585 990
760 1194
953 1296
1384 838
1369 1323
807 1277
1278 930
1131 460
813 941
773 1463
781 1357
972 1112
434 637
1063 756
589 335
855 1308
118 363
604 16
454 417
559 394
944 764
1384 1055
40 102
1162 1390
422 155
562 55
387 114
89 693
257 579
1141 1209
56 18
574 541
1041 1101
726 374
1047 1215
1295 1150
855 766
1194 854
472 493
1408 1167
900 1390
229 492
1328 539
1054 952
8 572
887 155
909 1478
712 756
100 155
219 443
1172 1445
918 961
743 446
21 210
1210 1037
568 694
1162 641
604 729
816 762
851 1041
650 687
574 688
23 495
101 489
699 609
460 535
1153 767
1053 1463
900 490
535 55
1410 1091
377 756
454 756
1239 276
775 777
1282 798
82 102
1051 885
1101 862
852 1166
373 677
815 1092
259 189
289 532
539 155
460 202
661 495
512 118
434 229
119 312
959 1245
492 323
1408 1021
615 446
739 492
1425 1100
113 170
610 467
669 1134
773 955
160 495
451 664
1352 980
454 55
1108 764
1063 483
574 1067
729 483
981 1222
378 210
981 1245
13 641
956 1308
1351 955
1152 786
585 687
1333 490
1246 824
1410 1417
1000 1426
644 118
180 387
113 1179
1013 1051
40 508
1423 1041
726 493
73 641
1164 767
15 27
859 878
892 1478
1333 944
220 155
1048 1101
972 1430
1020 1317
897 941
992 1153
559 144
1320 1051
1185 1461
568 477
1103 1048
189 102
469 159
1000 842
56 676
1333 1134
743 99
205 493
1074 990
72 566
729 489
1479 1351
10 72
965 966
699 405
702 572
1041 1461
856 1223
1031 1191
99 145
434 465
1104 971
438 210
994 963
1131 367
892 1306
1001 941
762 810
855 825
852 1112
1053 1330
1162 1101
1223 150
1172 1150
615 535
40 389
922 1210
1359 1000
144 145
968 898
389 756
855 1139
1246 1482
1112 855
1009 1154
16 180
1449 1112
1231 1042
1051 944
29 202
28 641
919 856
676 1063
883 1051
839 1067
1435 1177
786 798
15 40
1408 1029
824 1164
933 119
966 1348
472 323
775 843
807 312
977 1179
947 1306
1320 1152
644 417
604 405
801 961
524 180
363 202
143 641
157 729
1047 1048
880 1112
754 712
326 725
1037 930
664 547
1277 1461
982 810
726 35
600 963
892 788
420 155
347 431
1317 1055
75 102
468 644
1108 1222
1131 157
160 659
781 1222
467 489
574 301
640 687
229 465
119 1086
880 885
1313 932
297 72
1108 1320
489 154
1131 575
99 727
1274 855
14 460
55 118
117 515
850 854
600 1148
109 180
931 1045
808 539
812 963
1384 1271
907 1245
1065 1196
1352 835
10 575
495 1055
570 644
918 1051
144 687
288 180
417 477
676 31
1209 119
781 1328
1307 1000
900 1479
118 703
431 577
874 1441
436 323
628 85
922 953
882 1150
14 669
809 16
1487 1270
755 669
55 650
726 405
492 675
765 782
566 483
762 944
1313 1301
814 1251
900 878
1221 1164
1384 1093
1195 798
1192 1126
288 233
1321 835
1410 1463
1162 1463
180 615
974 297
1177 442
736 650
465 535
1104 1337
479 535
1429 741
299 204
278 387
855 869
1161 1051
1222 764
855 1026
568 363
101 115
119 1463
493 150
1408 807
559 1463
735 741
191 623
1108 1101
773 798
1352 1041
162 29
691 65
602 773
155 39
1387 1000
535 323
371 756
989 1051
115 798
434 102
615 676
1131 731
536 323
1101 1348
1449 1153
1328 1041
189 233
238 741
73 756
312 547
1052 1153
1412 963
1394 1055
943 1217
781 822
1256 1254
1320 779
1135 1069
21 1153
167 162
1162 1270
1091 1191
387 299
1427 1081
709 170
189 410
365 641
589 640
396 35
1062 1209
21 725
1063 826
167 441
966 1306
1000 908
602 1478
1381 150
99 729
202 55
1246 1463
165 256
1238 1270
1054 1055
1309 1305
693 664
387 729
168 363
1373 930
1441 1330
919 941
1227 781
640 609
1460 1051
155 347
1383 855
351 99
864 878
479 484
1000 1475
644 1245
273 155
326 155
1144 1166
556 405
1296 1455
703 233
1329 1325
363 676
1399 865
956 1325
1222 588
1463 741
1112 963
618 544
512 472
1074 55
773 1070
1004 1150
824 1245
393 264
55 387
387 493
1104 1000
631 442
801 963
1456 1170
479 431
178 55
469 150
729 563
1215 1411
347 405
860 1041
524 512
1031 818
1427 941
1000 1062
1221 966
1277 1245
664 180
1313 1008
480 967
775 1364
1161 1437
23 154
1117 1277
807 1191
956 1437
1407 1112
604 570
165 55
70 741
454 167
1257 1048
1041 1144
75 441
1124 1179
729 150
856 1041
1329 741
1482 119
13 180
1223 1437
573 99
851 829
855 1406
55 154
177 67
791 1153
259 233
559 483
1364 1479
1431 952
1328 762
415 155
1000 1103
493 563
277 564
940 908
1296 1231
547 89
454 460
855 1296
855 1154
922 1153
150 566
662 170
1362 974
1329 1250
1369 764
1065 1064
89 588
940 1095
1431 1437
661 168
1387 803
303 210
880 1071
573 561
907 862
879 483
1364 1041
1355 1179
612 664
971 1045
1477 130
1185 539
18 155
238 434
202 218
181 278
615 144
503 575
1275 879
1236 1250
953 1179
363 180
1369 961
1131 39
191 297
229 396
189 642
124 561
1101 813
1103 971
1047 878
222 287
660 187
180 297
1015 1051
21 29
1245 1051
495 579
224 85
377 155
865 1000
469 72
1146 855
647 24
1479 801
620 729
762 1166
454 154
1133 1152
688 574
851 1287
383 641
1303 990
981 1148
1200 855
1339 1051
835 1325
909 991
886 1348
765 1063
855 1377
1290 814
1162 826
1061 1479
1087 1008
18 604
29 55
1057 945
989 1000
612 233
927 1463
577 248
468 547
1280 792
1410 936
1037 900
878 855
933 1232
41 687
1191 907
385 155
1449 1051
1112 1191
547 1112
468 574
1266 1223
1164 1041
167 75
981 1323
1325 798
1133 963
469 102
1045 855
1426 1063
524 377
23 1380
756 535
144 468
1125 963
99 693
14 297
1408 1101
1410 952
1179 1153
301 623
1150 1101
1325 941
238 547
1185 1222
1129 855
729 547
140 726
936 1209
618 650
814 919
855 1064
167 154
454 676
801 539
1192 1437
856 1317
1271 963
396 150
573 563
1177 767
84 535
539 941
1161 1223
618 394
1275 1065
75 107
676 493
257 323
956 1381
220 96
431 387
1384 1101
563 726
377 143
191 1477
394 644
56 563
568 641
1435 1209
981 898
1263 1479
363 39
1427 1330
922 1430
202 29
259 535
469 417
579 563
155 623
524 118
572 596
1368 1055
100 480
524 535
72 417
1152 1461
1101 1436
238 154
124 560
1179 1463
483 119
1222 1088
172 642
856 1471
659 408
1320 1164
1004 276
428 65
828 855
1081 885
617 641
659 241
749 155
1437 1086
296 941
1047 949
856 1095
886 810
737 130
117 237
436 434
40 180
387 461
1383 1215
1051 588
855 1185
730 671
617 621
856 1408
31 493
787 1000
1362 1153
775 170
1459 1232
55 687
727 99
1149 963
729 1179
676 483
1431 1112
1352 878
1168 767
20 55
202 484
328 119
180 687
765 535
268 29
824 830
155 687
13 642
180 187
934 1134
815 963
852 944
561 1179
781 919
967 1461
772 1306
676 650
1013 767
956 990
1457 1164
210 35
477 202
524 615
361 573
394 729
72 13
988 878
393 75
15 118
238 641
1381 1270
150 641
1271 1000
775 763
1426 798
454 1317
480 443
156 323
1239 1245
788 477
75 347
959 855
347 712
1407 1051
573 493
1163 802
492 97
1177 1392
755 16
277 96
618 55
46 155
532 155
387 675
852 779
1214 1478
1025 802
72 99
399 432
775 1328
981 1092
855 1053
935 855
729 118
852 798
109 96
1021 767
755 483
15 29
218 417
739 402
493 189
1048 1051
512 434
1408 1081
431 145
1041 938
387 561
1112 1270
547 278
27 155
1000 1301
69 564
503 363
168 661
754 202
1045 1051
574 468
644 650
162 754
1212 1053
980 1475
829 490
1351 1191
807 1293
172 297
1202 869
1082 1150
950 1101
524 434
144 575
1130 854
773 963
1071 312
389 644
150 396
880 818
1482 1101
1180 1153
965 793
1360 1081
1162 1330
1227 966
1207 862
55 156
168 699
347 591
1214 1433
575 1041
87 1437
824 961
113 55
1185 817
24 623
1410 1245
89 374
824 729
1037 1489
1177 824
793 1457
1362 990
468 35
855 835
815 878
669 170
14 577
837 1112
1246 1266
575 24
1063 1270
982 956
70 489
452 55
645 155
100 434
100 405
241 764
535 155
1103 1478
460 754
289 155
880 1052
1227 1245
167 585
568 23
1450 930
468 180
781 1179
938 1051
856 1435
1031 1041
202 604
454 155
1362 1045
559 729
1320 1021
765 1330
640 55
1131 15
1155 952
921 1055
922 1330
988 826
1231 916
1020 826
40 1270
574 316
972 1141
191 40
1427 145
1441 963
278 55
1298 1217
207 547
264 191
782 1331
851 276
1217 1223
1052 1092
465 634
1051 1086
1439 810
1372 1209
618 387
181 514
1166 1092
1191 1112
856 1411
454 159
796 1245
490 963
1152 1463
754 460
998 810
688 726
855 1232
1040 810
177 204
121 85
167 55
1421 990
972 1152
754 650
1333 1041
524 736
1257 1232
15 547
1429 1051
620 396
1479 1081
998 1330
418 1086
489 591
885 642
1058 996
28 1270
827 854
259 220
278 1055
1200 1153
278 574
387 233
1384 878
1381 535
147 55
842 870
1321 854
714 155
316 664
350 642
1037 1274
124 495
1054 1051
75 660
460 218
1427 1250
950 1293
1101 1251
223 417
524 405
855 966
56 144
55 218
288 24
953 835
72 693
1477 189
803 1479
644 560
1348 762
1408 781
187 72
55 563
1234 907
1412 1293
1051 818
781 950
711 297
729 114
900 1214
1215 1130
547 145
29 167
16 535
835 1337
12 96
843 1150
837 1164
1051 988
765 963
188 649
1317 919
1222 1223
980 835
1117 323
754 1330
350 493
567 8
1399 767
1439 99
454 142
793 950
1054 1427
1152 14
85 641
2 18
942 963
892 1223
55 27
14 591
980 1125
618 204
1131 13
852 1293
140 55
830 1101
1278 1041
1131 477
937 1232
801 1153
1280 856
1169 1153
1362 826
1439 1418
321 399
836 826
635 301
524 465
806 539
818 1207
1276 741
224 1001
470 729
618 741
390 1325
702 434
919 1067
1203 1437
172 726
559 480
880 500
1252 1048
340 283
1414 1384
326 363
1351 880
165 660
851 1093
1117 932
406 818
467 641
1320 988
747 563
5 1437
264 641
479 662
1351 1461
934 1479
560 154
927 1429
642 591
296 1430
577 65
256 16
55 495
140 641
1266 932
387 434
490 729
880 1185
317 514
363 675
604 648
747 454
1150 1223
904 1270
1036 1112
512 609
689 138
711 39
816 826
855 812
1444 1420
1374 961
726 99
1209 1392
618 756
1432 1479
539 1245
1246 1413
1410 974
675 1437
484 615
288 664
1479 1459
489 363
585 167
307 434
1329 1352
387 22
40 85
613 399
851 904
389 563
1392 483
922 1346
634 465
144 623
1479 1042
754 729
703 323
468 664
1214 1250
610 1041
55 405
480 1437
852 1461
24 741
1040 818
1461 1045
1461 535
1061 1051
189 729
387 16
809 596
422 519
536 483
1459 1217
1403 393
368 160
1185 1148
144 154
467 248
782 1250
602 155
1459 1231
865 801
1274 1411
1054 826
967 798
1350 855
75 712
55 229
536 644
1231 872
1150 1197
675 798
824 1437
1177 1250
1414 1164
1095 1160
1044 564
299 642
1192 1051
229 46
596 301
1101 1350
1135 1063
956 826
1246 883
75 585
1286 1245
1000 1318
461 189
1321 908
880 995
229 402
702 596
40 454
1154 775
676 1478
664 154
824 779
1185 1334
1411 1053
480 535
1093 1251
259 405
631 394
180 591
830 729
1317 878
855 856
1153 1419
788 641
508 55
512 297
900 1437
840 973
604 726
56 14
1381 826
1199 1348
909 1479
1161 1231
851 842
180 754
623 323
773 1191
363 623
259 276
664 218
1163 793
644 351
596 431
1217 1177
859 996
1321 1000
310 564
662 1437
1410 1071
561 144
1040 1245
617 662
90 729
449 741
205 514
1479 883
489 577
602 1317
1164 1478
1007 1081
2 644
1191 1478
854 963
604 99
1209 1351
168 155
1103 1055
1048 885
1101 1482
568 8
241 483
391 27
935 1317
99 495
852 1217
396 209
1325 119
1410 1253
1423 996
612 180
1473 1067
1048 1222
121 475
946 893
202 669
1058 1057
647 434
479 490
818 1139
722 687
109 756
1384 1418
880 958
56 22
363 65
387 615
1028 810
501 323
241 276
865 964
303 798
317 644
1115 1041
1040 941
566 55
855 1141
623 465
943 1112
55 85
1191 539
1402 779
1001 1357
935 641
1329 1270
238 422
1125 1069
980 963
935 949
841 1270
1209 961
618 524
1040 1461
878 988
618 561
855 839
305 114
18 55
1369 1164
410 227
702 144
955 1135
942 1479
1028 1179
741 204
472 563
547 97
836 588
815 1153
916 1306
648 224
855 894
1185 919
556 489
493 202
1141 933
493 547
1290 963
118 323
574 18
1226 1051
1459 490
1051 1270
577 640
1172 966
870 963
253 741
1065 295
399 155
585 729
1113 1021
1473 1069
1036 792
1061 855
1429 1222
1301 1122
151 89
1209 1152
736 168
75 741
441 31
85 229
82 1099
313 172
460 615
573 297
508 316
1222 1123
1040 1418
524 23
495 23
1161 1021
55 547
572 489
539 664
702 493
556 150
191 85
1177 922
418 158
387 72
241 798
856 779
1269 1153
56 570
56 460
23 677
1051 810
410 389
218 55
1191 1258
711 623
762 1268
477 405
1437 1101
436 640
1162 1277
1252 1325
1359 1232
1103 826
1431 1479
1047 1000
8 387
618 89
1108 754
1375 995
801 1069
1360 968
743 729
204 492
469 483
144 577
460 726
855 1214
1456 1390
393 572
1036 993
1487 1251
278 514
1360 838
703 641
524 567
157 115
556 492
880 916
1054 1461
202 563
287 574
807 1455
185 1085
956 1041
676 55
350 389
604 189
278 1437
259 155
851 908
512 45
602 301
14 434
935 837
688 218
1096 973
1051 1013
1101 1317
1427 963
775 1199
1131 8
937 1479
467 363
604 687
642 55
1346 855
1364 946
75 387
1162 1048
1313 908
855 1007
568 227
1436 816
202 495
1135 1317
167 563
1287 767
943 1390
1212 1148
1140 963
191 754
938 1217
956 1091
